-2.500000000000000000e-01,-3.141592653589793116e+00
-2.500000000000000000e-01,-3.141592653589793116e+00
9.171845763921737671e-02,-3.141592653589793116e+00
4.879899919033050537e-01,-3.141592653589793116e+00
6.364652365446090698e-01,-3.141592653589793116e+00
6.542038023471832275e-01,-4.718657479024246371e-02
4.786296039819717407e-01,1.656931445274034687e-01
5.578949898481369019e-01,3.572452503443397376e-01
6.533834934234619141e-01,2.641982301510381603e-01
6.908089518547058105e-01,8.332481773883104736e-02
5.242866873741149902e-01,-4.376938541058850163e-02
5.139149576425552368e-01,7.108678942040076443e-01
5.250879973173141479e-01,2.465814195401643261e-01
4.378158450126647949e-01,-5.007584033746406149e-01
3.443965539336204529e-01,-2.631005500511132134e-01
2.974441125988960266e-01,3.344647368273712118e-02
6.104148775339126587e-01,-7.438861190998919959e-01
5.656754821538925171e-01,-3.148903779796117242e-01
5.188221335411071777e-01,-4.558516401191279321e-01
3.456190079450607300e-01,-1.544279731163555880e-03
5.317417383193969727e-01,-6.586241637572185503e-01
7.132170945405960083e-01,-3.609412602065575904e-01
5.486436784267425537e-01,-2.045658505430689722e-01
3.928282707929611206e-01,-1.609552561124765191e-01
4.644048064947128296e-01,-1.646005202723603844e-01
7.094639390707015991e-01,-2.733362016413725115e-01
5.721929520368576050e-01,-7.615263364000357527e-02
3.895560503005981445e-01,-1.876006821614235598e-01
4.156561046838760376e-01,2.450661641036910865e-02
6.293500810861587524e-01,-4.432582795322539404e-01
6.404159069061279297e-01,4.136242873975337631e-02
4.426091015338897705e-01,-6.497884194387149037e-02
4.306989014148712158e-01,-7.542197042780696137e-03
4.739203155040740967e-01,-6.444198611881457595e-02
5.485688745975494385e-01,-1.926872366196907826e-01
6.036536991596221924e-01,3.848621476246760764e-02
5.666116476058959961e-01,2.329546068087173794e-02
4.342961162328720093e-01,-1.098451584403283832e-01
4.193440675735473633e-01,-3.242781456578169852e-02
6.542149782180786133e-01,-1.453877479604179790e-01
6.427569538354873657e-01,4.036549103043896025e-02
4.670041650533676147e-01,-3.638148526346363099e-03
8.020466268062591553e-01,-3.141592653589793116e+00
7.584124952554702759e-01,-3.141592653589793116e+00
7.631768584251403809e-01,-3.141592653589793116e+00
9.477438628673553467e-01,-2.152196954064709900e+00
8.213776648044586182e-01,-5.139537840094945409e-01
7.842592000961303711e-01,1.983591455631792400e-01
8.014565408229827881e-01,-1.886245843767748731e-01
7.691340446472167969e-01,-6.999178704572801557e-01
7.438037097454071045e-01,-1.571506392120540774e-01
7.461372315883636475e-01,6.621007125008571137e-01
7.200452387332916260e-01,9.429102018918040784e-01
7.280579358339309692e-01,9.301649787049575124e-01
7.110746800899505615e-01,1.040863264155736267e+00
6.823456287384033203e-01,5.721793279656837150e-01
6.675911992788314819e-01,1.528524220483422624e-01
7.064449638128280640e-01,-9.755402502528642827e-02
7.469818145036697388e-01,-1.714240383278475832e-01
7.428445965051651001e-01,-1.627669338618407124e-01
7.282638847827911377e-01,-2.628632998486901684e-01
7.109011411666870117e-01,6.854377434618674769e-02
7.282586097717285156e-01,6.034656451092299534e-01
7.247636914253234863e-01,6.033997318722508219e-01
7.072708159685134888e-01,6.740276378308847072e-01
7.245717793703079224e-01,5.624859625523916939e-01
7.224793434143066406e-01,-8.798705573404319580e-02
7.206218242645263672e-01,-2.230037678134739743e-01
7.511375397443771362e-01,4.250576124642715392e-01
7.812711745500564575e-01,4.843031263120152197e-01
7.644138932228088379e-01,-8.103489451433709689e-02
7.863981723785400391e-01,-5.216602023841820923e-02
7.995422482490539551e-01,4.431118472841912848e-01
7.915177047252655029e-01,-5.814296515645045460e-02
7.937718778848648071e-01,-5.424116368218623307e-02
8.156829774379730225e-01,-5.270699564078640265e-02
8.076109141111373901e-01,1.139531260336679175e-01
8.052940219640731812e-01,1.399869821054133823e-01
8.071009814739227295e-01,-2.087721262313348980e-01
7.793243825435638428e-01,1.499338887768608686e-02
7.903751283884048462e-01,1.621930018409827312e-01
7.970657646656036377e-01,-2.518537294844644947e-01
7.798625677824020386e-01,-6.996090894124540327e-02
7.991027683019638062e-01,1.615960376378846597e-01
8.184763193130493164e-01,5.357248138317016739e-02
8.061892986297607422e-01,1.542343529827410187e-01
8.485245704650878906e-01,9.820398197288771058e-02
8.365471661090850830e-01,1.739585146418143324e-03
7.922630012035369873e-01,-9.800980007871817890e-02
8.229600787162780762e-01,1.616121414401012757e-01
8.424465954303741455e-01,-9.680875603898453363e-02
8.201839029788970947e-01,6.929690798008270036e-02
8.293975591659545898e-01,1.766549652455218222e-02
8.133906722068786621e-01,-2.462080360329568229e-01
8.170593976974487305e-01,1.909686238668584224e-02
8.330887258052825928e-01,1.659376976168784878e-01
8.253176510334014893e-01,-2.108012053106231853e-01
8.095119297504425049e-01,2.568668805651874720e-02
8.140425831079483032e-01,-5.013544313101681027e-02
8.118116110563278198e-01,4.147365732715613262e-02
7.992351800203323364e-01,-9.899213201392909056e-02
8.142163455486297607e-01,-1.132509253556346351e-03
8.084003329277038574e-01,-2.387566569445369602e-01
7.979818284511566162e-01,1.213339105472543977e-01
8.177447021007537842e-01,-1.186831498009999208e-02
7.943846285343170166e-01,-6.355084664499255354e-02
7.765693068504333496e-01,1.352067743962894752e-01
8.011951148509979248e-01,-2.029092187034176042e-01
7.850293517112731934e-01,-1.501535371489528536e-01
7.846769988536834717e-01,1.909289261218578559e-01
8.239813745021820068e-01,3.310679580807596167e-02
8.069688379764556885e-01,8.679462535596016437e-02
8.247950673103332520e-01,3.106580740528794848e-01
8.584015369415283203e-01,-1.908543992232258901e-02
7.918053269386291504e-01,-2.166790931196720393e-01
7.955920696258544922e-01,1.450510661419834868e-01
8.471958488225936890e-01,1.301823881047186049e-01
8.317199051380157471e-01,-8.323662133366838134e-02
8.176627159118652344e-01,1.969607363195358118e-02
8.340220451354980469e-01,-8.334354309024583074e-02
8.129131495952606201e-01,-7.658668728579343110e-03
8.255319148302078247e-01,1.049971649590837330e-01
8.324892520904541016e-01,-1.715406972671607022e-01
8.105874955654144287e-01,-4.045050412586181920e-03
8.197156786918640137e-01,1.231098228754170520e-01
8.036335110664367676e-01,-3.327363868918009615e-02
7.941154688596725464e-01,-4.674989959525355232e-02
7.942425161600112915e-01,2.308573674502811812e-02
8.069047331809997559e-01,-2.787843426354563725e-01
7.961058467626571655e-01,-3.333393432073528118e-02
8.031574189662933350e-01,1.407738213718556786e-01
8.097698688507080078e-01,-7.561221999817746564e-02
7.772384285926818848e-01,-5.950242566915209252e-02
7.928067743778228760e-01,7.613840237292812674e-02
7.981196045875549316e-01,-2.439606193561738579e-01
7.773561328649520874e-01,-1.592928194138876208e-02
8.076952695846557617e-01,1.630356426546404336e-01
8.186565637588500977e-01,3.479432447756147795e-02
8.061467856168746948e-01,1.869310635948364663e-01
8.577879369258880615e-01,9.748155791531187830e-02
8.227398693561553955e-01,2.025371459708091848e-02
7.843630462884902954e-01,-8.607669538272366694e-02
8.283891826868057251e-01,2.306671178799071242e-01
8.389157354831695557e-01,-1.337761575482123710e-01
8.165005594491958618e-01,8.415285277838568945e-02
8.300144672393798828e-01,2.842358541927936244e-02
8.154845833778381348e-01,-1.597070241871776375e-01
8.148267716169357300e-01,-2.321437990924657413e-02
8.343851268291473389e-01,1.423388862430896573e-01
8.263992965221405029e-01,-1.904439395202195406e-01
8.124242722988128662e-01,5.503156076539728048e-02
8.129720687866210938e-01,-6.580500444828452089e-02
8.097318708896636963e-01,-2.452646528286805960e-03
8.028361797332763672e-01,-6.548760974180689587e-02
8.191753923892974854e-01,-2.518428687806428812e-02
8.078654557466506958e-01,-1.615602722166826766e-01
7.999461889266967773e-01,1.574461252573766679e-01
8.170315921306610107e-01,-8.616077221057505398e-02
7.908231467008590698e-01,-1.924273287420552592e-02
7.823745012283325195e-01,1.767969034092446989e-01
8.019307553768157959e-01,-2.394204706521851911e-01
7.830244898796081543e-01,-1.444331295453009645e-01
7.862521708011627197e-01,2.190004749345426660e-01
8.221953809261322021e-01,4.939897505988000148e-02
8.030157983303070068e-01,8.838815276134415200e-02
8.280715644359588623e-01,2.806342201017066884e-01
8.540648967027664185e-01,-1.725129175126083325e-02
7.915488183498382568e-01,-2.091428881893442338e-01
8.022937923669815063e-01,1.422149244167250082e-01
8.506239354610443115e-01,1.156537624491433824e-01
8.338728249073028564e-01,-5.177672018250811803e-02
8.167822360992431641e-01,3.072006251676828725e-02
8.309795260429382324e-01,-1.426583407382233659e-01
8.083399832248687744e-01,7.153121691087527267e-02
8.254366517066955566e-01,1.003566483715125912e-01
8.304086178541183472e-01,-2.151048528262449189e-01
8.116080760955810547e-01,5.282421634064338178e-03
8.216102570295333862e-01,1.317635567781691996e-01
8.011713325977325439e-01,-2.660909886720297379e-02
7.899424433708190918e-01,-3.464882849706985013e-02
7.943005859851837158e-01,1.842387325684446964e-02
8.052022010087966919e-01,-3.019062193087145296e-01
7.962709367275238037e-01,1.581842786101406162e-02
8.046590089797973633e-01,1.012944139703568780e-01
8.070928007364273071e-01,-8.210411208011203499e-02
7.758578509092330933e-01,-6.050198492766423186e-02
7.965644598007202148e-01,4.866906086173772295e-02
7.975946068763732910e-01,-2.149290217764616706e-01
7.774671763181686401e-01,1.120936986381959599e-02
8.137192875146865845e-01,1.467438379098648937e-01
8.175638318061828613e-01,3.165520656641440667e-02
8.102218657732009888e-01,2.326250406238199453e-01
8.617560863494873047e-01,7.448794989924367727e-02
8.156743049621582031e-01,-1.322234514089126733e-02
7.891232520341873169e-01,-1.750352223481588254e-02
8.299826383590698242e-01,2.218253814489519193e-01
8.371289372444152832e-01,-1.503025909462132326e-01
8.165704756975173950e-01,8.524491527288624582e-02
8.328018188476562500e-01,3.600061161569101387e-02
8.106026500463485718e-01,-1.633077220106948779e-01
8.136223256587982178e-01,-2.988097951987933598e-02
8.396548628807067871e-01,1.204201133982207850e-01
8.242537081241607666e-01,-1.528880002160297735e-01
8.116821050643920898e-01,8.580779933640947377e-02
8.085720390081405640e-01,-8.710490442890028717e-02
8.046261072158813477e-01,-2.671976569406320223e-02
8.023650497198104858e-01,-3.665862046440082622e-02
8.169050812721252441e-01,-7.307867995177952380e-02
8.042650818824768066e-01,-1.044633051902525978e-01
8.030821382999420166e-01,1.685779721663398512e-01
8.134172260761260986e-01,-1.289774117411877086e-01
7.859268188476562500e-01,-2.220040213014495833e-02
7.799029350280761719e-01,1.707257699735964529e-01
8.004697114229202271e-01,-2.313680077833564219e-01
7.817310392856597900e-01,-1.368355054623329181e-01
7.898772656917572021e-01,2.210658811955750203e-01
8.227911442518234253e-01,7.041293892439437485e-02
8.044074177742004395e-01,1.055926311340682489e-01
8.296601474285125732e-01,2.379992164798157006e-01
8.491636514663696289e-01,-1.359535414107027052e-02
7.914138138294219971e-01,-2.042123159083608641e-01
8.077252209186553955e-01,1.407086571489331028e-01
8.495313823223114014e-01,9.737369989116340108e-02
8.313590586185455322e-01,-4.270503643618139833e-02
8.193300664424896240e-01,4.052802708071778781e-02
8.280330300331115723e-01,-1.820210892004090475e-01
8.123560994863510132e-01,9.317098201966622639e-02
8.235660344362258911e-01,9.558393080295424227e-02
8.304431736469268799e-01,-2.053221674867051760e-01
8.123034834861755371e-01,2.209628917627926015e-02
8.224940896034240723e-01,1.099462753379674140e-01
8.022524863481521606e-01,-3.541956396129553042e-02
7.893187403678894043e-01,-2.830224514211288067e-02
7.982894331216812134e-01,3.485536912317233060e-03
8.069708496332168579e-01,-2.903822635411290598e-01
7.935039699077606201e-01,1.994512080576793522e-02
8.066195249557495117e-01,9.136136405895767254e-02
8.065332919359207153e-01,-1.062019540691001573e-01
7.748926579952239990e-01,-3.057288125464907580e-03
7.994806021451950073e-01,-4.671600670919318077e-03
7.971644699573516846e-01,-1.857837613136630317e-01
7.753438949584960938e-01,3.331951580014580472e-02
8.165405690670013428e-01,1.060753706935373408e-01
8.154478371143341064e-01,3.924683853692956248e-02
8.115106672048568726e-01,2.824198696126045682e-01
8.622307479381561279e-01,4.794176821279405587e-02
8.061069548130035400e-01,-9.597529064751997296e-02
7.899459302425384521e-01,5.011653052608799896e-02
8.346505761146545410e-01,2.203910195305920361e-01
8.379470109939575195e-01,-1.586381811284311993e-01
8.147396892309188843e-01,8.725751604292941721e-02
8.345749378204345703e-01,2.268426521069866197e-02
8.109010905027389526e-01,-1.383876498410909761e-01
8.137834370136260986e-01,4.891810803555163290e-03
8.407756686210632324e-01,7.229858181184622978e-02
8.227986544370651245e-01,-1.510969203532215310e-01
8.132832050323486328e-01,1.002637706284961183e-01
8.060603290796279907e-01,-1.013638850241047606e-01
8.019133657217025757e-01,-1.689157775058580668e-02
8.008502721786499023e-01,-1.897664563060397214e-02
8.138447701930999756e-01,-1.144253793963443400e-01
8.005871474742889404e-01,-8.998991932135069760e-02
8.025187402963638306e-01,1.876624758210918564e-01
8.123504668474197388e-01,-1.356735974070559791e-01
7.849030643701553345e-01,-2.169612841654888769e-02
7.832545340061187744e-01,1.834290483732745614e-01
7.999077439308166504e-01,-2.647742219605517811e-01
7.820140123367309570e-01,-1.118263006199953224e-01
7.904286831617355347e-01,2.137937037201935730e-01
8.225596696138381958e-01,8.311509380298742755e-02
8.031045794486999512e-01,1.226072344434485650e-01
8.326984643936157227e-01,2.001683890168597379e-01
8.436837196350097656e-01,-1.701685035154953951e-02
7.900010049343109131e-01,-1.889801788001386207e-01
8.127467632293701172e-01,1.506390855111341409e-01
8.484775424003601074e-01,3.723461227391444694e-02
8.292335867881774902e-01,-5.798117812022773876e-03
8.237342536449432373e-01,3.252968047747728519e-02
8.175754100084304810e-01,-1.857772074406676133e-01
8.151831030845642090e-01,7.823938680164888027e-02
8.273636847734451294e-01,1.195905803305530313e-01
8.276260048151016235e-01,-2.202749223518214450e-01
8.119386136531829834e-01,3.810908618497732547e-02
8.253979384899139404e-01,1.048226446838991244e-01
8.028208017349243164e-01,-3.864706553111929566e-02
7.891622334718704224e-01,-1.401049518193264731e-02
8.032738268375396729e-01,-3.722824565443350053e-02
8.068142086267471313e-01,-2.663040831711263046e-01
7.899972498416900635e-01,1.883695450905076285e-02
8.103696554899215698e-01,9.381850467158381335e-02
8.040263652801513672e-01,-1.246610309866040822e-01
7.750772386789321899e-01,4.391581765865071318e-02
8.024055063724517822e-01,-3.350040269481091570e-02
7.921597361564636230e-01,-1.978204172029802699e-01
7.758540064096450806e-01,9.348294637423393283e-02
8.205873072147369385e-01,8.515840414935071934e-02
8.124789893627166748e-01,2.170717637388364096e-02
8.123756349086761475e-01,3.100259061891219581e-01
8.625527024269104004e-01,4.419894497203991079e-02
8.000778853893280029e-01,-1.348697180708264831e-01
7.910665571689605713e-01,6.618887415228424942e-02
8.392243236303329468e-01,2.335553160820982299e-01
8.369221389293670654e-01,-1.700117723241572065e-01
8.095694184303283691e-01,7.228247800963005787e-02
8.356181383132934570e-01,2.284567773989243378e-02
8.126572668552398682e-01,-1.437047133752722416e-01
8.130720704793930054e-01,2.768580657354346997e-02
8.406819254159927368e-01,3.595866682852255636e-02
8.187378346920013428e-01,-1.145504647437940449e-01
8.122581094503402710e-01,1.220694423508206228e-01
8.043345510959625244e-01,-1.054862711380333273e-01
7.993017435073852539e-01,-3.381330331694920588e-02
7.999107837677001953e-01,1.893133028017857100e-03
8.124109506607055664e-01,-1.414101088129244843e-01
7.995591461658477783e-01,-8.768426680166863108e-02
8.005940765142440796e-01,1.827526886801784656e-01
8.130050599575042725e-01,-1.240942145992836032e-01
7.835089862346649170e-01,-2.380441573232117136e-02
7.836118042469024658e-01,1.790094909323958206e-01
7.974282205104827881e-01,-2.715765803689409452e-01
7.809341549873352051e-01,-1.114935511253576372e-01
7.934261858463287354e-01,2.222470763628092705e-01
8.240982294082641602e-01,7.365766781751936776e-02
8.023280799388885498e-01,1.433882549363652004e-01
8.348876833915710449e-01,1.729098949625975656e-01
8.393240571022033691e-01,-2.373831524182756780e-02
7.859679907560348511e-01,-1.945668873946901911e-01
8.170929253101348877e-01,1.612627263827044466e-01
8.484882712364196777e-01,2.942501721293311334e-02
8.276089280843734741e-01,1.800629792029884158e-03
8.255252540111541748e-01,3.869518968425511574e-02
8.128130137920379639e-01,-2.025013805496072017e-01
8.155383169651031494e-01,7.170086859469160245e-02
8.290002346038818359e-01,1.391218708700581175e-01
8.266405165195465088e-01,-2.221377203105481257e-01
8.105669319629669189e-01,3.895584657594630684e-02
8.271985948085784912e-01,9.503827406273224199e-02
8.024621009826660156e-01,-5.070338303942234504e-02
7.885595858097076416e-01,-1.131891316959521276e-02
8.057580888271331787e-01,-5.574761820349261043e-02
8.061472773551940918e-01,-2.554443156182175656e-01
7.905082106590270996e-01,3.137956939359121122e-02
8.138389140367507935e-01,9.969377093143494406e-02
8.041502833366394043e-01,-1.212636904794495152e-01
7.739534378051757812e-01,5.733665152453726321e-02
8.013122379779815674e-01,-7.139733064826092601e-02
7.903526425361633301e-01,-1.727217051808809245e-01
7.771956920623779297e-01,1.366583636379505862e-01
8.231932967901229858e-01,3.649608441412199866e-02
8.113023042678833008e-01,4.486744001754194855e-02
8.160347044467926025e-01,3.229029558499276753e-01
8.625063449144363403e-01,3.454827335997334714e-02
7.969501167535781860e-01,-1.492646447173009427e-01
7.917603999376296997e-01,8.883718668826690035e-02
8.391532450914382935e-01,2.095048492321889277e-01
8.357620388269424438e-01,-1.542661860801457507e-01
8.109928220510482788e-01,5.665280169087516526e-02
8.356738388538360596e-01,1.424699637029913646e-02
8.137979209423065186e-01,-1.329893182817700747e-01
8.151160925626754761e-01,4.803127539255580558e-02
8.402350246906280518e-01,-7.866894636309851307e-03
8.165708333253860474e-01,-8.203651356150531981e-02
8.122352212667465210e-01,1.101825892728198752e-01
8.053287565708160400e-01,-8.986764277661318800e-02
7.983549237251281738e-01,-3.814522611320736445e-02
8.003465533256530762e-01,1.277593276316668636e-02
8.106488734483718872e-01,-1.816252352715044260e-01
7.994158267974853516e-01,-7.965408710102339640e-02
8.022769838571548462e-01,1.838634765260938053e-01
8.128620535135269165e-01,-1.093863873306704093e-01
7.811419814825057983e-01,-3.206810056510667195e-02
7.839732766151428223e-01,1.696370780423506197e-01
7.963627129793167114e-01,-2.726383077941498811e-01
7.798443734645843506e-01,-9.577530389441157865e-02
7.965715676546096802e-01,2.230189353481200065e-01
8.219953328371047974e-01,6.031098634323539542e-02
8.027971088886260986e-01,1.557462378559573146e-01
8.390168547630310059e-01,1.572386483637027155e-01
8.375782072544097900e-01,-1.620604263529656919e-02
7.847081124782562256e-01,-2.006455109709039952e-01
8.220119178295135498e-01,1.837529969527476048e-01
8.503773957490921021e-01,6.747118621715841869e-03
8.262544572353363037e-01,1.062850946293814047e-02
8.319408744573593140e-01,3.471829955081817687e-02
8.140034675598144531e-01,-2.164839749579319239e-01
8.187435567378997803e-01,7.451528891230907448e-02
8.323244750499725342e-01,1.504548280532143067e-01
8.267043530941009521e-01,-2.220832295379313592e-01
8.099077343940734863e-01,4.818894285146724243e-02
8.163380622863769531e-01,-2.047261395511768001e-02
8.127261102199554443e-01,3.992881583545004887e-02
7.977857589721679688e-01,-9.977466444954607994e-02
8.126817643642425537e-01,2.590390213292836918e-02
8.103317916393280029e-01,-2.763994818792903096e-01
7.972941100597381592e-01,9.358930637026885435e-02
8.172242641448974609e-01,4.432552834760272731e-02
8.004961758852005005e-01,-7.071497884271193968e-02
7.781145274639129639e-01,9.793920550388524049e-02
8.019139468669891357e-01,-1.654566433390365354e-01
7.891185134649276733e-01,-1.571689900564403608e-01
7.819657772779464722e-01,1.895874419465144456e-01
8.242357373237609863e-01,1.104233972920098950e-02
8.050395697355270386e-01,8.239791284380748593e-02
8.215407431125640869e-01,3.131642750862120295e-01
8.606122136116027832e-01,8.624896861573638773e-03
7.950097620487213135e-01,-1.623345654976771080e-01
7.943941503763198853e-01,1.341135883807038631e-01
8.449339866638183594e-01,1.446151399610511312e-01
8.335571289062500000e-01,-1.114414946484250102e-01
8.190503120422363281e-01,2.284006013446804317e-02
8.367274999618530273e-01,-1.918449703130598039e-02
8.132349252700805664e-01,-6.681654793170244133e-02
8.235692977905273438e-01,9.885936927239935557e-02
8.375706076622009277e-01,-1.190145885210394106e-01
8.120319992303848267e-01,-2.626979549956942606e-03
8.167334198951721191e-01,1.184985178360524749e-01
8.048899918794631958e-01,-5.950860503511856692e-02
7.965939193964004517e-01,-4.808314461597440470e-02
7.967061251401901245e-01,3.418649957064268108e-02
8.095673620700836182e-01,-2.578660653166706673e-01
7.988170683383941650e-01,-6.424817873167310012e-02
8.017954826354980469e-01,1.553421447724301352e-01
8.115059733390808105e-01,-7.374736225079558949e-02
7.785380482673645020e-01,-5.012832749747930805e-02
7.889561057090759277e-01,1.187179789546317643e-01
7.977894246578216553e-01,-2.553810239304361573e-01
7.781015634536743164e-01,-5.139172695742377783e-02
8.071743398904800415e-01,1.744727127916618770e-01
8.223616778850555420e-01,5.245570142480238118e-02
8.062717765569686890e-01,1.560611982667512443e-01
8.534137010574340820e-01,1.333098962979883950e-01
8.284384906291961670e-01,8.472847008087036613e-03
7.808879315853118896e-01,-1.112937516257637149e-01
8.279048204421997070e-01,2.176825847019814297e-01
8.454773128032684326e-01,-9.470646083566514051e-02
8.214307725429534912e-01,8.180731526019036082e-02
8.283646404743194580e-01,4.469741382669711882e-02
8.165696710348129272e-01,-2.167564288210144241e-01
8.146062046289443970e-01,2.422685966023507831e-02
8.321452140808105469e-01,1.540010351041147807e-01
8.233677744865417480e-01,-1.995849070667801151e-01
8.080380558967590332e-01,4.261328221424998119e-02
8.114407956600189209e-01,-7.238471842835370040e-02
8.115447759628295898e-01,2.310371308238590160e-02
7.979857623577117920e-01,-5.808903614437666008e-02
8.157080560922622681e-01,2.248989606301465827e-02
8.086204081773757935e-01,-2.335238574917215537e-01
7.906979769468307495e-01,1.125917929858251121e-01
8.171412050724029541e-01,5.436718529720607762e-03
7.981993556022644043e-01,-5.254970268890390983e-02
7.761456072330474854e-01,1.805341090445744534e-01
8.030688613653182983e-01,-1.930617436479833415e-01
7.867915630340576172e-01,-1.857219676539947351e-01
7.875194251537322998e-01,2.318636678353014346e-01
8.348705619573593140e-01,3.308769594963312244e-02
8.107590675354003906e-01,7.233977758495768740e-03
8.293559849262237549e-01,3.572272740069819541e-01
8.618037402629852295e-01,2.372090066501186811e-02
7.859709858894348145e-01,-3.608446373932578943e-01
7.945261150598526001e-01,1.503417269306699389e-01
8.555862903594970703e-01,1.701186940807346559e-01
8.356443792581558228e-01,-3.686759538618789023e-02
8.191671669483184814e-01,6.965044261479080845e-02
8.348448574542999268e-01,-1.187282778979099618e-01
8.129349201917648315e-01,2.928907116166312719e-02
8.238113671541213989e-01,1.211889763273052978e-01
8.287110030651092529e-01,-1.812484812010421997e-01
8.128090798854827881e-01,4.671975177947818025e-03
8.142576068639755249e-01,1.403581185704512180e-01
7.999238818883895874e-01,-3.306354024630797639e-02
7.906727641820907593e-01,-5.454900845944266052e-02
7.933235913515090942e-01,4.311661966027502402e-02
8.071929812431335449e-01,-2.882664860847912180e-01
7.950507998466491699e-01,-3.867159574147249756e-02
8.000425696372985840e-01,1.465303689037380508e-01
8.087699413299560547e-01,-8.993393052062126358e-02
7.780966907739639282e-01,-7.186452816605548577e-02
7.956002056598663330e-01,5.053522938371912687e-02
7.979802191257476807e-01,-2.866527352998793354e-01
7.819415926933288574e-01,-7.477032819855899959e-04
8.174163997173309326e-01,1.331806913732274111e-01
8.197921663522720337e-01,-1.971386271579733673e-02
8.130155205726623535e-01,2.062462635790169863e-01
8.690480291843414307e-01,1.162256346813461683e-01
8.203771114349365234e-01,2.973361100424609660e-02
7.898153960704803467e-01,-6.412384239827995103e-02
8.298626542091369629e-01,2.389901620766772261e-01
8.381633311510086060e-01,-1.368531072926626457e-01
8.120104968547821045e-01,1.034294785386515869e-01
8.305876553058624268e-01,4.673061248329668516e-02
8.138949275016784668e-01,-1.339851324699994350e-01
8.219050765037536621e-01,-3.892232819691443524e-02
8.522350937128067017e-01,1.372036458711445306e-01
8.346983194351196289e-01,-1.700200114787793204e-01
8.185944259166717529e-01,6.006643325376037623e-02
8.100584745407104492e-01,-2.430906395294485378e-02
8.031673431396484375e-01,-2.258090127088774324e-03
7.998104244470596313e-01,-3.864968708031746303e-02
8.070241361856460571e-01,-1.053812219165974895e-01
7.845963090658187866e-01,-1.899993996776361271e-01
7.856647223234176636e-01,1.206759016985445854e-01
8.029776215553283691e-01,-2.496057510471394458e-01
7.869098484516143799e-01,-5.380093067042857058e-02
7.938623577356338501e-01,2.420098122457989831e-01
8.131165504455566406e-01,-3.133721264869144818e-01
7.790902256965637207e-01,3.506509305901683859e-03
8.109227716922760010e-01,2.911230384430929519e-02
8.136386871337890625e-01,8.320310295463606565e-02
7.990998625755310059e-01,8.393376616683445590e-02
8.209337592124938965e-01,1.518352609594999514e-01
8.286923170089721680e-01,2.466855324940295802e-01
7.989607006311416626e-01,2.338204670581292000e-01
7.823544740676879883e-01,1.300138599419868868e-01
8.232843130826950073e-01,-1.550908505564452255e-02
8.285662531852722168e-01,3.049835435601933042e-02
8.257974088191986084e-01,9.141379504291835545e-02
8.372607231140136719e-01,-1.291543663120560126e-01
8.113345801830291748e-01,5.104493344922467202e-02
8.289030939340591431e-01,1.016681719845924370e-01
8.322797715663909912e-01,-1.953754480687734940e-01
8.106589764356613159e-01,-8.138224978307739832e-03
8.193627893924713135e-01,1.157597479381502481e-01
8.025049269199371338e-01,-4.309396198506298958e-02
7.935280650854110718e-01,-3.967358929566877634e-02
7.954058349132537842e-01,4.719912077569166087e-03
8.076194524765014648e-01,-2.994200544013954080e-01
7.973590195178985596e-01,-1.529467978194709588e-02
8.032911717891693115e-01,1.194246737170194805e-01
8.100000917911529541e-01,-8.718317639781325568e-02
7.779529243707656860e-01,-7.758886809350462599e-02
7.965777814388275146e-01,5.128237090516218899e-02
8.002230376005172729e-01,-2.302755707818273656e-01
7.818071246147155762e-01,5.674155985658124735e-03
8.182864636182785034e-01,1.406936768678010985e-01
8.226527869701385498e-01,1.629929488534154203e-02
8.144326210021972656e-01,2.196820777260346524e-01
8.659993857145309448e-01,8.877801457779677108e-02
8.181634396314620972e-01,-7.491076833418652825e-03
7.897650152444839478e-01,-2.774422966995704343e-02
8.335469365119934082e-01,2.103935544103268107e-01
8.418077826499938965e-01,-1.566302616962418348e-01
8.208311647176742554e-01,9.891442180555864994e-02
8.350328356027603149e-01,2.746447291982256900e-02
8.120082169771194458e-01,-1.556724599713836810e-01
8.143111616373062134e-01,-2.799252782971484166e-02
8.414425998926162720e-01,1.064105544838591655e-01
8.241717666387557983e-01,-1.643048469735233219e-01
8.121813982725143433e-01,8.535202428297772315e-02
8.092125952243804932e-01,-9.907808137692208916e-02
8.051986694335937500e-01,-2.657333344600099068e-02
8.029280900955200195e-01,-2.377595319817071839e-02
8.171289563179016113e-01,-8.786852425958846524e-02
8.049282133579254150e-01,-1.013440361516053656e-01
8.039194792509078979e-01,1.809419471983848560e-01
8.159494996070861816e-01,-1.317423971310707209e-01
7.876078486442565918e-01,-2.616849134841681135e-02
7.863186448812484741e-01,1.870374235908718319e-01
8.040377646684646606e-01,-2.570146235878478791e-01
7.859664261341094971e-01,-1.134688884460857139e-01
7.961335182189941406e-01,2.159538602593840118e-01
8.294665813446044922e-01,7.542234493483324087e-02
8.077460974454879761e-01,1.344206841439037348e-01
8.378140628337860107e-01,2.024888345641593368e-01
8.440102338790893555e-01,-2.589828452750397858e-02
7.882670462131500244e-01,-2.170807519075159675e-01
8.183651417493820190e-01,1.620675419865045264e-01
8.537326157093048096e-01,5.049890220197461588e-02
8.321833461523056030e-01,-4.299340684796870704e-03
8.289473950862884521e-01,3.797201661262228356e-02
8.165111094713211060e-01,-2.145299845378163539e-01
8.174573034048080444e-01,7.201170942817425313e-02
8.325566649436950684e-01,1.465416041145868320e-01
8.296997547149658203e-01,-2.200054645449651680e-01
8.119364678859710693e-01,3.436738646530823615e-02
8.193855881690979004e-01,-1.085152839828618099e-02
8.141471445560455322e-01,2.092558020583723533e-02
8.003307282924652100e-01,-8.273815247901117331e-02
8.139363229274749756e-01,4.102537241429038417e-02
8.123770654201507568e-01,-2.772724577622400766e-01
7.958532273769378662e-01,6.685961623995595460e-02
8.203591406345367432e-01,6.918867544890661136e-02
8.079483807086944580e-01,-7.574722978187686806e-02
7.805657982826232910e-01,8.472772106681425441e-02
8.067412972450256348e-01,-1.304540929537449934e-01
7.941144853830337524e-01,-1.774627769055485693e-01
7.858698666095733643e-01,1.832024716211577697e-01
8.337085396051406860e-01,3.658634060794030418e-02
8.123269975185394287e-01,5.975297087107955818e-02
8.243053853511810303e-01,3.282501671998860893e-01
8.642755299806594849e-01,1.824860396760330516e-02
7.927491962909698486e-01,-2.171994706354842819e-01
7.948666661977767944e-01,1.125052818622895856e-01
8.532010018825531006e-01,1.653407334137804163e-01
8.379442393779754639e-01,-7.007232478216218752e-02
8.228003084659576416e-01,2.425607120844164299e-02
8.397631347179412842e-01,-4.704370035894900326e-02
8.162349760532379150e-01,-4.237603201182649215e-02
8.283028602600097656e-01,1.147017655832245353e-01
8.383699059486389160e-01,-1.481649048287203563e-01
8.146439790725708008e-01,-3.563434374202145705e-03
8.203259706497192383e-01,1.273189073663951731e-01
8.080619275569915771e-01,-3.352530741219261756e-02
7.990059852600097656e-01,-4.327185282350187734e-02
7.986502796411514282e-01,3.614180076535733477e-02
8.116828203201293945e-01,-2.724283966047917893e-01
7.997785955667495728e-01,-3.959381929864269622e-02
8.050096631050109863e-01,1.363628775926279957e-01
8.144745528697967529e-01,-7.430425420186637098e-02
7.830904275178909302e-01,-6.181669185048477289e-02
7.993424683809280396e-01,6.410324451172400018e-02
8.028282225131988525e-01,-2.455232499317241412e-01
7.850170135498046875e-01,-1.928542667543098332e-02
8.208930790424346924e-01,1.674555746025472303e-01
8.265067636966705322e-01,3.015418239701839198e-02
8.153240084648132324e-01,2.011754384159378795e-01
8.664691746234893799e-01,1.117068328779700082e-01
8.198345899581909180e-01,2.474030879602384658e-02
7.900162935256958008e-01,-5.442317409793639982e-02
8.352034687995910645e-01,2.334178720027146881e-01
8.454505801200866699e-01,-1.459461379396018721e-01
8.222482651472091675e-01,9.713963299848105137e-02
8.378162086009979248e-01,3.452692645936039639e-02
8.144106268882751465e-01,-1.551224964003363738e-01
8.163534849882125854e-01,-2.412143593177074052e-02
8.450977355241775513e-01,1.123850651062077155e-01
8.273254632949829102e-01,-1.617593227022200431e-01
8.151823431253433228e-01,9.079398591109466565e-02
