0.000000000000000000e+00,3.000000000000000000e+00
0.000000000000000000e+00,3.000000000000000000e+00
0.000000000000000000e+00,3.000000000000000000e+00
0.000000000000000000e+00,1.199999999999999956e+00
8.419587492942810503e-01,2.528541875598447675e+00
8.000000000000000444e-01,3.141592653589793116e+00
8.000000000000000444e-01,3.141592653589793116e+00
8.000000000000000444e-01,3.141592653589793116e+00
8.406194627285004106e-01,3.141592653589793116e+00
8.817954361438751221e-01,8.344825525535624067e-01
8.943899750709534135e-01,1.561780444595783912e-01
9.003928542137146218e-01,-5.987805621852926308e-02
9.046311616897583230e-01,-1.500134715203715885e-01
9.000270247459412065e-01,-3.613386121635757675e-01
8.999041378498077171e-01,-2.414991719127224101e-01
8.996875882148742676e-01,-4.065247576621944248e-01
8.949741840362549494e-01,-4.462283075201267657e-01
9.025381445884704812e-01,-1.730759888296455884e-01
9.021749615669251154e-01,-5.433003420000006578e-01
8.924108743667602539e-01,-8.450900896229160963e-01
9.014152288436889648e-01,-5.090866906698066074e-01
8.969729423522949663e-01,-7.603369020781780563e-01
8.815159916877747248e-01,-1.162803876088824184e+00
8.998354136943816917e-01,-3.865889995321336592e-01
8.978203952312470149e-01,-7.204824258878437249e-01
8.848522782325745073e-01,-9.815190677060376956e-01
8.963704466819762962e-01,-4.009262520962515453e-01
8.901029288768768089e-01,-6.371883177253327979e-01
8.842806696891785112e-01,-8.759730626969917111e-01
8.928818225860596369e-01,-2.626048899991682006e-01
8.841275155544281450e-01,-7.137304386747604923e-01
8.854981660842895508e-01,-8.595415668306629620e-01
8.978361248970031516e-01,-5.271839937979798663e-01
8.802227199077606867e-01,-1.145570186167893301e+00
8.980274617671967219e-01,-5.065851709743274256e-01
8.875857293605804443e-01,-7.065644339418994946e-01
8.791172742843628152e-01,-1.050983567581281530e+00
8.988719403743744563e-01,-4.492867191666762849e-01
8.857095181941986306e-01,-7.903410944103654856e-01
8.818484425544739214e-01,-8.706131181080709602e-01
8.978842675685883012e-01,-2.713142381956221705e-01
8.800197720527649370e-01,-8.693693802671118576e-01
8.956815719604492854e-01,-4.116079415572069244e-01
8.893276751041412354e-01,-6.705709379597459829e-01
8.766216218471527544e-01,-1.143293370689389521e+00
9.054420948028564231e-01,-3.982047095216505461e-01
8.885131537914275901e-01,-1.005972691371903593e+00
8.912307798862457719e-01,-8.131098109559440346e-01
9.035979747772217019e-01,-4.211061888087588301e-01
8.917742908000946267e-01,-9.923795842730029904e-01
9.049313187599182795e-01,-9.473342534170203777e-03
9.032959461212158869e-01,-6.888307771382162770e-03
8.919030010700226274e-01,-1.228929833060354859e-01
9.020096898078918679e-01,1.949215455504833550e-01
8.903662919998168723e-01,2.915237609633645199e-01
8.915652751922608088e-01,4.338450453761244496e-01
9.024937391281128152e-01,3.048580837057150994e-01
8.964094161987304910e-01,-4.685120374640661112e-02
8.998717010021209939e-01,3.037559095214503735e-01
9.053435564041137917e-01,2.354581862928517566e-01
8.981035649776458740e-01,2.967990669638909118e-01
9.021006226539611816e-01,4.336866289031569011e-01
9.012408137321472612e-01,2.976368391861812235e-01
8.929368376731873225e-01,4.440282659824230649e-01
9.044127941131592241e-01,7.194115230404416472e-01
8.987290203571319802e-01,4.401071773962015321e-01
8.972432196140289751e-01,9.020885613009053117e-01
9.075109004974365456e-01,5.982251682623345168e-01
8.978377163410187212e-01,2.269149319634458095e-01
9.046678662300110529e-01,7.390207110418316461e-01
9.102668881416321467e-01,6.638402976472752570e-01
8.977370679378510188e-01,6.936604197750568801e-01
9.035016059875488059e-01,1.332122248650097873e+00
9.074463486671447976e-01,5.763071444315222003e-01
8.987897515296936479e-01,3.295605672918813234e-01
9.064944744110107200e-01,5.672227274462340318e-01
9.026163816452026367e-01,3.236107741334000032e-01
8.934407651424408625e-01,3.573385025943847104e-01
9.030418157577514426e-01,4.453004663575321764e-01
8.920762598514556663e-01,5.140708174558361598e-01
8.928059041500091553e-01,6.464594264642249399e-01
9.024652242660522461e-01,4.712732777836663445e-01
8.984779477119445579e-01,1.534209237172898810e-01
9.002053976058960183e-01,4.045874328048379986e-01
9.053099632263184038e-01,2.779984396365846600e-01
8.989179372787475808e-01,2.702761047131954086e-01
9.021064400672912376e-01,3.611723310430137168e-01
9.019399642944335715e-01,2.052332220674859542e-01
8.930399537086487483e-01,2.472944809220329887e-01
9.038489103317260964e-01,4.767182354680095102e-01
9.003565549850464089e-01,2.304382940856206652e-01
8.958513498306274192e-01,5.134581239575495282e-01
9.067004919052124023e-01,4.567150660728560574e-01
8.991892457008362483e-01,-2.603947367716852312e-03
9.032534956932067871e-01,4.812254275535083892e-01
9.103866457939148171e-01,4.826092310230487570e-01
8.985467791557312234e-01,4.030253639898302431e-01
9.030902266502380815e-01,9.567516071504629238e-01
9.075517296791076882e-01,6.131485243257301931e-01
8.999458372592926692e-01,4.505596685558423964e-01
9.065409302711486816e-01,7.373088394155069558e-01
9.023749589920043723e-01,5.124117513205006524e-01
8.944544613361359309e-01,6.316008601167246717e-01
9.030988693237305132e-01,6.227430198835528508e-01
8.922151267528534158e-01,7.164529175169320752e-01
8.933910131454467773e-01,7.872572162858917366e-01
9.030303359031677246e-01,4.682480100091201969e-01
8.992276489734649658e-01,1.046784594780065802e-01
8.996953785419464777e-01,2.778568759798902832e-01
9.049843668937683772e-01,1.632041708173721517e-01
8.988078951835632990e-01,1.338488119117013930e-01
9.015338897705078569e-01,2.179649630013140715e-01
9.020566940307617188e-01,7.224839787005521430e-02
8.929425537586211936e-01,1.153294393626413950e-02
9.032054901123046653e-01,2.754731387448092761e-01
9.006720423698425515e-01,4.520150028677871745e-02
8.948264718055725098e-01,2.485086327077565826e-01
9.059172511100769265e-01,2.570709868956058131e-01
8.990785241127013938e-01,-2.370090198970107309e-01
9.006866097450256792e-01,1.508686583194771558e-01
9.093757748603821245e-01,2.166635510779979512e-01
8.978488087654113992e-01,1.685618683641232352e-02
9.021884441375732644e-01,4.808003620763963148e-01
9.079056859016418901e-01,3.591222795701414228e-01
8.995458781719207764e-01,9.442445704336099865e-02
9.061061859130860041e-01,4.437882069772873805e-01
9.025370836257934348e-01,2.502864175710608485e-01
8.933159708976745605e-01,2.390227441881389581e-01
9.031274080276489036e-01,3.193773466855827081e-01
8.924664855003356934e-01,4.035961127009479732e-01
8.921477794647216797e-01,4.704197762661879167e-01
9.020621895790100764e-01,3.224621610776274849e-01
8.987139880657196711e-01,-4.583479167162129997e-02
8.987543344497680442e-01,1.710051522167028715e-01
9.046833992004394975e-01,7.564367858855414184e-02
8.984672665596008523e-01,2.162178877143317024e-02
9.011650681495666504e-01,1.101500071613585874e-01
9.018781900405884455e-01,-1.582629250860811965e-02
8.924217045307160090e-01,-1.147717983975149458e-01
9.026997208595276545e-01,1.840353752520798025e-01
9.005478382110595481e-01,-3.404156535069358114e-02
8.939899027347565363e-01,1.410820406561406060e-01
9.055863142013550471e-01,1.831590288058757565e-01
8.986958146095276323e-01,-3.222436362266187793e-01
8.999005198478698953e-01,3.431458097431860921e-02
9.090803623199462669e-01,1.501331265159109307e-01
8.972331643104553001e-01,-1.056915009895376123e-01
9.019915580749512385e-01,3.368121468807068197e-01
9.080059170722961648e-01,2.820382469507745071e-01
8.991739749908447266e-01,-3.901370791181779651e-02
9.058804512023925781e-01,3.438607436601981426e-01
9.025122165679931863e-01,1.626397887257353680e-01
8.925531923770905207e-01,1.024467720964121753e-01
9.029170274734497070e-01,2.267741173208079886e-01
8.923728406429290994e-01,3.148873819233855009e-01
8.916109383106232134e-01,3.622613974812880500e-01
9.018509387969970703e-01,2.247098345808602460e-01
8.984417915344238281e-01,-1.602337683224708265e-01
8.981015324592590554e-01,7.056086920056969802e-02
9.044360756874084695e-01,-4.175753365460277422e-03
8.981875002384186457e-01,-8.605534848211071619e-02
9.006936550140380859e-01,1.440054425189929432e-02
9.016339659690857378e-01,-9.827907063206042793e-02
8.919148206710815208e-01,-2.345080619620740769e-01
9.022357940673828569e-01,9.756132791233795842e-02
9.003833293914794700e-01,-9.951494382542547257e-02
8.931996881961822288e-01,2.728920363058184861e-02
9.052248716354370783e-01,1.095047315516106679e-01
8.982258856296539973e-01,-3.974028899740766896e-01
8.989956736564636008e-01,-6.873177687438980499e-02
9.088026642799377219e-01,8.557935004915107058e-02
8.962887048721314143e-01,-2.156991954801452671e-01
9.015071034431457742e-01,2.101991852626432511e-01
9.077312469482422541e-01,2.109837774869154359e-01
8.985214591026305930e-01,-1.707371924379592620e-01
9.055253386497498225e-01,2.500845582828112867e-01
9.025332808494568315e-01,7.885807241238751431e-02
8.919107556343078835e-01,-2.416169543731205849e-02
9.025271654129028986e-01,1.412569354383528264e-01
8.920960307121277300e-01,2.211887195008550577e-01
8.910915911197662131e-01,2.535817049130053569e-01
9.016226887702941672e-01,1.297067641787874592e-01
8.980891883373260942e-01,-2.698547843063665574e-01
8.974761188030243586e-01,-2.876794463179432881e-02
9.042163729667663796e-01,-8.416914383411633338e-02
8.976675391197205256e-01,-1.937622590444041393e-01
9.000199913978577104e-01,-7.311819044326428596e-02
9.012641072273254172e-01,-1.810335141668022452e-01
8.914232492446899636e-01,-3.537173941378255471e-01
9.017236232757568359e-01,1.758572652752610210e-02
9.000323891639709917e-01,-1.578078990467068898e-01
8.923314929008484553e-01,-8.053567664562333306e-02
9.048152089118958186e-01,5.086704261078578426e-02
8.977976500988006370e-01,-4.674853264460026026e-01
8.979508996009827326e-01,-1.726567282114719326e-01
9.084565401077270286e-01,2.549306792289129930e-02
8.954648435115813987e-01,-3.142945372975987084e-01
9.008888840675354226e-01,9.455178943298037098e-02
9.074405074119568093e-01,1.399648861907443198e-01
8.976720690727234553e-01,-2.891212983768687295e-01
9.052445173263550249e-01,1.632674625051535600e-01
9.024347543716431108e-01,-8.118188852294316860e-03
8.912699878215789573e-01,-1.580852215011576689e-01
9.021705746650695579e-01,5.538771694930355594e-02
8.916634023189544678e-01,1.311407515901188425e-01
8.904404759407044123e-01,1.443125382821905944e-01
9.012960910797119807e-01,4.400008174001657224e-02
8.974929332733154741e-01,-3.785885931402375171e-01
8.967066824436188410e-01,-1.353041462236452830e-01
9.038766503334045854e-01,-1.510849361283161940e-01
8.969227552413940874e-01,-2.814476493671578261e-01
8.992854058742523193e-01,-1.516358359669340850e-01
9.008273124694824441e-01,-2.568140750741974010e-01
8.909693121910094993e-01,-4.582765731273212850e-01
9.011495709419250488e-01,-6.327558397919785804e-02
8.996744334697723833e-01,-2.115788691548723399e-01
8.914300560951232688e-01,-1.938759219274910350e-01
9.042996644973755327e-01,1.581917687507150561e-03
8.973797142505646196e-01,-5.285490719161058948e-01
8.970362782478332742e-01,-2.699911048646650436e-01
9.080842971801758035e-01,-4.534062964778939886e-02
8.946633100509643333e-01,-4.183872677833559983e-01
9.001345753669739436e-01,-1.850851184523838455e-02
9.070423007011413352e-01,6.709143609046908097e-02
8.965976655483246516e-01,-4.126310947585016820e-01
9.047621130943298562e-01,7.392394231463539356e-02
9.021731734275818537e-01,-8.395380229284832296e-02
8.903970599174499956e-01,-2.806068810886412912e-01
9.015058040618896262e-01,-2.488074893163361168e-02
8.912273764610291193e-01,4.218185011765696046e-02
8.897032141685485840e-01,4.575464716756671990e-02
9.009282112121582697e-01,-3.281505483303615023e-02
8.968785345554352029e-01,-4.728716737804181669e-01
8.958985388278961626e-01,-2.318960626932486946e-01
9.034828782081604226e-01,-2.127089441127445468e-01
8.962422430515289973e-01,-3.601843815023784146e-01
8.985234618186951350e-01,-2.335122477738447166e-01
9.004619956016540749e-01,-3.236890461023134158e-01
8.904310762882232666e-01,-5.458512966232142993e-01
9.005199551582336870e-01,-1.304825554878950022e-01
8.992164433002471924e-01,-2.664001442238834727e-01
8.905019044876099077e-01,-3.036173419209822200e-01
9.037344574928284358e-01,-4.951170167539586942e-02
8.969288527965545432e-01,-5.826797560249459274e-01
8.959696531295776589e-01,-3.564911804428732012e-01
9.075353384017944558e-01,-1.020213321122720451e-01
8.936864316463470903e-01,-5.107077443417704643e-01
8.993600666522979514e-01,-1.253639806787085753e-01
9.066039085388183372e-01,-2.560504552435283188e-03
8.954369664192199929e-01,-5.260067309545428671e-01
9.042139291763305886e-01,-1.585306976113098898e-02
9.019705176353455256e-01,-1.521646398908829134e-01
8.897129416465759943e-01,-3.911334550669476329e-01
9.008896350860595703e-01,-1.095745771123874945e-01
8.907652080059051958e-01,-4.144968887734545859e-02
8.887641072273254617e-01,-6.120006602840133425e-02
9.004792094230652522e-01,-1.087478528474319361e-01
8.961968600749969927e-01,-5.629550326053278653e-01
8.949199199676514116e-01,-3.280572960803156413e-01
9.029916286468505637e-01,-2.766356085606287429e-01
8.956489264965057373e-01,-4.290476103436988708e-01
8.974940776824951172e-01,-3.105354230011134753e-01
8.999217152595520020e-01,-3.756681873336136235e-01
8.897636413574219194e-01,-6.154936873368970218e-01
8.999830484390258789e-01,-1.840606544764895602e-01
8.988773703575134721e-01,-3.018773822675360208e-01
8.896556496620178223e-01,-4.006195308400801736e-01
9.032311916351318803e-01,-8.944819490492594838e-02
8.965783417224884033e-01,-6.308608342288186677e-01
8.950140416622162087e-01,-4.354112337684430400e-01
9.070549964904784934e-01,-1.575824458156751540e-01
8.930503368377685769e-01,-5.882835046892846975e-01
8.985118269920349121e-01,-2.185669830492940058e-01
9.061911702156066895e-01,-6.793407690412678335e-02
8.944427251815796343e-01,-6.257868257559993097e-01
9.032863497734070490e-01,-1.098417878770741041e-01
9.016585707664489524e-01,-2.113448022621895461e-01
8.889777064323425293e-01,-4.726836712522155537e-01
9.002984523773193137e-01,-1.702224325275714101e-01
8.903314352035522905e-01,-1.019866902121551178e-01
8.880012452602387141e-01,-1.516886414579232678e-01
8.999735414981842041e-01,-1.700434181680479107e-01
8.956143140792847124e-01,-6.323268419910692550e-01
8.941339194774627908e-01,-4.084680746320037414e-01
9.026476025581360307e-01,-3.320145245947672130e-01
8.951338589191436546e-01,-4.883223357396491160e-01
8.966599464416503684e-01,-3.716978510731716590e-01
8.994753599166870339e-01,-4.260358248221716160e-01
8.892349839210510476e-01,-6.837614500032325182e-01
8.998354732990264671e-01,-1.996877092460462855e-01
8.990456104278564675e-01,-2.818466866058031428e-01
8.899820268154144953e-01,-3.815874581692888512e-01
9.033528327941894309e-01,-7.053821152535810768e-02
8.966370999813080278e-01,-6.108089789199873110e-01
8.954929411411285400e-01,-3.887592677610882674e-01
9.073782205581665261e-01,-1.130221015613330771e-01
8.934207975864411067e-01,-5.467165951120840361e-01
8.993294835090637207e-01,-1.586632730993269291e-01
9.066111445426940918e-01,-2.319733983945893030e-02
8.950046181678772417e-01,-5.767157315993896027e-01
9.041742324829101785e-01,-3.516714622422645320e-02
9.020211458206176536e-01,-1.633912370780041812e-01
8.896041870117187278e-01,-3.968503048538312150e-01
9.009091973304749201e-01,-1.087238843976212621e-01
8.905553102493286577e-01,-4.344730936625706974e-02
8.887826502323150635e-01,-5.323130548039589627e-02
9.006713747978211115e-01,-9.987147451635980389e-02
8.961997210979462114e-01,-5.499182556969555158e-01
8.952386677265167236e-01,-3.161981565224087909e-01
9.031781315803527610e-01,-2.577211310967215674e-01
8.958657026290893777e-01,-4.152268029715964204e-01
8.979561328887939453e-01,-2.904889980441924813e-01
9.002988576889038308e-01,-3.692762886282330292e-01
8.901531398296356201e-01,-5.887344111513490574e-01
9.004283666610718440e-01,-1.608239913990598957e-01
8.990845620632171853e-01,-2.845141129148158754e-01
8.902306616306304710e-01,-3.373518115084763735e-01
9.036151289939881037e-01,-6.158543376051417439e-02
8.968151152133941872e-01,-6.009199335844126466e-01
8.960686862468719704e-01,-3.627242881682577469e-01
9.076565504074096680e-01,-9.612265916315276826e-02
8.937868237495422141e-01,-5.158665786564982092e-01
8.997287511825561301e-01,-1.149013778293039856e-01
9.067703127861023171e-01,9.042846705148210873e-03
8.955657303333283137e-01,-5.216948442842985756e-01
9.045231699943542258e-01,4.817283904924973825e-03
9.021774530410766602e-01,-1.393639896638489972e-01
8.900745451450348122e-01,-3.560412102483798691e-01
9.012422919273376243e-01,-8.066169826064406578e-02
8.907656967639923096e-01,-1.308995690639003229e-02
8.892802774906158891e-01,-8.309374690237625316e-03
9.009352087974548118e-01,-7.216020146489254827e-02
8.965420186519622581e-01,-5.165255237727786053e-01
8.957196712493896706e-01,-2.769822148153133767e-01
9.034436941146850586e-01,-2.365732809695924033e-01
8.961332261562348078e-01,-3.913182742854099949e-01
8.984822869300842507e-01,-2.560158133433918515e-01
9.005097150802612305e-01,-3.432725803722647129e-01
8.904013276100158913e-01,-5.529176824865493778e-01
9.007730007171631526e-01,-1.397738876063150393e-01
8.993389904499053955e-01,-2.720598816889521210e-01
8.907567620277404563e-01,-2.918698054575066259e-01
9.038840413093567339e-01,-5.030340953320600050e-02
8.969978451728820579e-01,-5.877822270319152942e-01
8.966328442096710427e-01,-3.272594088565385917e-01
9.079331159591674805e-01,-8.043699404366844163e-02
8.942627489566803423e-01,-4.800696988641979246e-01
9.001237750053405762e-01,-6.982833345322969620e-02
9.069960236549378108e-01,3.239261090512224328e-02
8.961192309856415017e-01,-4.753855522078307416e-01
9.047527432441712092e-01,4.269192869019144965e-02
9.022094011306762695e-01,-1.121558668048927565e-01
8.904750049114227295e-01,-3.071030660868139250e-01
9.016100287437439631e-01,-5.072753874274704700e-02
8.910849034786224587e-01,1.893544985749162635e-02
8.897648334503174272e-01,3.597439612371067241e-02
9.011270642280578835e-01,-4.182344689158146167e-02
8.968655347824097124e-01,-4.794667425486469625e-01
8.962634146213531716e-01,-2.338086700867378909e-01
9.037279248237609641e-01,-2.154237455608360996e-01
8.965032696723937988e-01,-3.612358099843095971e-01
8.989575564861297385e-01,-2.227869282440928522e-01
9.007612109184265359e-01,-3.194370805565953653e-01
8.907280087471008967e-01,-5.195015438731038770e-01
9.010765433311462846e-01,-1.108435941777559108e-01
8.995373845100402832e-01,-2.569253036616001573e-01
8.912428259849548562e-01,-2.468048129825404224e-01
9.042235136032105158e-01,-3.697882397359109063e-02
8.972408294677735041e-01,-5.719021927647474079e-01
8.971905887126923052e-01,-2.911344609074544287e-01
9.081991434097290705e-01,-5.921330624331044845e-02
8.947560966014862505e-01,-4.390626772942942679e-01
9.005218625068664995e-01,-2.038029797264373499e-02
9.072209239006042703e-01,5.909458751534168996e-02
8.967737078666687678e-01,-4.157968026686575946e-01
9.049884438514709251e-01,7.905094353195840640e-02
9.023424029350280984e-01,-8.405735348617104918e-02
8.908784806728363703e-01,-2.507086742454602835e-01
9.019350528717041682e-01,-1.915172766633066459e-02
8.913456320762634943e-01,5.598131058914690428e-02
8.902612507343292680e-01,7.891537198771647610e-02
9.013542175292968972e-01,-1.041578947086785334e-02
8.971694469451904075e-01,-4.387999606139469932e-01
8.966505646705628108e-01,-1.900512689010547263e-01
9.039575695991516335e-01,-1.942498671952406220e-01
8.968724548816681130e-01,-3.264903586739404950e-01
8.993878483772278498e-01,-1.894029972350805835e-01
9.010096669197082964e-01,-2.952351256137419888e-01
8.909008741378784402e-01,-4.762186430922672464e-01
9.013924002647399902e-01,-8.687664239515591191e-02
8.997733414173126887e-01,-2.433434317735478913e-01
8.917678594589233398e-01,-1.973726940506570493e-01
9.044696807861328791e-01,-2.387575932121066558e-02
8.974569320678711382e-01,-5.585839738246130004e-01
8.977006912231445535e-01,-2.532332261231795556e-01
9.083615779876709206e-01,-3.892775854882435382e-02
8.951860606670379861e-01,-3.978931196741113396e-01
9.009286284446716975e-01,2.630387563914471372e-02
9.074726223945618342e-01,8.524117020260346678e-02
8.973713338375092219e-01,-3.626647415507591177e-01
9.052148342132568803e-01,1.125022858060629183e-01
9.024554967880249468e-01,-5.796919389532284583e-02
8.912939727306365967e-01,-1.997206658645360733e-01
9.021784782409668635e-01,1.322159612683471153e-02
8.915254652500153032e-01,9.593709093063385041e-02
8.906165957450866699e-01,1.228203289425469080e-01
9.015439033508301225e-01,1.974663208077309662e-02
8.974639773368835449e-01,-3.941559140387815852e-01
8.970981478691101296e-01,-1.460813349768157465e-01
9.041675686836242454e-01,-1.692320486912524125e-01
8.972486436367035356e-01,-2.934144596956986817e-01
8.998044550418854426e-01,-1.588385423885676495e-01
9.012036204338074175e-01,-2.739082611270893253e-01
8.911550343036651611e-01,-4.393884984089084789e-01
9.016965389251708762e-01,-5.930618398632692134e-02
8.999885618686676025e-01,-2.257069595436886900e-01
8.922833621501923274e-01,-1.507448837466265346e-01
9.047096610069275124e-01,-9.167370292055387893e-03
8.976738154888153076e-01,-5.382407520477703322e-01
8.981348514556884988e-01,-2.167289025544349990e-01
9.086047649383545144e-01,-1.300906338827889641e-02
8.956231534481048362e-01,-3.586421615598704982e-01
9.013569831848144975e-01,7.369324598520732295e-02
9.076688289642333984e-01,1.075748968348202439e-01
8.979191899299622248e-01,-3.097128183134691959e-01
9.054089903831482600e-01,1.403019425162073119e-01
9.025572896003722922e-01,-2.929019468274818294e-02
8.915558695793152078e-01,-1.388520385561733406e-01
9.023525714874267578e-01,4.913195154870741987e-02
8.917558431625366433e-01,1.355767873402422552e-01
8.910832524299622248e-01,1.720122016157810130e-01
9.016812920570373979e-01,5.304105591002317155e-02
8.977542698383331743e-01,-3.467890141144160943e-01
8.975806593894958274e-01,-9.803526655664196454e-02
9.043603420257568803e-01,-1.428467177734540350e-01
8.975564599037170188e-01,-2.593728943450051005e-01
9.001747012138366921e-01,-1.352359859444960399e-01
9.014033198356629084e-01,-2.481584686363031977e-01
8.913646340370178223e-01,-3.896105222363965837e-01
9.019983649253845437e-01,-2.591832065351740155e-02
9.001559734344483088e-01,-2.035786500164902257e-01
8.927941679954528587e-01,-9.649473189576118770e-02
9.049270749092102051e-01,7.873635762819297668e-03
8.979406416416167991e-01,-5.125643629345297825e-01
8.986444890499115656e-01,-1.710768703126208656e-01
9.088249087333679643e-01,1.071352255836055534e-02
8.961004316806793213e-01,-3.221928905242852359e-01
9.016660809516906516e-01,1.194860928696597213e-01
9.077755093574524370e-01,1.303224537332998700e-01
8.982273876667022927e-01,-2.520612063781384471e-01
9.055470824241638184e-01,1.793929861293674932e-01
9.026077985763549805e-01,7.472164228489841520e-03
8.919244706630706787e-01,-7.762912759904638804e-02
9.025917649269104004e-01,8.606471115781832992e-02
8.919927179813385010e-01,1.742588692785069782e-01
8.913639843463897483e-01,2.177395097702818916e-01
9.018163204193115901e-01,9.052546437180897243e-02
8.980623781681060791e-01,-2.993150051799595701e-01
8.979868531227112038e-01,-5.633128740708626125e-02
9.044848918914795144e-01,-1.176886463873705324e-01
8.978615760803222434e-01,-2.104454236337454098e-01
9.005574703216553401e-01,-9.627190021392717512e-02
9.016507267951965332e-01,-2.163173193303418174e-01
8.916079223155976008e-01,-3.347761394213955022e-01
9.022713303565979004e-01,6.618288203983357931e-03
9.003114461898803489e-01,-1.829541734613999715e-01
8.931752085685730203e-01,-5.258490634956336507e-02
9.051089763641357866e-01,2.245843747263842616e-02
8.981856286525726762e-01,-4.912060398575004427e-01
8.992055952548980713e-01,-1.251883368824397991e-01
9.089825868606568049e-01,3.104251306812821909e-02
8.965462148189544678e-01,-2.677760830458297825e-01
9.018224120140075906e-01,1.811007381783809045e-01
9.078520536422729492e-01,1.570910925945554482e-01
8.984838008880615678e-01,-1.896076653260423406e-01
9.056814551353454812e-01,2.152857397209104739e-01
9.025917172431946467e-01,4.217960307548729304e-02
8.922624826431274636e-01,-2.031794255243291047e-02
9.026666760444641557e-01,1.212638777329635431e-01
8.921656489372253862e-01,2.132690193735555795e-01
8.916061401367187944e-01,2.695327082620351256e-01
9.018935680389404963e-01,1.373324762888770145e-01
8.982735872268676758e-01,-2.437407837305665126e-01
8.983693480491637962e-01,-9.500307040207101039e-03
9.045696258544921875e-01,-8.647629438191151152e-02
8.981465816497803401e-01,-1.563755969170026461e-01
9.008132219314575195e-01,-5.483831513879833253e-02
9.017966389656066895e-01,-1.838825763845366446e-01
8.917965412139893244e-01,-2.833881575342545034e-01
9.024773955345154475e-01,3.578302303225333603e-02
9.004120111465454546e-01,-1.532825433703357554e-01
8.936721563339233843e-01,4.297093642626759191e-03
9.053200840950011985e-01,5.162991342741740652e-02
8.984072566032409446e-01,-4.615862789898552698e-01
8.996863126754760520e-01,-7.646628327619842125e-02
9.091097474098205344e-01,4.959783829190289595e-02
8.970439732074737549e-01,-2.174022661913048715e-01
9.019438505172729936e-01,2.429337210845963213e-01
9.078918337821960671e-01,1.887013583175747300e-01
8.987357020378112793e-01,-1.274305104608259853e-01
9.057808279991149680e-01,2.552227947109826367e-01
9.025262475013733354e-01,8.507488908204141609e-02
8.925420105457305686e-01,4.873310156357613110e-02
9.027422666549682617e-01,1.633045387009546268e-01
8.922121644020081233e-01,2.545355743140662597e-01
8.918342649936675803e-01,3.182770450364600379e-01
9.019142985343933105e-01,1.728170172195810927e-01
8.983786582946777788e-01,-1.966210584448742082e-01
8.986324131488799827e-01,3.040285506380469016e-02
9.046615123748779075e-01,-5.987599642987362358e-02
8.982993125915527122e-01,-1.043342875190060859e-01
9.010460853576660600e-01,-1.163630787607283779e-02
9.019052505493164729e-01,-1.551196875976241785e-01
8.919362306594849077e-01,-2.314621963009719785e-01
9.026187419891357200e-01,7.207163055270138230e-02
9.004558682441711204e-01,-1.248776833024711763e-01
8.940655827522278054e-01,5.389156137127537605e-02
9.054794192314148393e-01,7.296745136437676749e-02
8.986616611480713335e-01,-4.280645293944314034e-01
9.001588106155395952e-01,-2.639787690324579827e-02
9.091571927070617454e-01,6.958640191295284438e-02
8.974278211593628152e-01,-1.528439956402056765e-01
9.020792484283447488e-01,3.007373828734141163e-01
9.077568173408508967e-01,2.141315090597131210e-01
8.990119099617004395e-01,-6.192473712814727804e-02
9.058235168457031694e-01,2.925386750100367195e-01
9.024513125419616477e-01,1.180985443298361304e-01
8.928355455398560014e-01,1.049956669309701773e-01
9.026940584182739924e-01,2.072536874851231836e-01
8.921666443347930908e-01,2.942243311443810683e-01
8.921055853366851585e-01,3.630104115378731677e-01
9.019466876983642800e-01,2.076259474712460751e-01
8.984787464141845703e-01,-1.461725274382046358e-01
8.989162981510162576e-01,7.581407928642702743e-02
9.047412157058716264e-01,-3.097472729600703190e-02
8.984268307685852051e-01,-5.726549518916135284e-02
9.011726498603821467e-01,2.889396624681461745e-02
9.019625306129456233e-01,-1.207376953582128820e-01
8.921073675155639648e-01,-1.780625499113588361e-01
9.027305483818054421e-01,1.070666907974273663e-01
9.004328846931457520e-01,-9.336947074466150909e-02
8.945008993148804155e-01,9.791860761732884555e-02
9.056352615356445535e-01,9.856762829735954412e-02
8.988340795040130615e-01,-3.896575228684473480e-01
9.005751371383666770e-01,1.790330848751775505e-02
9.092880606651306818e-01,9.090746154066708939e-02
8.976137459278107356e-01,-9.974208233808479207e-02
9.021217823028564453e-01,3.620602872070950440e-01
9.076536059379577415e-01,2.444766900411607935e-01
8.991619110107421653e-01,-9.433832042686773889e-04
9.059065818786621316e-01,3.332180029301849977e-01
9.023820281028748225e-01,1.571596273807327471e-01
8.931909501552581787e-01,1.703254219603520525e-01
9.026601791381836382e-01,2.429966382653492296e-01
8.921583175659180132e-01,3.353470753860272602e-01
8.922321915626526545e-01,4.127007530657640366e-01
9.020155906677246316e-01,2.445920382058748288e-01
8.985856890678406428e-01,-9.422952613513491116e-02
8.992140531539917214e-01,1.213840944890454132e-01
9.047888636589050959e-01,9.785868649281326270e-04
8.985180854797363281e-01,-9.796354846072219402e-03
9.012981891632080300e-01,7.153646000927160742e-02
9.020440340042114036e-01,-8.097572240386696762e-02
8.923094749450684038e-01,-1.170901841561589052e-01
9.028954625129700373e-01,1.459015716032352472e-01
9.003794312477112483e-01,-6.173561107885960908e-02
8.948470413684844749e-01,1.439964543503120531e-01
9.057219386100768821e-01,1.276050307360105940e-01
8.989082336425781028e-01,-3.505917584796973685e-01
9.008841514587402344e-01,5.760891813410573548e-02
9.094125986099242942e-01,1.122817011663990172e-01
8.978167951107025591e-01,-4.574959132268441309e-02
9.021076917648315208e-01,4.254399841401581561e-01
9.075116276741027610e-01,2.801263885713418667e-01
8.993040502071381059e-01,6.314113595604098350e-02
9.059446573257446955e-01,3.666835764713649581e-01
9.023218989372253640e-01,1.890151952072840480e-01
8.933669209480286089e-01,2.336976287528491625e-01
9.025810956954956055e-01,2.789028741099106590e-01
8.920547366142272949e-01,3.798437534455594289e-01
8.923948287963867632e-01,4.608676000025622166e-01
9.020374298095703569e-01,2.830299415616930325e-01
8.986202538013458030e-01,-5.054328128482721283e-02
8.994272291660309060e-01,1.579457176331184876e-01
9.047626018524169700e-01,3.138069291467626698e-02
8.986047923564911555e-01,3.705110383005116859e-02
9.014280080795288308e-01,1.159402603257873032e-01
9.019545078277587669e-01,-3.496191637272216823e-02
8.924487650394440363e-01,-5.963125608688457646e-02
9.029773354530334917e-01,1.834223072467651150e-01
9.003609299659729448e-01,-3.196417486475588987e-02
8.950866639614105669e-01,1.853158147818114720e-01
9.058133363723754883e-01,1.460116766695533919e-01
8.989466488361358421e-01,-3.152160118407119072e-01
9.011125087738037776e-01,1.015782902978021873e-01
9.094794988632202148e-01,1.407618371469503415e-01
8.979575872421264870e-01,9.080297407977333535e-03
9.020145297050475852e-01,4.760538599998187514e-01
9.072530865669250488e-01,3.114449133193217811e-01
8.993638753890991211e-01,1.203856587516178855e-01
9.059287428855896662e-01,4.024194116180530578e-01
9.022498130798339844e-01,2.274736964496577585e-01
8.936188578605651633e-01,3.022781047878089211e-01
9.025648355484009455e-01,3.112269502288556033e-01
8.920346379280090776e-01,4.169064669934878786e-01
8.924953401088714378e-01,5.095302942448189931e-01
9.019901514053344505e-01,3.200462162381132458e-01
8.986361443996430109e-01,-4.158526042158605662e-03
8.995945632457733598e-01,2.049650750352287609e-01
9.046657800674439143e-01,7.266597320660128645e-02
8.986620187759399858e-01,7.928126535435797706e-02
9.014848947525024858e-01,1.586501653533365364e-01
9.018179893493653010e-01,4.973453335722854973e-03
8.924591660499573420e-01,2.606568916916351952e-04
9.031049728393555354e-01,2.189401793029874810e-01
9.002882003784179465e-01,7.457932961414837081e-03
8.952244520187377930e-01,2.347488699812658730e-01
9.059203743934631792e-01,1.719938507713947295e-01
8.990014433860779031e-01,-2.789682255863477067e-01
9.014056563377380593e-01,1.472187128217394836e-01
9.095430374145507812e-01,1.714912623394262425e-01
8.981587052345275657e-01,6.457849393062708998e-02
9.020123720169067605e-01,5.356716338336844352e-01
9.070649862289429377e-01,3.518849312483909308e-01
8.994494855403900591e-01,1.775979739427619997e-01
9.058914303779602717e-01,4.419407638067212041e-01
9.022223949432373047e-01,2.688893051874288176e-01
8.938475728034973589e-01,3.656222235531840781e-01
9.024496316909790261e-01,3.518392413909392502e-01
8.919176995754242165e-01,4.639228283393714847e-01
8.927079617977142778e-01,5.660969593191871319e-01
9.019187808036804865e-01,3.614629484969689166e-01
8.986762106418609841e-01,5.418405136037174330e-02
8.997563421726226807e-01,2.611767074467752359e-01
9.046117901802063210e-01,1.163226320016739201e-01
8.987308323383331743e-01,1.454034772556065391e-01
9.015699982643127219e-01,2.189031031071864142e-01
9.017317533493042214e-01,5.860997542073098643e-02
8.926152884960174561e-01,7.294872601296198411e-02
9.032268404960632768e-01,2.673025189085538322e-01
9.002009987831115501e-01,5.391740235622766164e-02
8.953821599483490212e-01,2.960983643139560861e-01
9.059742927551269753e-01,2.160208970174481991e-01
8.990569770336150901e-01,-2.282713964199207801e-01
9.016891598701477495e-01,2.085131546212708464e-01
9.095076084136962669e-01,2.212100664014675644e-01
8.982619702816009299e-01,1.298232358645861062e-01
9.020559787750244141e-01,6.101045311997692622e-01
9.068537712097167747e-01,4.005378883079120378e-01
8.995752274990082009e-01,2.488610438213800791e-01
9.057597279548644797e-01,4.932736931607029085e-01
9.021686673164367454e-01,3.209229371913457918e-01
8.940568268299102783e-01,4.334454463769366050e-01
9.024059414863586648e-01,4.077520171939084115e-01
8.918699920177459717e-01,5.162219858263474848e-01
8.929570913314819336e-01,6.273910266116895507e-01
9.018998265266419123e-01,4.121888019580883800e-01
8.987224459648132102e-01,1.156590055475397172e-01
8.999300003051757812e-01,3.219326081396216566e-01
9.046372532844543235e-01,1.664253057677149705e-01
8.988245785236358421e-01,2.065765787779705320e-01
9.016666769981384055e-01,2.800806987138901860e-01
9.016840100288391335e-01,1.131385732471317240e-01
8.927877485752105935e-01,1.441166711063939232e-01
9.033827304840088557e-01,3.204304604491410302e-01
9.002280712127685991e-01,1.057019871863298377e-01
8.955609142780304177e-01,3.600630412252119328e-01
9.060621619224548118e-01,2.702671165445167389e-01
8.990856766700744407e-01,-1.654519620011831726e-01
9.020612239837646484e-01,2.753615356503780198e-01
9.095310688018799494e-01,2.745297555405405987e-01
8.983138620853424738e-01,1.907588999310130262e-01
9.021427869796753152e-01,6.807380547638279822e-01
9.066735267639159934e-01,4.521086296248597591e-01
8.996640324592590776e-01,3.186556716420634316e-01
9.056757926940918191e-01,5.440104073256430972e-01
9.021264791488647905e-01,3.742235264719755428e-01
8.942945778369904009e-01,5.022094308557591980e-01
9.023048639297485130e-01,4.645190435284130004e-01
8.918786764144898127e-01,5.754899700957882835e-01
8.931611120700836404e-01,6.846097084223146112e-01
9.018946647644042747e-01,4.557859141356623844e-01
8.987438380718231201e-01,1.734641653644706238e-01
9.001079440116882546e-01,3.687609669573026494e-01
9.047187685966492365e-01,2.088183778493291065e-01
8.989609897136688899e-01,2.523162456644056917e-01
9.017717003822326438e-01,3.243650312883810116e-01
9.016529202461243120e-01,1.509547949359846264e-01
8.928904354572296809e-01,1.967450202712388574e-01
9.035247325897216575e-01,3.623239401550129024e-01
9.001868963241577148e-01,1.413134859996252324e-01
8.956811428070068359e-01,4.033983729900096904e-01
9.061305761337280495e-01,3.082559859734121943e-01
8.991258621215820757e-01,-1.164870405870943593e-01
9.022700905799866389e-01,3.251810821030298726e-01
9.095112085342407227e-01,3.083099149854859888e-01
8.983588755130768044e-01,2.345492577351859786e-01
9.021841049194335715e-01,7.294531799900458857e-01
9.065496325492858887e-01,4.866846165049265593e-01
8.997919261455535889e-01,3.705316361870689690e-01
9.056209325790405273e-01,5.803817808993434468e-01
9.020790696144104226e-01,4.092444277016538123e-01
8.945060491561890315e-01,5.440429894371043851e-01
9.022229194641113725e-01,4.974206094849846771e-01
8.919072747230529785e-01,6.109452994782857971e-01
8.932377159595489280e-01,7.238310804813203880e-01
9.020390987396240678e-01,4.488384342538105365e-01
8.988997757434845637e-01,1.528527965553703183e-01
9.000983476638794167e-01,3.405253840662259002e-01
9.046210885047912820e-01,1.738690074620548032e-01
8.989853799343109353e-01,2.196573602621674226e-01
9.017008543014526367e-01,2.864769042500960872e-01
9.017443180084229182e-01,1.178408834943711625e-01
8.929511547088623269e-01,1.439919602659722742e-01
9.033768653869629350e-01,3.273524738530695366e-01
9.002580642700195312e-01,1.028572317994207452e-01
8.954725086688996027e-01,3.441000536512768271e-01
9.060426592826843484e-01,2.592611039970598164e-01
8.991013765335083008e-01,-1.678055514204865872e-01
9.018173098564148393e-01,2.464795536284687394e-01
9.094252467155456987e-01,2.470570434660954717e-01
8.983258068561553733e-01,1.575015522975640181e-01
9.020203709602355735e-01,6.463886446358779736e-01
9.067956209182739258e-01,4.210919575416838256e-01
8.997241795063019021e-01,2.697727672671703658e-01
9.056655049324036089e-01,5.069499408198843149e-01
9.021110892295837180e-01,3.319547907237545559e-01
8.941910028457641380e-01,4.490886049487099463e-01
9.024612665176391380e-01,4.069116234224203765e-01
8.919940233230591042e-01,5.233615878137136690e-01
8.929526209831237793e-01,6.191750914250113702e-01
9.018368244171143244e-01,4.019441621991499680e-01
8.987947404384613037e-01,1.050552135484688066e-01
8.999083101749419944e-01,3.019137094492800877e-01
9.046337008476257324e-01,1.427085246800143814e-01
8.988855361938477007e-01,1.817276629437420965e-01
9.016509056091308594e-01,2.492261881739650242e-01
9.017660856246948464e-01,8.190019300320683371e-02
8.928949117660522905e-01,1.000353213412377151e-01
9.033015727996825950e-01,2.917552063068491464e-01
9.002838134765625000e-01,6.955044923823683334e-02
8.954066038131713867e-01,3.037379331840925900e-01
9.060238003730773926e-01,2.292672106081501404e-01
8.990626156330109309e-01,-2.061247360483360325e-01
9.016131162643432617e-01,1.985314187961937371e-01
9.093872427940369318e-01,2.121541119503294048e-01
8.982819557189941628e-01,1.177843329330992006e-01
9.019677519798279253e-01,5.991251086513211810e-01
9.068830013275146484e-01,3.899393394072374619e-01
8.997045099735260232e-01,2.226713928258647890e-01
9.057334184646607111e-01,4.720541249376557502e-01
9.020940065383911133e-01,2.984173118331425734e-01
8.940641105175018977e-01,4.082643428086125681e-01
9.025295972824096680e-01,3.705728319601813148e-01
8.919659197330475076e-01,4.877178813959850423e-01
8.928428053855895774e-01,5.805967479335834014e-01
9.018551468849181907e-01,3.716697630460497059e-01
8.988232791423798052e-01,6.461819167562588007e-02
8.997776448726654275e-01,2.629556158311641134e-01
9.046099424362182839e-01,1.109065113585092632e-01
8.988356292247772217e-01,1.414981179645731224e-01
9.015759825706481934e-01,2.130345779738447298e-01
9.017859339714050515e-01,5.172166764934926775e-02
8.927654683589935081e-01,5.374026053184532969e-02
9.032079339027404563e-01,2.562642987566641217e-01
9.002722501754760742e-01,3.911164149971613213e-02
8.952858150005340576e-01,2.620785203709035116e-01
9.058965325355530229e-01,1.964472871837465995e-01
8.990090847015380637e-01,-2.406200166638057247e-01
9.013721942901611328e-01,1.601646717757509997e-01
9.093653082847595881e-01,1.813239443672429729e-01
8.982087135314941184e-01,7.239857518840064898e-02
9.019020318984986018e-01,5.511211722718307726e-01
9.069702148437500666e-01,3.546491676242169433e-01
8.996522724628448486e-01,1.800318951196340223e-01
9.057451248168945090e-01,4.376923560777723488e-01
9.021035432815551758e-01,2.632754448333258779e-01
8.938920021057129572e-01,3.638841364348790464e-01
9.025054812431335671e-01,3.377735064223337247e-01
8.920212805271149348e-01,4.539242396980212035e-01
8.926516056060791460e-01,5.425591925910100422e-01
9.018444418907165527e-01,3.390146227140946600e-01
8.988009810447693537e-01,2.354937644605392677e-02
8.996505260467529963e-01,2.251701037186313314e-01
9.046178936958313432e-01,7.956963576614306533e-02
8.987183570861816406e-01,1.010393746840896334e-01
9.014940381050110529e-01,1.737042243696058641e-01
9.018247723579406738e-01,1.534242942805441601e-02
8.926383376121521662e-01,5.182428257509918978e-03
9.030935049057007280e-01,2.208891138782211883e-01
9.003019571304321511e-01,5.216882904112818409e-03
8.951659619808197688e-01,2.230518919666097943e-01
9.058016538619995117e-01,1.669885643382666984e-01
8.989699184894561768e-01,-2.764831842001136408e-01
9.011345744132995828e-01,1.204242329755320640e-01
9.093168020248413308e-01,1.510708921147552175e-01
8.981053054332733820e-01,2.957893960156132707e-02
9.018916606903076838e-01,5.009087679464996334e-01
9.070887327194213645e-01,3.224546709370614828e-01
8.995998799800872803e-01,1.399836115421591032e-01
9.057935833930969016e-01,4.043110466179582474e-01
9.021182060241699219e-01,2.306873412594350192e-01
8.937035679817200151e-01,3.138144192873277838e-01
9.025123238563538264e-01,3.078818534521476913e-01
8.920303225517273171e-01,4.186029838316525087e-01
8.924678802490234597e-01,5.021712311388735195e-01
9.018638134002685547e-01,3.074683976929128981e-01
8.988122701644897239e-01,-1.998893812807800430e-02
8.995123267173766868e-01,1.838469982168486894e-01
9.046151161193848322e-01,4.824549341273920433e-02
8.986452698707581010e-01,5.969979087306187537e-02
9.014126062393188477e-01,1.357876347971709308e-01
9.018472671508789285e-01,-1.864913923436217758e-02
8.925405383110046609e-01,-4.035331955201959531e-02
9.029828786849976030e-01,1.853506439354428714e-01
9.003250837326050027e-01,-2.909039518315426065e-02
8.950466573238372581e-01,1.859640864477856148e-01
9.057357192039490190e-01,1.397192095801846889e-01
8.989036500453949641e-01,-3.102695230110259494e-01
9.009328365325928178e-01,8.016135687084524619e-02
9.092476725578307883e-01,1.208418083120781361e-01
8.979779005050659846e-01,-9.441134929736971770e-03
9.018441438674926758e-01,4.486163515860330797e-01
9.071887254714966486e-01,2.900568169335433488e-01
8.994820892810821977e-01,9.192275009436778888e-02
9.057432770729064719e-01,3.712461955970511873e-01
9.021540045738219993e-01,1.973479765867893754e-01
8.934739649295807551e-01,2.632511018764867039e-01
9.025145530700683372e-01,2.736623972630152224e-01
8.920768857002258079e-01,3.809264532643528156e-01
8.923288524150848611e-01,4.615649320892423191e-01
9.018683910369873491e-01,2.748948998931255439e-01
8.987591385841370295e-01,-6.177493431683034331e-02
8.993920564651489702e-01,1.456263089374405517e-01
9.046277046203613503e-01,1.535703520215792039e-02
8.985580205917358398e-01,1.837743438533578910e-02
9.013146758079528809e-01,9.796804254506374932e-02
9.018956303596497026e-01,-5.518754294268113370e-02
8.924486875534057839e-01,-8.959462715298815993e-02
9.028368949890136497e-01,1.501424891916185445e-01
9.003075599670410378e-01,-5.832254127651692599e-02
8.948504328727722168e-01,1.449885234682586344e-01
9.056671500205993874e-01,1.118450259714101058e-01
8.988704025745392068e-01,-3.480627125176387615e-01
9.007423400878906694e-01,4.199759265973712630e-02
9.091928243637085183e-01,9.512515969329626841e-02
8.978628218173980713e-01,-5.545100863708496419e-02
9.018571257591248003e-01,4.013153648986471644e-01
9.072714686393738015e-01,2.585345603621722610e-01
8.993768155574798362e-01,4.597897687751384410e-02
9.057190060615539773e-01,3.381974483783602992e-01
9.021942138671875666e-01,1.623319439484789406e-01
8.933172285556792991e-01,2.102924375126877798e-01
9.024676442146301047e-01,2.382111874578289878e-01
8.921121299266815408e-01,3.439693506984027316e-01
8.921725034713745561e-01,4.233446173168622373e-01
9.018590331077576128e-01,2.387512265926265975e-01
8.986498296260834184e-01,-1.004545819594109268e-01
8.991898417472840022e-01,1.060839843551879547e-01
9.046490907669068049e-01,-1.844147508717419726e-02
8.984445691108703391e-01,-2.531592609850896736e-02
9.012050509452820268e-01,5.431213276404767143e-02
9.018722057342529741e-01,-9.520455518329384859e-02
8.922757387161255327e-01,-1.387333198282045821e-01
9.027068614959716797e-01,1.167368367749652691e-01
9.002682089805603693e-01,-9.263281542001022828e-02
8.946268081665039729e-01,1.051724342483244534e-01
9.055341958999634233e-01,8.674294338605559318e-02
8.987769842147826926e-01,-3.824565017284413670e-01
9.005007863044739436e-01,1.057607847897656939e-03
9.090880990028381570e-01,6.613045105587067596e-02
8.977127194404602717e-01,-1.035360257882009805e-01
9.018322110176086870e-01,3.527118427668605172e-01
9.073583602905274104e-01,2.249768580920323835e-01
8.992606878280640093e-01,-2.888385455705133609e-03
9.056649088859558550e-01,2.996977513628742429e-01
9.022243142127991389e-01,1.260193679782206644e-01
8.931060254573822688e-01,1.552590042121488878e-01
9.024288296699524148e-01,2.041947140780311365e-01
8.920885920524597168e-01,3.093671483263555899e-01
8.920735776424407737e-01,3.809328198838337620e-01
9.018304705619811790e-01,2.035516855104528844e-01
8.985252797603607844e-01,-1.402865877280472517e-01
8.989637374877930132e-01,7.096271524192765412e-02
9.046128034591675027e-01,-4.906997063552509530e-02
8.983767986297607200e-01,-6.530728460768386867e-02
9.011003851890564409e-01,1.423463763836574358e-02
9.018670082092284934e-01,-1.350464853881803151e-01
8.921518683433532493e-01,-1.877428075786604644e-01
9.025523066520690918e-01,8.595610411961329689e-02
9.002367615699767844e-01,-1.228205161960609360e-01
8.943681478500365989e-01,6.180002628772562900e-02
9.054030776023864746e-01,5.749768954670297916e-02
8.986091256141662820e-01,-4.212505612681654021e-01
9.002193093299866167e-01,-3.966478838050413458e-02
9.089592695236206055e-01,3.958876345376038941e-02
8.975620806217193826e-01,-1.446625151001299514e-01
9.017775297164917214e-01,3.045970523069954083e-01
9.074229121208191584e-01,1.936463491191475761e-01
8.991246759891510232e-01,-5.364157792988999418e-02
9.055812120437621848e-01,2.616272394018110958e-01
9.022389769554138850e-01,9.219913628124754013e-02
8.928597807884216531e-01,1.005637507581580437e-01
9.024017214775085227e-01,1.707044230729839462e-01
8.921204149723053201e-01,2.734522988201435467e-01
8.919201135635376199e-01,3.387045308946685651e-01
9.017450094223022905e-01,1.716852569800817463e-01
8.984358429908753108e-01,-1.807140596716689807e-01
8.987551271915436013e-01,3.357118452315832613e-02
9.045701980590820090e-01,-8.086692811214790666e-02
8.982650816440582719e-01,-1.063320952614317250e-01
9.009498476982117365e-01,-2.407181375052180883e-02
9.018005132675170898e-01,-1.725404437791873136e-01
8.919411540031433328e-01,-2.350157062389244267e-01
9.024079442024230957e-01,5.270025451427740038e-02
9.002507567405700906e-01,-1.532104507673897054e-01
8.940731644630431907e-01,2.177646017411793977e-02
9.053093075752258745e-01,3.053617956587695303e-02
8.984784543514251487e-01,-4.554056022484318511e-01
8.999173700809478538e-01,-7.780683118397080378e-02
9.088516831398010254e-01,1.519187760268092546e-02
8.973933637142181841e-01,-1.923363235341808419e-01
9.017141580581665705e-01,2.520357399002146614e-01
9.074818134307861550e-01,1.645407864013477273e-01
8.990007340908050537e-01,-1.003529033012298122e-01
9.055260777473449485e-01,2.249862207677399972e-01
9.022659540176392046e-01,5.784635559004280836e-02
8.926965475082397905e-01,5.117338935992910010e-02
9.023580789566040261e-01,1.374399598059969918e-01
8.921061515808105247e-01,2.362364118976434391e-01
8.918136298656463845e-01,2.977986262224034952e-01
9.017283320426940918e-01,1.352633249575614371e-01
8.983170568943024126e-01,-2.229949668983093325e-01
8.985408127307892290e-01,-3.853677321128845534e-03
9.045423030853271262e-01,-1.108207492490302926e-01
8.981044709682465266e-01,-1.468134962171272484e-01
9.008075714111328791e-01,-6.128489187030972118e-02
9.017541289329529253e-01,-2.055618519848123604e-01
8.917569577693938987e-01,-2.788538136892046992e-01
9.023012161254883035e-01,2.085030429315049005e-02
9.002499222755432351e-01,-1.827843345240691697e-01
8.937695026397705078e-01,-2.014098798156505055e-02
9.052019476890563743e-01,3.095300588836558120e-03
8.983626723289489524e-01,-4.903589049595029614e-01
8.996368110179900901e-01,-1.176669249797295258e-01
9.087504744529724121e-01,-9.365297256507698620e-03
8.970865547657013161e-01,-2.409346025675715985e-01
9.016415357589722124e-01,2.043336561855277900e-01
9.075202822685242143e-01,1.343244358376325387e-01
8.988432347774505393e-01,-1.534389000546481086e-01
9.054642438888550471e-01,1.951488713166567024e-01
9.022880315780640315e-01,2.447440880593632073e-02
8.924145221710205744e-01,1.876654718773185238e-03
9.023086428642272949e-01,1.024325408293371709e-01
8.920990824699401855e-01,2.034442019933333512e-01
8.916729509830475520e-01,2.588116955631090121e-01
9.016393303871155229e-01,1.038616596493011635e-01
8.981976747512817605e-01,-2.619560565726515300e-01
8.982900381088256836e-01,-4.123565811067653186e-02
9.044618725776673029e-01,-1.401429642826972355e-01
8.980265080928803156e-01,-1.832142685925486347e-01
9.007037758827209917e-01,-9.562737361823625548e-02
9.017124772071838379e-01,-2.369226960269892324e-01
8.915858507156372292e-01,-3.213109264726563552e-01
9.021868348121643288e-01,-1.329837006763456841e-02
9.002001762390137163e-01,-2.126950873526975982e-01
8.934872686862945779e-01,-5.936011299840071587e-02
9.050751805305481401e-01,-2.404503649799893950e-02
8.982472538948059748e-01,-5.222124129973986228e-01
8.993464410305023193e-01,-1.543732950902376722e-01
9.086446523666381614e-01,-3.312683193408938465e-02
8.967826664447784424e-01,-2.897720043385265676e-01
9.015082716941833496e-01,1.545957522650431848e-01
9.075206756591797097e-01,1.061004626644330706e-01
8.986188411712646706e-01,-2.004601299918995494e-01
9.053921818733215998e-01,1.605676413381935674e-01
9.022763967514038086e-01,-7.154769522012216498e-03
8.921500921249390093e-01,-4.879508247675845567e-02
9.022855162620544434e-01,6.519605602028111235e-02
8.920105218887329768e-01,1.715242189579160303e-01
8.914702773094177468e-01,2.204026292484693172e-01
9.015898704528808594e-01,7.075111877094242274e-02
8.981093049049377885e-01,-3.046622165299179841e-01
8.980865895748139094e-01,-7.579797548421041142e-02
9.043972253799438255e-01,-1.689079128582653411e-01
8.978464722633362483e-01,-2.252459413918606046e-01
9.005715131759643999e-01,-1.299902659992047127e-01
9.016304135322571467e-01,-2.643500927510107346e-01
8.914422273635864702e-01,-3.671760532135692756e-01
9.020711898803711604e-01,-4.862992487728146074e-02
9.001812219619751421e-01,-2.403743400532460939e-01
8.931945264339447021e-01,-9.868466174370116306e-02
9.049430727958679421e-01,-4.849435333303953044e-02
8.980442285537719727e-01,-5.499998982291232075e-01
8.989916682243347390e-01,-1.944927350030885016e-01
9.086024403572082742e-01,-5.664006845191327244e-02
8.964883029460907204e-01,-3.366481128023148806e-01
9.014241337776184304e-01,1.047851939810700017e-01
9.075065493583679421e-01,7.711886177299787093e-02
8.983693540096283625e-01,-2.512341076061548328e-01
9.052888393402099831e-01,1.265051035939155355e-01
9.023345947265625222e-01,-3.812481548016544153e-02
8.919452607631683794e-01,-9.593484388846418298e-02
9.022092223167419434e-01,3.239373442620729904e-02
8.919464349746704102e-01,1.376530543050953348e-01
8.912623286247253196e-01,1.779084402692161504e-01
9.015075564384460449e-01,3.736007212839265179e-02
8.979337990283966509e-01,-3.467367703839694393e-01
8.978678405284882258e-01,-1.125311228472414271e-01
9.043348789215087669e-01,-1.975256801717142352e-01
8.976078093051910178e-01,-2.685601135095598835e-01
9.004214406013488770e-01,-1.660601614151300254e-01
9.014806389808655007e-01,-2.961586599455112712e-01
8.912988364696502464e-01,-4.098897033114017319e-01
9.019525885581970437e-01,-7.983534850271656325e-02
9.001192450523376465e-01,-2.677637243138959455e-01
8.928567588329315852e-01,-1.417666395038588156e-01
9.047911643981934038e-01,-7.399154083324210873e-02
8.979027032852172630e-01,-5.842873274438908915e-01
8.986450910568237749e-01,-2.344803484419801798e-01
9.085036754608154519e-01,-8.082348529686633753e-02
8.961654603481292725e-01,-3.787784682035817418e-01
9.012987852096557839e-01,5.768494306084903656e-02
9.074715018272400124e-01,4.999930982623235209e-02
8.981525003910064697e-01,-3.045919964621135456e-01
9.051678776741027832e-01,9.472743322924959131e-02
9.023218035697937456e-01,-7.024160195895046144e-02
8.917249441146850586e-01,-1.453813813409370326e-01
9.021146178245544878e-01,9.695986962490188432e-04
8.918495059013367143e-01,1.040564033040132230e-01
8.911117196083069292e-01,1.399529019658389828e-01
9.014801979064941406e-01,5.388407123070759752e-03
8.977066636085510032e-01,-3.865758917861437105e-01
8.976172029972077082e-01,-1.475479044996088618e-01
9.042418837547302468e-01,-2.252302120966724885e-01
8.974145293235779031e-01,-3.090136136916474818e-01
9.002093672752380371e-01,-1.981132816991051371e-01
9.013481140136718750e-01,-3.245942295896959706e-01
8.911937892436981867e-01,-4.497518568958156493e-01
9.018139600753783958e-01,-1.089349191080639656e-01
9.000039696693420410e-01,-2.951192156884854256e-01
8.925894200801849365e-01,-1.803226998271032500e-01
9.046189546585082786e-01,-9.719150222189920640e-02
8.977267861366272639e-01,-6.118510447262108798e-01
8.983432173728943537e-01,-2.748812303865930673e-01
9.083648800849914995e-01,-1.060744344259667571e-01
8.958766877651215266e-01,-4.238075080038319342e-01
9.011543512344361018e-01,8.944351356707347378e-03
9.073614001274109553e-01,2.432011191027960706e-02
8.979567766189575639e-01,-3.461242641391972796e-01
9.050686955451965332e-01,6.089933688468240902e-02
9.022569417953490989e-01,-1.029291371488527673e-01
8.914297521114349365e-01,-1.920221121374434681e-01
9.020473480224610041e-01,-2.876700836422374508e-02
8.917177081108093040e-01,7.152410127733777045e-02
8.908810675144195335e-01,1.006517599098071258e-01
9.013955593109130859e-01,-2.779609889337564255e-02
8.975012421607971858e-01,-4.330816127989502995e-01
8.972571253776550071e-01,-1.866140433953873412e-01
9.041566252708435059e-01,-2.511541503556142807e-01
8.972292125225067583e-01,-3.495487564059027719e-01
9.000479578971862793e-01,-2.317207934040079742e-01
9.012117624282837136e-01,-3.540295457459072814e-01
8.910096704959870051e-01,-4.879358444864512201e-01
9.015917420387268288e-01,-1.368057321535838255e-01
8.999089896678924561e-01,-3.222614253104625348e-01
8.923167586326599121e-01,-2.182964017213526731e-01
9.045179247856139915e-01,-1.177536233567790802e-01
8.975475788116454856e-01,-6.374135837028505058e-01
8.980540275573730691e-01,-3.131092225530531792e-01
9.082284212112426980e-01,-1.297238042485746590e-01
8.956112265586853027e-01,-4.639516653805499935e-01
9.010095715522766779e-01,-3.215217739295850308e-02
9.072714567184448908e-01,1.613376277883826759e-03
8.977596163749694824e-01,-3.955159363120253069e-01
9.049476146697997825e-01,2.856065499163440435e-02
9.022779941558838335e-01,-1.366122992734708497e-01
8.911262869834900568e-01,-2.380769266881861412e-01
9.019947052001953125e-01,-5.778250214171931631e-02
8.915515124797821489e-01,3.830083378346316181e-02
8.906822800636291504e-01,5.931704469014720260e-02
9.013312458992004395e-01,-6.496592145139556962e-02
8.973524391651154231e-01,-4.681438970552549428e-01
8.969131886959076372e-01,-2.274602141966393098e-01
9.040486097335815874e-01,-2.769670472806673445e-01
8.970330595970154031e-01,-3.909883335934845050e-01
8.998570084571838601e-01,-2.655958903806254767e-01
9.010444164276123491e-01,-3.807803955233186599e-01
8.908691585063934770e-01,-5.263731860817268959e-01
9.014030456542968528e-01,-1.627588819607326265e-01
8.998128473758697510e-01,-3.455814162016874747e-01
8.919970393180847168e-01,-2.602273321300541120e-01
9.043387651443481889e-01,-1.428062710143986891e-01
8.973313212394714578e-01,-6.612200592238273167e-01
8.977129638195038286e-01,-3.478131035832818796e-01
9.080711126327515315e-01,-1.536596719478264816e-01
8.952871918678283469e-01,-5.037480929814988073e-01
9.008095145225525346e-01,-7.670596777430560564e-02
9.071874022483825684e-01,-2.321269462761899049e-02
8.974578380584716797e-01,-4.409327781400720347e-01
9.048179745674133079e-01,-4.164330901097468285e-03
9.022079944610595925e-01,-1.700198242252652925e-01
8.909400284290314165e-01,-2.818934999843398792e-01
9.018493771553039995e-01,-8.971652919069716958e-02
8.914220690727233665e-01,4.414688849510906010e-03
8.904236018657684104e-01,2.139483751228787867e-02
9.012422204017639382e-01,-9.718045426456489722e-02
8.971909821033478005e-01,-5.092147720734825356e-01
8.966111898422240989e-01,-2.658050525559270127e-01
9.039673089981079546e-01,-3.041764809142231130e-01
8.968265771865845393e-01,-4.274229988549667070e-01
8.995884001255035622e-01,-2.986796540064613481e-01
9.008958339691162109e-01,-4.114573897318334339e-01
8.907302975654601829e-01,-5.641581364337171500e-01
9.012062907218932883e-01,-1.928859125982000933e-01
8.996346235275268777e-01,-3.719680578940844917e-01
8.916702270507812500e-01,-3.007830727308653529e-01
9.041664361953735130e-01,-1.616675684802886259e-01
8.972149670124054399e-01,-6.827452251819607909e-01
8.974001169204711692e-01,-3.856356918916152843e-01
9.079352736473084162e-01,-1.775747545070078814e-01
8.950055718421936479e-01,-5.395622000971003196e-01
9.006420135498046653e-01,-1.200787502419324859e-01
9.070569634437560813e-01,-4.884676444666258277e-02
8.971811830997467041e-01,-4.839344241426610793e-01
9.046680331230163574e-01,-3.588769774666111800e-02
9.021556377410888672e-01,-1.963995375376392793e-01
8.907258331775665949e-01,-3.264257562115600031e-01
9.017527341842651589e-01,-1.175566326598973532e-01
8.912257432937622514e-01,-2.486090005913377254e-02
8.901501357555389182e-01,-1.570195617521497056e-02
9.011668682098389338e-01,-1.327385858263285812e-01
8.970267653465271440e-01,-5.529650576256281980e-01
8.963032782077789973e-01,-3.041259224654035975e-01
9.038982033729553445e-01,-3.270343301325349117e-01
8.966286659240723100e-01,-4.618143537700851731e-01
8.992879450321197288e-01,-3.311063450511579909e-01
9.007722020149231401e-01,-4.387907851917538515e-01
8.906246006488800493e-01,-6.021672292421405004e-01
9.010134339332580566e-01,-2.185881426963924845e-01
8.994964480400086115e-01,-3.925178202970305286e-01
8.913277029991150124e-01,-3.406141422319310941e-01
9.039975881576538530e-01,-1.809689117044217532e-01
8.970896065235137717e-01,-7.032021098418903549e-01
8.970835983753204790e-01,-4.201820927164474639e-01
9.077708721160888672e-01,-2.006833361807616178e-01
8.947028875350951926e-01,-5.736028291802228729e-01
9.004040718078613059e-01,-1.590329115362516532e-01
9.069286346435546653e-01,-7.491451340446886320e-02
8.968473374843597412e-01,-5.319921022807116984e-01
9.045184016227721946e-01,-6.547824706609972623e-02
9.020838499069213645e-01,-2.222781604461574467e-01
8.904802501201629639e-01,-3.740153005642450346e-01
9.015947341918945090e-01,-1.494539580201026396e-01
8.910987794399262141e-01,-5.825344472979665511e-02
8.898359119892120805e-01,-5.538996399147322336e-02
9.010651230812073420e-01,-1.640007472665501176e-01
8.968150913715362549e-01,-5.892338162735768492e-01
8.960236310958862305e-01,-3.434665750129202166e-01
9.036726355552673340e-01,-3.519369877253235579e-01
8.964051485061645952e-01,-4.962581396691647662e-01
8.989704012870788352e-01,-3.608081229579993554e-01
9.006112813949584961e-01,-4.634185546257758581e-01
8.904965519905090332e-01,-6.356064000378256473e-01
9.008443951606750488e-01,-2.407808674324574127e-01
8.993836402893066184e-01,-4.015385710875096770e-01
8.910957038402557151e-01,-3.638923755895016043e-01
9.038613200187682883e-01,-1.893108685061206664e-01
8.969922900199890359e-01,-7.140676822537375124e-01
8.968794643878936768e-01,-4.374843174235558685e-01
9.076928377151489702e-01,-2.128701693884242907e-01
8.945819318294525591e-01,-5.908196662848808067e-01
9.002676606178283691e-01,-1.768351031261303774e-01
9.068509817123413530e-01,-8.379182800311157919e-02
8.966826081275940385e-01,-5.521344010368758326e-01
9.044503450393677202e-01,-7.722821782525901568e-02
9.020748376846313699e-01,-2.327456318869298713e-01
8.903950214385986106e-01,-3.903537314340428388e-01
9.015482664108276367e-01,-1.584402541639788886e-01
8.909781575202941895e-01,-7.026351062010549597e-02
8.897472262382507546e-01,-6.572935402856971976e-02
9.010638475418091264e-01,-1.692966511536329044e-01
8.967475712299347590e-01,-5.986279505712630566e-01
8.959425151348113792e-01,-3.530000259251315775e-01
9.036376714706421120e-01,-3.568917157096320736e-01
8.963437676429748535e-01,-5.018062740398026023e-01
8.988991379737854004e-01,-3.657297070703040553e-01
9.005869269371032937e-01,-4.686258876006674789e-01
8.904456794261932373e-01,-6.412893569386488579e-01
9.008284926414490412e-01,-2.410649310134171941e-01
8.993852674961090310e-01,-3.981376727635863588e-01
8.911332309246063899e-01,-3.567085817727968511e-01
9.038920879364014116e-01,-1.815507083728742366e-01
8.970163822174072044e-01,-7.075654912285251896e-01
8.970192372798919678e-01,-4.280987967875202749e-01
9.077996611595153809e-01,-2.018192159975726874e-01
8.946673154830933061e-01,-5.774228008688053748e-01
9.003892064094544123e-01,-1.602069910699479571e-01
9.069169163703918457e-01,-7.338671198254997918e-02
8.967884957790375200e-01,-5.323589319149242272e-01
9.045798063278198686e-01,-6.093622582696944789e-02
9.021257162094116211e-01,-2.176103048455213518e-01
8.905299723148346613e-01,-3.664040069747445116e-01
9.015881657600403054e-01,-1.408519060872546191e-01
8.910306870937347856e-01,-5.168534046760475675e-02
8.898901820182800737e-01,-3.965505119776846499e-02
9.011655807495116965e-01,-1.463910522892133415e-01
8.968550622463226096e-01,-5.736232398132647958e-01
8.961906969547271951e-01,-3.250236018976333519e-01
9.037744283676147905e-01,-3.377368047335607137e-01
8.964886426925658958e-01,-4.748224808907930417e-01
8.991336345672608088e-01,-3.404997303347880866e-01
9.007396101951599121e-01,-4.478098507006054163e-01
8.905484437942504661e-01,-6.096335886116919234e-01
9.009633064270019531e-01,-2.270387065362964307e-01
8.994044423103332297e-01,-3.910551830980346644e-01
8.912272095680237038e-01,-3.402761496388975182e-01
9.039624571800232156e-01,-1.762843905410265144e-01
8.970672965049744096e-01,-7.012601036466801219e-01
8.971719503402709739e-01,-4.159791875914358172e-01
9.078275442123413530e-01,-1.952964270858039697e-01
8.947565376758576106e-01,-5.663572417038502671e-01
9.004573225975036621e-01,-1.473447344367602163e-01
9.069534182548523171e-01,-6.715528953879301710e-02
8.968650102615356445e-01,-5.169736214321303258e-01
9.045580029487609863e-01,-5.218867791362979958e-02
9.021550655364990456e-01,-2.110687905823378507e-01
8.906153976917267068e-01,-3.532707945065869382e-01
9.016370415687561257e-01,-1.323187634476128416e-01
8.911054074764251931e-01,-4.129089789734941007e-02
8.900135755538940430e-01,-2.733545524857605713e-02
9.011773705482483132e-01,-1.350951713018582190e-01
8.968728184700012207e-01,-5.633310376617335358e-01
8.962630212306976762e-01,-3.129238415740482893e-01
9.038262963294982910e-01,-3.278588073553208027e-01
8.965868115425109641e-01,-4.642982716352346273e-01
8.992515921592713068e-01,-3.298689738296802787e-01
9.007832884788513628e-01,-4.394495430545202197e-01
8.906211137771606889e-01,-5.990756737235867213e-01
9.010197758674621804e-01,-2.190497226087630978e-01
8.994637191295623557e-01,-3.841324206800496022e-01
8.913446187973023127e-01,-3.270794582294440644e-01
9.040118098258972390e-01,-1.699516639461160494e-01
8.970967411994934526e-01,-6.943384647497801154e-01
8.972407877445220947e-01,-4.049186842713625722e-01
9.078811168670654075e-01,-1.872151271757962476e-01
8.948529958724975586e-01,-5.536683818247616351e-01
9.005334496498108576e-01,-1.329367000442949198e-01
9.070089221000671165e-01,-5.709752878697216261e-02
8.969604194164276789e-01,-5.023236554993886216e-01
9.046594262123107688e-01,-3.991814238514379554e-02
9.021325469017028587e-01,-2.012656946097561850e-01
8.906432569026947466e-01,-3.349766879350459803e-01
9.017062067985535112e-01,-1.208876854230438447e-01
8.911674439907074641e-01,-3.087173786322683355e-02
8.900689542293548362e-01,-1.653205100342525213e-02
9.011927962303162287e-01,-1.257783727055143963e-01
8.969552934169769953e-01,-5.494954372620135530e-01
8.963503956794739436e-01,-2.993676234174342810e-01
9.038746118545532005e-01,-3.207188308609261185e-01
8.966543793678284358e-01,-4.520887807523599200e-01
8.993404328823090266e-01,-3.194782763297077111e-01
9.008205890655517356e-01,-4.310431710439548425e-01
8.906471490859985130e-01,-5.869508214291063730e-01
9.010904669761657937e-01,-2.087622017950852005e-01
8.995036542415618674e-01,-3.772147141069468468e-01
8.914307117462157981e-01,-3.150368102276739357e-01
9.040599584579468440e-01,-1.632019237752024843e-01
8.971268773078918679e-01,-6.903186935616036912e-01
8.973627150058746116e-01,-3.921154124951304887e-01
9.079355359077453391e-01,-1.790744679018048124e-01
8.949522495269776057e-01,-5.421408682404074142e-01
9.006087779998779297e-01,-1.196441348355992140e-01
9.070419192314148615e-01,-4.841065101221619926e-02
8.970483899116515891e-01,-4.864481153165596261e-01
9.046992897987365945e-01,-3.152281833191317162e-02
9.021575689315796120e-01,-1.921385838232425591e-01
8.907233595848084162e-01,-3.201473331357518326e-01
9.017495155334472878e-01,-1.100752930092143700e-01
8.912030518054961936e-01,-1.805872890425908039e-02
8.901488900184632014e-01,-4.140549704800822184e-03
9.012311458587646262e-01,-1.149109277585256272e-01
8.970052361488342063e-01,-5.365236373230497513e-01
8.964889168739319514e-01,-2.867759481121874288e-01
9.039232969284057839e-01,-3.135605035221455950e-01
8.967154145240784358e-01,-4.415198179069204087e-01
8.994406044483185259e-01,-3.095622664880957053e-01
9.008485198020935725e-01,-4.210880252178865746e-01
8.906826674938201904e-01,-5.747931997696502648e-01
9.011340618133545366e-01,-2.011436053185331474e-01
8.995467603206634966e-01,-3.705597242141909220e-01
8.915535628795624445e-01,-2.994874656664880952e-01
9.041210055351257546e-01,-1.577543445416611512e-01
8.971995890140533891e-01,-6.825465492034519244e-01
8.974601268768310769e-01,-3.806644855980620967e-01
9.079691529273986594e-01,-1.715867616316408828e-01
8.950557231903076838e-01,-5.299313773575331510e-01
9.006797075271606445e-01,-1.051838567126872626e-01
9.070799112319946067e-01,-4.067726813149219467e-02
8.971665501594543457e-01,-4.720623640922783082e-01
9.046636223793029785e-01,-2.154445307009078547e-02
9.022293329238891824e-01,-1.824027118622391086e-01
8.908099651336670588e-01,-3.065600308957900921e-01
9.017765283584594505e-01,-1.015170583986764186e-01
8.912759542465210627e-01,-7.267683391042112362e-03
8.902589261531830278e-01,8.666467141714484512e-03
9.011958479881286843e-01,-1.030390549616568840e-01
8.970413982868195024e-01,-5.220373309616719304e-01
8.965473592281342219e-01,-2.738283038765487731e-01
9.039417028427124690e-01,-3.029379861716599009e-01
8.967792391777038574e-01,-4.303329184647983752e-01
8.995263993740082453e-01,-2.985583137292944222e-01
9.008993029594422053e-01,-4.136149247218261493e-01
8.907437205314636675e-01,-5.611103982374738841e-01
9.012105584144592951e-01,-1.895756449751235806e-01
8.996237456798553689e-01,-3.617567492606643675e-01
8.916900396347046120e-01,-2.859162672287425266e-01
9.041996717453003596e-01,-1.506098739629271321e-01
8.972585320472717951e-01,-6.753983335544351263e-01
8.975503504276275413e-01,-3.684821464747392028e-01
9.080298900604247825e-01,-1.605642707749388443e-01
8.951729834079742432e-01,-5.184179077867399066e-01
9.007613897323608620e-01,-9.029252100021123439e-02
9.071149945259094904e-01,-3.235384942769403693e-02
8.972655057907105158e-01,-4.559705461006107186e-01
9.047867774963379572e-01,-1.030325010886601333e-02
9.022192955017089844e-01,-1.715352669152503395e-01
8.908869624137878418e-01,-2.906582752209807552e-01
9.018163442611694114e-01,-9.278374175241221877e-02
8.913162469863892268e-01,3.796377745799883741e-03
8.903453886508941872e-01,2.227792508500137103e-02
9.012636184692383035e-01,-9.361964143956047479e-02
8.971271395683289018e-01,-5.087472000486594759e-01
8.966593503952026145e-01,-2.608353442904869368e-01
9.039756536483765093e-01,-2.949209142170046150e-01
8.968400001525879128e-01,-4.192465741597728446e-01
8.996116816997528076e-01,-2.882559998879989926e-01
9.009442687034606712e-01,-4.034871311557148843e-01
8.907792568206787109e-01,-5.495727729633559377e-01
9.012658119201660822e-01,-1.818615492063568873e-01
8.996723592281341553e-01,-3.513975103510684761e-01
8.917952537536620872e-01,-2.736129623352807627e-01
9.042375445365905540e-01,-1.435901142246147622e-01
8.973015666007996272e-01,-6.667719386647479318e-01
8.976567149162292258e-01,-3.572385092178307353e-01
9.079736709594726785e-01,-1.519423699695914287e-01
8.952103674411774348e-01,-5.074914779827950362e-01
9.008661508560180664e-01,-7.306351241713349154e-02
9.071542024612426758e-01,-2.609415170330064981e-02
8.973742663860321267e-01,-4.419767164814372151e-01
9.048151135444640891e-01,-6.759851860675958335e-04
9.022160530090331809e-01,-1.607393528106655367e-01
8.909541308879852517e-01,-2.759526949945376728e-01
9.018280386924744096e-01,-8.436576002396956042e-02
8.914144396781921165e-01,1.185576899465212719e-02
8.904254257678986262e-01,3.412395689691782863e-02
9.012665271759033869e-01,-8.070776262512380228e-02
8.971655070781707764e-01,-4.949185280289629674e-01
8.967265605926514338e-01,-2.482856137724085421e-01
9.040194630622864214e-01,-2.876356289956327750e-01
8.968965828418732356e-01,-4.071546784837822841e-01
8.996988177299499734e-01,-2.756632010616675288e-01
9.009680032730102983e-01,-3.942291301628126909e-01
8.908158004283904807e-01,-5.369764163202552787e-01
9.013333320617675781e-01,-1.713680495271181492e-01
8.997158229351044367e-01,-3.439805859092515128e-01
8.919248342514037864e-01,-2.584896195187771362e-01
9.042845249176025835e-01,-1.397291340164343865e-01
8.973624289035797563e-01,-6.615719085769082852e-01
8.977289259433746116e-01,-3.457003221831702611e-01
9.081071853637695535e-01,-1.459579349109931812e-01
8.953345239162445734e-01,-4.924600766417377429e-01
9.008648157119750755e-01,-6.227733549528435830e-02
9.072080254554748535e-01,-1.585831285952732372e-02
8.974654495716095637e-01,-4.266311037436421039e-01
9.048615813255310725e-01,1.121648549735709821e-02
9.022273182868957297e-01,-1.519245808857476732e-01
8.909853935241699441e-01,-2.605351769073105395e-01
9.018622756004334162e-01,-7.230607195241223195e-02
8.914639711380004661e-01,2.272920605409378680e-02
8.905240297317504883e-01,4.780170258421279073e-02
9.012780547142028587e-01,-7.177071415546842914e-02
8.972301900386810969e-01,-4.806082399708824227e-01
8.968314409255981889e-01,-2.335654277718619554e-01
9.040452122688293901e-01,-2.787126245395383783e-01
8.969455420970916526e-01,-3.938705396832227201e-01
8.998083293437958430e-01,-2.645238640121383433e-01
9.010437607765198198e-01,-3.835412613358903933e-01
8.908511102199554443e-01,-5.252794383055992000e-01
9.013823866844177246e-01,-1.617471512238006781e-01
8.997816622257233110e-01,-3.341072698688649645e-01
8.919882357120514360e-01,-2.477528775246629067e-01
9.043681502342224565e-01,-1.318863950834492371e-01
8.974105834960938166e-01,-6.533447381793808795e-01
8.978226006031037043e-01,-3.321783714196451243e-01
9.080410599708557129e-01,-1.356226644512079638e-01
8.953496813774108887e-01,-4.829170758003051844e-01
9.009673714637757014e-01,-4.484815290558463730e-02
9.072199583053589533e-01,-7.166379239889053565e-03
8.975559175014495850e-01,-4.097148085291890673e-01
9.049002289772033469e-01,2.272471196975400787e-02
9.022478938102722612e-01,-1.405493044083945264e-01
8.910627663135528564e-01,-2.469789587506965312e-01
9.018869519233704279e-01,-6.206480275672854319e-02
8.914395630359649436e-01,3.619685329851618505e-02
8.905875682830810547e-01,5.993797734305594815e-02
9.013036131858825906e-01,-6.039337788945964292e-02
8.972617864608765093e-01,-4.660582674146946935e-01
8.969462513923645020e-01,-2.194895811134922603e-01
9.040715098381042480e-01,-2.684908297093255847e-01
8.970102250576019731e-01,-3.806596170066942619e-01
8.998478472232819270e-01,-2.535204730138795881e-01
9.010616540908813477e-01,-3.747989565209466356e-01
8.909055173397064653e-01,-5.109290779954909212e-01
9.014508724212646484e-01,-1.522410393246547144e-01
8.997925698757172075e-01,-3.267937093668571436e-01
8.920907080173492432e-01,-2.344204273174534947e-01
9.044229149818420188e-01,-1.264393776104504319e-01
8.974898040294647661e-01,-6.434214254507173436e-01
8.979099988937377930e-01,-3.192189302126151595e-01
9.081803679466248225e-01,-1.290511896257613422e-01
8.954896152019501399e-01,-4.679021527684921189e-01
9.009817361831665705e-01,-3.323000862038405501e-02
9.072559475898742676e-01,1.194302913224642992e-03
8.976127386093140093e-01,-3.953093956859219382e-01
9.049346804618835227e-01,3.354721607334765210e-02
9.022647738456726074e-01,-1.291745896915839076e-01
8.911090552806854026e-01,-2.332523398962096373e-01
9.019530773162841575e-01,-5.265999500873563832e-02
8.914915025234222412e-01,4.966562406402408314e-02
8.906786441802978516e-01,7.296220826598043274e-02
9.013076663017273171e-01,-4.968378765489633864e-02
8.973269879817963313e-01,-4.519601375881414640e-01
8.970657885074615479e-01,-2.066333165927569659e-01
9.040911793708801270e-01,-2.608134356293314582e-01
8.971024453639984131e-01,-3.681656880358317174e-01
8.999286770820618120e-01,-2.443210823709054402e-01
9.011170744895935503e-01,-3.654239220817032674e-01
8.909708440303802934e-01,-4.962094537554868623e-01
9.015283226966858132e-01,-1.401324780859050101e-01
8.998820602893830012e-01,-3.172239312729017158e-01
8.922442972660065141e-01,-2.200944099641848339e-01
9.045021057128906916e-01,-1.208815060570769262e-01
8.975388109683990479e-01,-6.378603705876035868e-01
8.980359792709350364e-01,-3.070199255265331217e-01
9.082359552383423296e-01,-1.200446701023576423e-01
8.956273674964905229e-01,-4.534474922510050021e-01
9.010663986206054465e-01,-1.860026606716980169e-02
9.073127508163452148e-01,9.719580905272362514e-03
8.977596938610077348e-01,-3.804380960994593330e-01
9.049912095069885254e-01,4.210058209251776873e-02
9.023197531700134499e-01,-1.195299101919697904e-01
8.912555813789367898e-01,-2.163182555979124011e-01
9.020027279853820579e-01,-4.412685236909341668e-02
8.916042566299439143e-01,5.746735447741091463e-02
8.908163726329804133e-01,8.348960083127954235e-02
9.013514995574951616e-01,-3.773944774805260138e-02
8.974375486373901145e-01,-4.400103673293878082e-01
8.972166538238525169e-01,-1.947571369650629158e-01
9.041312575340271218e-01,-2.521922838380405985e-01
8.971957206726074441e-01,-3.543637932686580783e-01
9.000541806221008523e-01,-2.337371392443339246e-01
9.012152910232543723e-01,-3.551300346485444237e-01
8.910222887992859109e-01,-4.839778669579430925e-01
9.016358733177185503e-01,-1.319036224067504648e-01
8.999393939971923606e-01,-3.085471651879094779e-01
8.924040377140045610e-01,-2.071480765031448179e-01
9.046030163764954279e-01,-1.129352159307690506e-01
8.976456642150879572e-01,-6.280123337716267962e-01
8.981592535972595659e-01,-2.949461934414143727e-01
9.083212018013000488e-01,-1.122391946186875877e-01
8.957782685756683350e-01,-4.415857311438999844e-01
9.011274337768554465e-01,-2.989876860372220335e-03
9.073994755744934082e-01,1.790892609294214566e-02
8.978939175605774592e-01,-3.661302423370629278e-01
9.050915598869323508e-01,5.346312533090902264e-02
9.024072170257568803e-01,-1.079879780870265371e-01
8.914083182811737283e-01,-2.008773308214171216e-01
9.020978331565857600e-01,-3.196473662529797366e-02
8.916848301887512207e-01,6.911527207136103357e-02
8.909348309040069358e-01,9.710180778862342876e-02
9.014353275299072932e-01,-2.680421702894308922e-02
8.975200831890106645e-01,-4.267788467663033991e-01
8.973340630531311257e-01,-1.819845747651509527e-01
9.041776180267334651e-01,-2.426187606738023916e-01
8.972547054290771484e-01,-3.420646079525075933e-01
9.001011967658997248e-01,-2.258239929900298648e-01
9.012537717819214533e-01,-3.474382220479612648e-01
8.910570859909058283e-01,-4.728975147653704525e-01
9.016912698745728205e-01,-1.225527436708317985e-01
8.999384522438049760e-01,-3.016122312915050507e-01
8.924596309661865234e-01,-1.915416196201444876e-01
9.046006798744201660e-01,-1.046209726491640346e-01
8.977074325084686279e-01,-6.172602369893520624e-01
8.982503175735473411e-01,-2.779984396365846600e-01
9.084044098854064941e-01,-9.899756236583945324e-02
8.958797335624695268e-01,-4.222282118655229510e-01
9.011875748634338157e-01,1.522146365791599010e-02
9.074316382408141868e-01,2.961301974113617064e-02
8.979528725147247759e-01,-3.470552886115321201e-01
9.051021933555603027e-01,6.724872904235201787e-02
9.024040102958679199e-01,-9.593634191657729460e-02
8.914164364337920921e-01,-1.840555986316076975e-01
9.020494937896729182e-01,-1.857217804004784867e-02
8.916750013828277366e-01,8.179645455636963547e-02
8.909736692905426692e-01,1.125341189034680944e-01
9.014026522636413574e-01,-1.552425259029055482e-02
8.975368380546570046e-01,-4.107447028569932712e-01
8.974032461643218772e-01,-1.680364350034286858e-01
9.041913509368896262e-01,-2.336071853055168290e-01
8.972840487957001177e-01,-3.266081411343382257e-01
9.001183867454528587e-01,-2.114672660604410837e-01
9.012724041938782182e-01,-3.373862661550792730e-01
8.911083221435547319e-01,-4.595695586425008194e-01
9.017610907554626243e-01,-1.148566242394233328e-01
8.999518573284149836e-01,-2.956043895436382130e-01
8.925335109233856201e-01,-1.797474570316461850e-01
9.046287655830383967e-01,-9.987372155852947131e-02
8.977515101432800293e-01,-6.132966418554195442e-01
8.983345448970795344e-01,-2.708329966642661901e-01
9.083877682685852495e-01,-9.742219855132727702e-02
8.959171175956726074e-01,-4.172566310649412635e-01
9.011952996253967951e-01,2.368120292001307803e-02
9.073815107345580833e-01,3.115973376798386596e-02
8.979659795761109065e-01,-3.385155920988949241e-01
9.051092505455017312e-01,7.426137314712688564e-02
9.023431777954101785e-01,-8.711164555540973353e-02
8.915225982666016291e-01,-1.719680097864424440e-01
9.020537614822388139e-01,-1.245572925397686603e-02
8.917435586452484575e-01,8.990940031026806167e-02
8.910301387310027854e-01,1.260665558637854566e-01
9.014220833778381348e-01,-5.284106915691477724e-03
8.976135134696960893e-01,-3.967255940134100101e-01
8.975315272808075395e-01,-1.550846711904787512e-01
9.042016744613647905e-01,-2.251981917457532845e-01
8.973361253738403320e-01,-3.160650192738510000e-01
9.001942634582519309e-01,-2.014947056575571160e-01
9.013156533241272195e-01,-3.287285999285298743e-01
8.911576628684997337e-01,-4.482395975155708534e-01
9.018460631370545100e-01,-1.058362479559726843e-01
9.000158786773682085e-01,-2.883009407313941175e-01
8.926389515399932861e-01,-1.709075931358325917e-01
9.046772241592407893e-01,-9.049569106305987987e-02
8.977994441986084651e-01,-6.012201009675890440e-01
8.984261810779571311e-01,-2.546413725495586533e-01
9.084127545356750488e-01,-8.798836650864227948e-02
8.960073113441467951e-01,-3.992351656099972779e-01
9.012385964393615501e-01,4.084560904070988485e-02
9.074340820312499778e-01,4.165117365856696452e-02
8.979660689830780695e-01,-3.207079701571058372e-01
9.051288485527039240e-01,8.797132643885463565e-02
9.023122191429138184e-01,-7.367040105648126058e-02
8.915949642658234087e-01,-1.511366180982203211e-01
9.020622968673706055e-01,2.605819902858463877e-03
8.917670249938964844e-01,1.059547794304274149e-01
8.910370826721191184e-01,1.453585364122114143e-01
9.014258980751037598e-01,1.252051896987138591e-02
8.976300895214081033e-01,-3.801117132243025942e-01
8.976404428482055442e-01,-1.394074324791310104e-01
9.042299747467040794e-01,-2.140135393458009183e-01
8.974252581596374734e-01,-3.014566236212492534e-01
9.002404570579528587e-01,-1.896336935645086541e-01
9.013494491577148660e-01,-3.170181396608549029e-01
8.911726295948029231e-01,-4.323183674752906214e-01
9.018883347511291726e-01,-9.666269829795037793e-02
9.000696897506713645e-01,-2.811600279694288496e-01
8.927496969699859619e-01,-1.575017395510780460e-01
9.047274589538574219e-01,-8.390848694242469819e-02
8.978536665439605935e-01,-5.943771085466305060e-01
8.986144006252289040e-01,-2.427812967240812192e-01
9.085463047027587669e-01,-7.846015869482725336e-02
8.961451470851898859e-01,-3.854102386605835484e-01
9.013266563415527344e-01,5.949268848641642293e-02
9.075494885444641557e-01,5.310210055563491238e-02
8.980929791927337869e-01,-3.015957529822599348e-01
9.052607417106628418e-01,1.035171131832721692e-01
9.023947715759277344e-01,-6.012392008260336596e-02
8.918135941028595415e-01,-1.281628589546519592e-01
9.022431373596191406e-01,1.616147629892994431e-02
8.919691860675812434e-01,1.173487812591949009e-01
8.912176489830017090e-01,1.575674655345431496e-01
9.016250252723694292e-01,2.704165448488060619e-02
8.978600203990936279e-01,-3.590559918261337913e-01
8.978299379348755327e-01,-1.221095146028479128e-01
9.043400764465332475e-01,-2.031082691889549707e-01
8.975781798362731934e-01,-2.787152460887365457e-01
9.003418207168579768e-01,-1.726220863113550053e-01
9.015129208564758301e-01,-3.048734384938751596e-01
8.912793874740601030e-01,-4.115910887409337526e-01
9.019232273101807085e-01,-8.062668185349863847e-02
9.001074910163879839e-01,-2.673931496094006377e-01
8.928458213806153010e-01,-1.352854208722309437e-01
9.048187375068664773e-01,-7.111102002513147724e-02
8.979646563529968262e-01,-5.841983820246712256e-01
8.987536549568176936e-01,-2.289271582264609251e-01
9.085664510726928489e-01,-6.592185064111166781e-02
8.963068008422852007e-01,-3.684999355585829584e-01
9.014415144920349121e-01,7.464823890735283740e-02
9.075875997543335627e-01,6.002224142442180721e-02
8.982522785663604736e-01,-2.845995005172663461e-01
9.053306460380554643e-01,1.137258002674945701e-01
9.024329543113708274e-01,-5.215684481622506752e-02
8.919666469097137229e-01,-1.134911716142692484e-01
9.022589206695557085e-01,2.356548024827054277e-02
8.919950127601623535e-01,1.266942296432032045e-01
8.913434922695160356e-01,1.661200825396567105e-01
9.015902042388915794e-01,3.264577765624787631e-02
8.980395436286926492e-01,-3.505623596779763318e-01
8.979778528213501199e-01,-1.187556169109753590e-01
9.044299602508545366e-01,-2.000264508531368612e-01
8.977972686290741633e-01,-2.712292251001997556e-01
9.005352735519409624e-01,-1.681690104914443928e-01
9.016484856605530007e-01,-2.991526563831947705e-01
8.914785921573639138e-01,-4.037492860755196311e-01
9.021786093711853249e-01,-8.027764130312986524e-02
9.004005074501038042e-01,-2.703212328101045614e-01
8.931923091411591020e-01,-1.358125395145521885e-01
9.049920916557312456e-01,-7.215739266218035297e-02
8.981308281421661599e-01,-5.780995350689299705e-01
8.989870488643646462e-01,-2.120750909673594364e-01
9.086904048919678401e-01,-6.554678185227702514e-02
8.964756369590759499e-01,-3.542139904573411435e-01
9.014845609664917658e-01,9.542214376673197052e-02
9.076018571853637917e-01,8.065982572550245422e-02
8.983028292655944602e-01,-2.631939895546722141e-01
9.053775072097778320e-01,1.299898914921762128e-01
9.024028658866882768e-01,-4.000896033950462893e-02
8.920718431472778320e-01,-1.009730869400820019e-01
9.022417664527893066e-01,3.929065585923963155e-02
8.919799685478210227e-01,1.418681309085263464e-01
8.912983596324920432e-01,1.896012987065613942e-01
9.015122890472412331e-01,5.554725694335616026e-02
8.979737281799317072e-01,-3.239191806711989585e-01
8.979542791843414529e-01,-9.370128397172861057e-02
9.043781638145447221e-01,-1.824057079184653318e-01
8.977272987365723100e-01,-2.509189599418464311e-01
9.004118442535400391e-01,-1.512135792925346500e-01
9.015580654144287331e-01,-2.834046358434996193e-01
8.914676308631896973e-01,-3.914589016745337879e-01
9.021218180656432883e-01,-6.898119855523221489e-02
9.002944946289063166e-01,-2.601455023443723924e-01
8.932010352611542414e-01,-1.181438596802597552e-01
9.048968553543090820e-01,-5.946235341712480249e-02
8.980435490608215110e-01,-5.628402462011563578e-01
8.989256858825683816e-01,-2.079201227419695819e-01
9.084020018577575462e-01,-6.472698596734494103e-02
8.963937759399414062e-01,-3.485040690504814798e-01
9.012020945549011897e-01,8.924390132099224715e-02
9.073936343193054199e-01,6.359541298135962251e-02
8.982024669647217241e-01,-2.598972041846141501e-01
9.051841378211975542e-01,1.214545018103643237e-01
9.022822260856628862e-01,-4.473823509278096466e-02
8.920283436775208186e-01,-9.136791793195264688e-02
9.022076010704040971e-01,3.323375369066683405e-02
8.919610321521759255e-01,1.352865443933155554e-01
8.913675069808960627e-01,1.869688888046940889e-01
9.016254425048828569e-01,5.833021867059695609e-02
8.980641543865204302e-01,-3.158594149153182151e-01
8.980258941650390847e-01,-9.067414366204085141e-02
9.043272376060486062e-01,-1.817718547730806655e-01
8.976667106151581255e-01,-2.415059130392314124e-01
9.003898262977599876e-01,-1.411998231165383366e-01
9.014948487281799760e-01,-2.732942568542040540e-01
8.912687957286834495e-01,-3.738641869783290161e-01
9.017784476280212846e-01,-4.940384365124739219e-02
8.997809350490569846e-01,-2.337882594536959679e-01
8.928483963012695535e-01,-1.013365460110393634e-01
9.045600056648254172e-01,-4.877223754803239331e-02
8.978330969810486284e-01,-5.501178679430354101e-01
8.990057170391082542e-01,-1.743918192735507411e-01
9.084137797355652522e-01,-2.886063512129677378e-02
8.962407290935516802e-01,-2.929255407702626712e-01
9.008364677429199219e-01,1.717961110604560027e-01
9.071281313896178977e-01,1.168518104326508045e-01
8.978702664375305398e-01,-2.017345774091783284e-01
9.047270178794860618e-01,1.615701966529323741e-01
9.018315196037293147e-01,-3.907980840231140007e-03
8.915001153945922852e-01,-2.971900523014303630e-02
9.014238238334656428e-01,7.864085833597833641e-02
8.914729773998261164e-01,1.845555655143780172e-01
8.911833703517914040e-01,2.360128312017528707e-01
9.012803792953490989e-01,1.155852276629660835e-01
8.976917982101441096e-01,-2.346973752648757738e-01
8.975510478019714800e-01,2.527547933945495373e-03
9.036805272102356179e-01,-5.539876490663786512e-02
8.974027037620544434e-01,-1.126554591806345762e-01
9.000259757041931818e-01,4.459255185877530892e-03
9.008139371871948242e-01,-1.044715443448751557e-01
8.912525296211243342e-01,-1.888116506374069026e-01
9.013067245483398215e-01,1.039185847176016253e-01
8.993646204471588135e-01,-9.024889093141519325e-02
8.928954005241394043e-01,4.182119984941135016e-02
9.042229533195496050e-01,6.910029179022947332e-02
8.975707530975342019e-01,-4.551672285249237504e-01
8.984925329685211626e-01,-1.270769758261183213e-01
9.077588081359863059e-01,4.492211804367318706e-03
8.962230801582337092e-01,-2.984234911991094918e-01
9.012159109115600586e-01,1.458832207588489638e-01
9.073894143104553889e-01,1.080168151282050459e-01
8.983315348625183772e-01,-2.236868686330795164e-01
9.053640127182006614e-01,1.505918976255693487e-01
9.023347139358520730e-01,-1.518850703942620228e-02
8.920570492744446245e-01,-5.374831243295341565e-02
9.021981358528137207e-01,6.796553549450345955e-02
8.919577300548553467e-01,1.682244375316317431e-01
8.914128363132477473e-01,2.196378858966960834e-01
9.015017628669739214e-01,7.459543341636365454e-02
8.980544805526733398e-01,-2.961584726919967991e-01
8.980749726295471635e-01,-6.960699979950879523e-02
9.043640613555908869e-01,-1.607210019662792533e-01
8.978229463100433350e-01,-2.122975481421653932e-01
9.005357861518860085e-01,-1.178749636339455620e-01
9.016307473182678667e-01,-2.547859322624796974e-01
8.914076805114746760e-01,-3.464137580720674237e-01
9.021138787269592507e-01,-2.930161714711099208e-02
9.001475811004638894e-01,-2.250686123139642447e-01
8.933161318302155207e-01,-7.352209627327788155e-02
9.049845099449157493e-01,-3.092398159367348853e-02
8.981191992759705034e-01,-5.340320420638207111e-01
8.992856442928314209e-01,-1.601903255071892573e-01
9.086795806884765403e-01,-3.287460145053433536e-02
8.967235684394836426e-01,-2.965224935234971326e-01
9.014684677124024104e-01,1.546429401506079770e-01
9.075274467468261719e-01,1.119944542756985406e-01
8.984690189361572710e-01,-2.050300520046373087e-01
9.054073452949523704e-01,1.639127381149014795e-01
9.023049473762512207e-01,-4.092987312207529982e-03
8.920996785163879395e-01,-3.660487870584105963e-02
9.022188425064087136e-01,7.996811124424629824e-02
8.919706165790558527e-01,1.789241033299453498e-01
8.914758622646331565e-01,2.355615502326604549e-01
9.015233516693115234e-01,8.897275823250883064e-02
8.980750560760498713e-01,-2.833617547887601340e-01
8.981533169746399592e-01,-5.923877272123423410e-02
9.043820977210998979e-01,-1.512611416851279422e-01
0.000000000000000000e+00,3.000000000000000000e+00
0.000000000000000000e+00,3.000000000000000000e+00
0.000000000000000000e+00,3.000000000000000000e+00
0.000000000000000000e+00,3.000000000000000000e+00
0.000000000000000000e+00,3.000000000000000000e+00
0.000000000000000000e+00,3.000000000000000000e+00
0.000000000000000000e+00,3.000000000000000000e+00
0.000000000000000000e+00,3.000000000000000000e+00
0.000000000000000000e+00,3.000000000000000000e+00
0.000000000000000000e+00,3.000000000000000000e+00
0.000000000000000000e+00,3.000000000000000000e+00
0.000000000000000000e+00,1.199999999999999956e+00
1.000000000000000000e+00,0.000000000000000000e+00
1.000000000000000000e+00,0.000000000000000000e+00
1.000000000000000000e+00,0.000000000000000000e+00
1.000000000000000000e+00,0.000000000000000000e+00
1.000000000000000000e+00,0.000000000000000000e+00
1.000000000000000000e+00,0.000000000000000000e+00
1.000000000000000000e+00,0.000000000000000000e+00
1.000000000000000000e+00,0.000000000000000000e+00
1.000000000000000000e+00,0.000000000000000000e+00
1.000000000000000000e+00,0.000000000000000000e+00
1.000000000000000000e+00,0.000000000000000000e+00
