0.000000000000000000e+00,3.141592653589793116e+00
0.000000000000000000e+00,3.141592653589793116e+00
0.000000000000000000e+00,3.141592653589793116e+00
0.000000000000000000e+00,3.141592653589793116e+00
0.000000000000000000e+00,3.141592653589793116e+00
5.973693355917930603e-01,1.933707868477299918e+00
7.378430366516113281e-01,2.134797170276731215e+00
8.533802181482315063e-01,8.276886205533102725e-01
7.865789532661437988e-01,1.420580059718705712e-01
7.260173112154006958e-01,-1.252505050491361516e-01
6.567369252443313599e-01,-3.599003179214186332e-01
6.551232635974884033e-01,-2.365869504761248798e-01
6.571573615074157715e-01,-2.026901320918663707e-01
6.638771444559097290e-01,-1.721782954828285916e-01
6.684034615755081177e-01,-2.633741274352807693e-01
6.750395596027374268e-01,-1.711396002398597460e-01
6.831469833850860596e-01,-2.327804610405603825e-02
6.812124848365783691e-01,-1.887665225404977498e-01
6.836864650249481201e-01,-9.116025378476466656e-02
6.935552954673767090e-01,6.602521458092036610e-02
6.914146244525909424e-01,-4.309995409751588014e-02
6.940472573041915894e-01,-1.245381926813240447e-01
6.933742910623550415e-01,-6.968021592354034510e-02
6.973833441734313965e-01,6.918081080131210925e-02
6.955026239156723022e-01,-5.585510172061214362e-02
6.923502683639526367e-01,-4.520224930083527326e-02
6.969695687294006348e-01,-5.852290253665337616e-02
7.012693285942077637e-01,-1.439393420284971192e-01
7.007513046264648438e-01,1.671799374297400220e-03
7.061969935894012451e-01,1.052293593166249153e-01
7.050548642873764038e-01,1.317740429749614250e-01
6.906985193490982056e-01,-2.462973559592045447e-01
7.175104618072509766e-01,-1.973444187700206243e-01
7.082236707210540771e-01,-1.353363538280785150e-01
6.777226626873016357e-01,2.582563016401495659e-02
6.890138685703277588e-01,-8.176499596599340336e-02
6.983915418386459351e-01,-2.323666307742966453e-02
6.922019422054290771e-01,-4.494084339334847300e-06
6.931219846010208130e-01,-1.038054835950572574e-01
6.946796774864196777e-01,-5.196659524585367507e-03
6.972513794898986816e-01,5.444957684343165738e-03
6.966364383697509766e-01,-1.054226049432238632e-01
7.004197835922241211e-01,3.956966359531755018e-02
7.044070661067962646e-01,-2.105459787708419128e-02
7.024513781070709229e-01,-3.020005950798454464e-02
6.999194622039794922e-01,-6.173092974100580221e-02
7.063858211040496826e-01,1.255253932079027912e-01
7.094493955373764038e-01,-3.196174056907175043e-02
7.034703940153121948e-01,-1.137816018147099761e-01
7.021933943033218384e-01,2.618553141820356700e-03
7.088714689016342163e-01,1.936632019354207479e-01
7.137808948755264282e-01,-4.365815682318530122e-03
7.043001800775527954e-01,-6.414181873563817859e-02
6.997379660606384277e-01,3.530140699386929981e-02
7.120634317398071289e-01,3.468908800261116809e-02
7.047070711851119995e-01,2.038966064835090464e-02
7.028198242187500000e-01,-1.099082628745957635e-01
7.169313281774520874e-01,-1.162070965834454128e-01
7.186060547828674316e-01,-1.211500275963626194e-01
7.201242744922637939e-01,1.293011730671467241e-01
7.274802327156066895e-01,1.664897209765814345e-01
7.080711871385574341e-01,-1.108186894603746531e-01
7.137845605611801147e-01,-1.626023380229062454e-01
7.260430604219436646e-01,-1.345583154768013046e-01
6.886986196041107178e-01,8.546250385630393964e-04
6.954421848058700562e-01,1.906690182442227766e-02
7.041755914688110352e-01,-3.987638485148892187e-02
7.074362635612487793e-01,4.500675663206665789e-02
7.033382505178451538e-01,-7.384997717654773197e-02
7.016984820365905762e-01,-2.080292915407166987e-02
7.065663337707519531e-01,8.671822592218836334e-02
7.059622108936309814e-01,-1.026821497636940528e-01
7.047313004732131958e-01,2.765959108156312851e-02
7.075914293527603149e-01,-2.041756142195882973e-02
7.082525491714477539e-01,2.789328346721742236e-02
7.040417492389678955e-01,-4.353550577141973577e-02
7.085262238979339600e-01,4.064412425948837893e-02
7.119871228933334351e-01,9.104752716924835454e-02
7.111234068870544434e-01,-1.115984130932794471e-01
7.044120281934738159e-01,-3.338767607929504777e-02
7.105295211076736450e-01,1.988070559690169326e-01
7.163133025169372559e-01,3.541226107424400027e-02
7.078711837530136108e-01,5.794747248768183923e-02
6.955916732549667358e-01,2.705064265355883180e-03
7.069038897752761841e-01,1.828418213529126035e-02
7.059481739997863770e-01,4.519026507592993624e-02
7.015453279018402100e-01,-8.762771624039666918e-02
7.176416665315628052e-01,-1.843106379178749421e-01
7.256596833467483521e-01,-1.983769346470229955e-01
7.280454635620117188e-01,1.671657061626490304e-01
7.346089631319046021e-01,2.095966034541207890e-01
7.234932184219360352e-01,8.276155916827931947e-02
7.078019380569458008e-01,-2.575286344841791752e-01
7.278789430856704712e-01,-2.632173962439403603e-01
7.005736529827117920e-01,8.156575822694156486e-02
6.966565102338790894e-01,2.014323502373471797e-02
7.092742919921875000e-01,-4.962480279794023730e-02
7.064418792724609375e-01,-1.396349454988188299e-02
7.053638994693756104e-01,4.379822245176701045e-02
7.032504975795745850e-01,-2.491295653606639959e-02
7.105558514595031738e-01,9.432371465275046774e-02
7.074188292026519775e-01,-8.182341906240697682e-02
7.072162777185440063e-01,3.795366576823600013e-02
7.085018604993820190e-01,-3.499206418849976075e-02
7.112227380275726318e-01,5.381965602184335395e-02
7.085120975971221924e-01,-6.190076867833660401e-02
7.090227901935577393e-01,3.743834409730562029e-02
7.109854519367218018e-01,1.046964358153648078e-01
7.153671085834503174e-01,-8.844002198476275112e-02
7.055222839117050171e-01,-4.222491842591091782e-02
7.097899019718170166e-01,1.564413229004681938e-01
7.153838723897933960e-01,7.014441738510868163e-02
7.109065949916839600e-01,1.213462692791877906e-01
6.939555257558822632e-01,4.067895341311800195e-03
7.030669897794723511e-01,2.771539262877853460e-02
7.046220898628234863e-01,3.525159755910634019e-02
7.013933360576629639e-01,-1.019850049305279782e-01
7.156565636396408081e-01,-1.716081085322533895e-01
7.303223907947540283e-01,-2.657333344600090186e-01
7.322514355182647705e-01,1.724323985015248084e-01
7.393973767757415771e-01,2.250674887928791890e-01
7.296501845121383667e-01,1.388728236962437634e-01
7.057006508111953735e-01,-2.395116631135745244e-01
7.254485040903091431e-01,-2.584006740995579143e-01
7.180853486061096191e-01,-3.989080337207839833e-02
6.919102072715759277e-01,6.148057179259236449e-02
7.131627351045608521e-01,-2.667651013229521695e-02
7.156618833541870117e-01,4.074561566415590974e-02
7.059604227542877197e-01,2.260674225584180519e-02
7.037659287452697754e-01,-3.921669072115196997e-02
7.080017626285552979e-01,6.243631372879443475e-02
7.085078954696655273e-01,-3.369102677221214037e-02
7.088753581047058105e-01,3.957790274994010815e-02
7.087192088365554810e-01,-3.453759990966709381e-02
7.126195877790451050e-01,5.524914934883540241e-02
7.099043428897857666e-01,-7.189205443263491091e-02
7.098340690135955811e-01,2.961039819193800327e-02
7.115749120712280273e-01,1.099799809705137577e-01
7.151253521442413330e-01,-6.452213062286915601e-02
7.045687139034271240e-01,-4.470321868563553735e-02
7.084002941846847534e-01,1.287813573118770094e-01
7.147523462772369385e-01,9.336235511112400687e-02
7.127491831779479980e-01,9.072694915303003427e-02
6.941187381744384766e-01,-1.975075165808437561e-02
7.027811557054519653e-01,3.923335628391111385e-02
7.068934738636016846e-01,5.127787682082285414e-02
7.031507194042205811e-01,-9.295095914054440911e-02
7.121496200561523438e-01,-1.283868141575710276e-01
7.317546010017395020e-01,-2.879262464495875307e-01
7.336967438459396362e-01,1.355569384677428602e-01
7.398621588945388794e-01,2.502676922196460652e-01
7.320762872695922852e-01,1.644924749946978793e-01
7.066297233104705811e-01,-2.383117425949254908e-01
7.305537313222885132e-01,-2.373191117164368258e-01
7.221333831548690796e-01,-1.227278257065584910e-01
6.956076323986053467e-01,1.095579115496283507e-01
7.096979469060897827e-01,-1.171944843635364109e-02
7.135878205299377441e-01,4.887616324838361948e-02
7.049098908901214600e-01,3.461568462506559030e-03
7.036192119121551514e-01,-4.108978762315640409e-02
7.067470699548721313e-01,5.237480790669124531e-02
7.095068395137786865e-01,-4.077632524047469786e-03
7.094093859195709229e-01,2.998490522023056215e-02
7.083772271871566772e-01,-3.493626264128435466e-02
7.137818336486816406e-01,3.811769984662793931e-02
7.102064490318298340e-01,-4.945795991683565873e-02
7.084665894508361816e-01,1.136965887192875613e-02
7.109329700469970703e-01,1.011397425676721085e-01
7.156491428613662720e-01,-3.911257776728671587e-02
7.063071876764297485e-01,-5.632641881571842646e-02
7.071115374565124512e-01,8.538498090146751096e-02
7.138087004423141479e-01,1.216825765905946710e-01
7.156040817499160767e-01,1.102882002547986851e-01
6.978973448276519775e-01,-2.303967238054793754e-02
7.015122026205062866e-01,6.200488163220185811e-02
7.058950662612915039e-01,2.853855907696534189e-02
7.046177089214324951e-01,-6.560951177951590552e-02
7.081442773342132568e-01,-1.190969800672636580e-01
7.307488620281219482e-01,-2.927626302129557878e-01
7.331884652376174927e-01,9.612996205020474250e-02
7.393344342708587646e-01,2.508777641687345294e-01
7.352314591407775879e-01,1.912427630115671739e-01
7.076846361160278320e-01,-2.521394783470514156e-01
7.301273494958877563e-01,-2.354284129841026640e-01
7.237178981304168701e-01,-1.319654160664187614e-01
6.949720382690429688e-01,1.020194595771308776e-01
7.038761675357818604e-01,5.071274571512951468e-02
7.133711874485015869e-01,3.600735274220046023e-02
7.074322849512100220e-01,-2.580746657314314518e-02
7.034771442413330078e-01,-5.630638268970455940e-02
7.059095501899719238e-01,4.728787894139552250e-02
7.101074308156967163e-01,3.301279454397443303e-02
7.075112760066986084e-01,-9.154861757310372994e-02
7.069707661867141724e-01,3.261656610804086753e-02
7.103449404239654541e-01,2.267640056310460395e-02
7.081927359104156494e-01,-2.024397741434480480e-03
7.079131603240966797e-01,-1.301411923316075914e-02
7.124044746160507202e-01,1.104945536273875817e-01
7.147754132747650146e-01,-1.821864340534018467e-02
7.069754153490066528e-01,-6.016024726434743286e-02
7.070337533950805664e-01,5.017982221386940722e-02
7.147988379001617432e-01,1.643610230277672279e-01
7.167285084724426270e-01,7.626423673443438744e-02
7.008702158927917480e-01,1.511210760565484534e-02
6.989549398422241211e-01,7.814875610080207480e-02
7.061557322740554810e-01,9.468286689288341051e-03
7.034247964620590210e-01,-3.536675847030634756e-02
7.035421431064605713e-01,-1.191462277414840898e-01
7.276801913976669312e-01,-2.701997052794240517e-01
7.313452959060668945e-01,1.128913986084567611e-02
7.365090399980545044e-01,2.240533237602635452e-01
7.390560656785964966e-01,2.136528890775553080e-01
7.092273980379104614e-01,-2.009705830714620944e-01
7.264268845319747925e-01,-2.211117583065407288e-01
7.242901027202606201e-01,-1.092635490253903718e-01
6.950075328350067139e-01,6.094839730538881284e-02
7.013186365365982056e-01,4.687854275947200833e-02
7.120306193828582764e-01,4.580595463044456750e-03
7.085657417774200439e-01,2.790751473429242679e-02
7.049699276685714722e-01,-9.071253063244100190e-02
7.054763734340667725e-01,4.052315848934995302e-02
7.101574540138244629e-01,7.588523562180249371e-02
7.088107168674468994e-01,-9.670745188783147483e-02
7.061610072851181030e-01,1.178611068738977252e-02
7.092238217592239380e-01,6.460995252100421027e-03
7.090779989957809448e-01,2.259625605905002388e-02
7.069418430328369141e-01,-1.109083838936486544e-02
7.106171846389770508e-01,7.868018157394862655e-02
7.141460776329040527e-01,2.335313476322875559e-02
7.075379192829132080e-01,-6.809062084195316444e-02
7.070170342922210693e-01,1.666930782929565424e-03
7.136160731315612793e-01,1.881658132671168993e-01
7.159239351749420166e-01,4.104334875164816765e-02
7.031291723251342773e-01,5.527873540407046704e-02
6.968026906251907349e-01,7.875470847257881601e-02
7.053831666707992554e-01,-1.273099191977156153e-02
7.036824226379394531e-01,-1.577049096139315765e-03
7.008026689291000366e-01,-1.109048260768821237e-01
7.254610657691955566e-01,-2.421908863939781220e-01
7.294806241989135742e-01,-6.201237177276741619e-02
7.361755073070526123e-01,2.028644651135365073e-01
7.387346029281616211e-01,1.842057759499531322e-01
7.110755741596221924e-01,-1.067367501055018764e-01
7.193113863468170166e-01,-1.906484203576668257e-01
7.271973490715026855e-01,-1.376347034607090514e-01
6.926622092723846436e-01,5.714115885576864784e-02
7.019289284944534302e-01,4.859827903339075661e-02
7.095060348510742188e-01,-5.203381925743100211e-02
7.086485326290130615e-01,4.813763538859117119e-02
7.062595337629318237e-01,-5.579536784959993057e-02
7.059348970651626587e-01,9.900093292909417642e-03
7.102605849504470825e-01,8.663545986893561590e-02
7.092143893241882324e-01,-8.785522926008404454e-02
7.054280489683151245e-01,1.668204106825621480e-02
7.083507180213928223e-01,-5.698124435468798765e-03
7.091485410928726196e-01,3.016766465003728470e-02
7.067982107400894165e-01,-3.202428324279660288e-02
7.104139178991317749e-01,7.239333209000431424e-02
7.118425071239471436e-01,5.601239467249508053e-02
7.116839438676834106e-01,-7.222049709644728921e-02
7.055372148752212524e-01,-2.882280991143915116e-02
7.119220793247222900e-01,2.050987740443290797e-01
7.160071730613708496e-01,4.098192959900837096e-02
7.065414786338806152e-01,7.847158115919006249e-02
6.929593980312347412e-01,5.705539674628967717e-02
7.044893205165863037e-01,-3.459321420336891606e-03
7.049564272165298462e-01,2.594210184981404765e-02
6.993298679590225220e-01,-9.317697413211911694e-02
7.216324806213378906e-01,-2.376720845906024060e-01
7.287322878837585449e-01,-1.672994051717493491e-01
7.343678325414657593e-01,1.996946376260697598e-01
7.390628606081008911e-01,2.085749482809391431e-01
7.220880985260009766e-01,4.107817790527956703e-02
7.109226435422897339e-01,-2.351325524317515736e-01
7.289748489856719971e-01,-2.582604212174626213e-01
6.991560161113739014e-01,7.580097154043707874e-02
7.014202028512954712e-01,4.885519085479916868e-02
7.100611180067062378e-01,-9.055954451138159556e-03
7.074059545993804932e-01,-3.044948118882695454e-02
7.061620354652404785e-01,1.340023597933015509e-02
7.033016383647918701e-01,-7.947788154420987183e-03
7.110545635223388672e-01,9.424469366978049933e-02
7.078804820775985718e-01,-9.843524006285830907e-02
7.071353644132614136e-01,5.164451920152091091e-02
7.094866335391998291e-01,-2.631024225862566013e-02
7.103858888149261475e-01,3.735595255108137280e-02
7.068813145160675049e-01,-3.428611844016860033e-02
7.097103744745254517e-01,3.472803673355340237e-02
7.128388583660125732e-01,9.965557121454926559e-02
7.130633145570755005e-01,-9.034588825174250104e-02
7.050943374633789062e-01,-1.613938038426088184e-02
7.094794809818267822e-01,1.891664960467140943e-01
7.158039063215255737e-01,3.283340567742243366e-02
7.104127109050750732e-01,9.344998975574414501e-02
6.938197612762451172e-01,2.703453885134310397e-02
7.033751308917999268e-01,2.284118365555309893e-02
7.055597901344299316e-01,4.199347308242584731e-02
7.008572965860366821e-01,-9.052246831558274920e-02
7.172967344522476196e-01,-1.935186422224997038e-01
7.303169369697570801e-01,-2.461969880756220697e-01
7.330471128225326538e-01,1.864996314982438896e-01
7.399243414402008057e-01,2.283676447261919762e-01
7.285733669996261597e-01,1.182509686903512325e-01
7.061210870742797852e-01,-2.371090132735647060e-01
7.296236753463745117e-01,-2.971595299786224942e-01
7.061465680599212646e-01,6.463878956218227501e-02
6.950168311595916748e-01,3.166232219995190889e-02
7.144379466772079468e-01,-5.016952327059120975e-02
7.130828499794006348e-01,2.403473755472074203e-02
7.062918990850448608e-01,2.089075105220628004e-02
7.046247720718383789e-01,-1.583902574757001247e-02
7.098789513111114502e-01,8.015836081461902296e-02
7.085357904434204102e-01,-5.973724157589144212e-02
7.082900553941726685e-01,4.365778231615724536e-02
7.089864462614059448e-01,-3.815927012676834096e-02
7.115668654441833496e-01,5.490722443200413139e-02
7.096018791198730469e-01,-6.190039417130810406e-02
7.091333419084548950e-01,2.622710169834441274e-02
7.115361541509628296e-01,1.173132030915073898e-01
7.155136466026306152e-01,-7.353108444195655125e-02
7.057829052209854126e-01,-4.331941521609516954e-02
7.076043486595153809e-01,1.401776061828141628e-01
7.154866009950637817e-01,7.620581363802081398e-02
7.121654003858566284e-01,1.342941007683409183e-01
6.946212947368621826e-01,3.303151989539898636e-04
7.009669989347457886e-01,3.245889864912987477e-02
7.048426568508148193e-01,3.243792625554542397e-02
7.016071528196334839e-01,-1.102674151147282622e-01
7.142650336027145386e-01,-1.445941675674666804e-01
7.314036339521408081e-01,-2.779282195687797774e-01
7.342489659786224365e-01,1.615623320053383161e-01
7.398648858070373535e-01,2.306914608367462982e-01
7.307704538106918335e-01,1.501275089104865401e-01
7.061191648244857788e-01,-2.319219036782009802e-01
7.254386246204376221e-01,-2.495521965420937072e-01
7.204797565937042236e-01,-8.190300180591902901e-02
6.937622278928756714e-01,9.556295840936979147e-02
7.121628522872924805e-01,-2.642839922605189074e-02
7.141313701868057251e-01,6.154910657877010749e-02
7.065711617469787598e-01,-1.646520149887642503e-03
7.037258297204971313e-01,-3.719154396566093368e-02
7.072867751121520996e-01,5.804484431503809105e-02
7.090248912572860718e-01,-3.364852022450071090e-02
7.092874348163604736e-01,4.449143496113627805e-02
7.087035179138183594e-01,-3.522425854604094297e-02
7.130237966775894165e-01,4.496443733786970043e-02
7.102819085121154785e-01,-6.393527810953480994e-02
7.093395143747329712e-01,2.576758157462988308e-02
7.121049612760543823e-01,1.052349769220493059e-01
7.153334915637969971e-01,-4.963435272716143487e-02
7.058316320180892944e-01,-4.938455653929052502e-02
7.086534947156906128e-01,1.054173618448275285e-01
7.141644060611724854e-01,1.032145115044116324e-01
7.124087214469909668e-01,1.120978182155072389e-01
6.973438262939453125e-01,-6.053344351804046397e-03
7.013375908136367798e-01,4.846120946103571470e-02
7.057878226041793823e-01,3.194095542900177165e-02
7.031956017017364502e-01,-8.847971972976154120e-02
7.103863358497619629e-01,-1.251778506856475737e-01
7.315583080053329468e-01,-2.960124149509630875e-01
7.339973747730255127e-01,1.301494314862288171e-01
7.405051290988922119e-01,2.584896195187771362e-01
7.328049093484878540e-01,1.655639396026424848e-01
7.070472538471221924e-01,-2.492458497929503913e-01
7.315569669008255005e-01,-2.313854223601721216e-01
7.230118513107299805e-01,-1.221361046018567542e-01
6.961429566144943237e-01,1.051832949521447347e-01
7.074234783649444580e-01,1.230030883723554069e-02
7.137082070112228394e-01,3.157281502019015917e-02
7.055408358573913574e-01,4.810917285444027414e-03
7.034819275140762329e-01,-4.819006637255185410e-02
7.065114825963973999e-01,6.424630619653148855e-02
7.098256200551986694e-01,1.176701082894915373e-03
7.094430923461914062e-01,2.534626116780103189e-02
7.083601951599121094e-01,-3.484862799666377242e-02
7.139256000518798828e-01,3.573620965371659963e-02
7.103702872991561890e-01,-4.461258798478873189e-02
7.079019844532012939e-01,6.745620593602730253e-03
7.120349109172821045e-01,9.214745431134341302e-02
7.155698388814926147e-01,-2.525544321343975440e-02
7.055656462907791138e-01,-6.345441108520732953e-02
7.073646485805511475e-01,7.823376919622448966e-02
7.130376994609832764e-01,1.424242738455405721e-01
7.162914872169494629e-01,9.537907545847845725e-02
6.981874704360961914e-01,-2.519664560999812508e-02
6.995704174041748047e-01,5.733215744019748428e-02
7.071225345134735107e-01,2.260711676287030514e-02
7.054048478603363037e-01,-5.027419798499899173e-02
7.070696502923965454e-01,-1.090236772737691595e-01
7.297386527061462402e-01,-2.752396336126685661e-01
7.322002500295639038e-01,5.989715607697210231e-02
7.381057590246200562e-01,2.431535567102036666e-01
7.369453459978103638e-01,2.005623704106231919e-01
7.076059579849243164e-01,-2.416933538068919418e-01
7.293857187032699585e-01,-2.293984753215667638e-01
7.240097224712371826e-01,-1.179212152519397705e-01
6.956334263086318970e-01,9.116961646047183621e-02
7.027114629745483398e-01,4.195227730931394561e-02
7.132441401481628418e-01,3.782858042078629524e-02
7.081812471151351929e-01,-1.318114936777892154e-02
7.031736075878143311e-01,-7.848244186301034375e-02
7.061772793531417847e-01,5.046856713268299544e-02
7.103681862354278564e-01,5.395185700283056107e-02
7.082811594009399414e-01,-9.758342382700746498e-02
7.060712873935699463e-01,2.008368840623608875e-02
7.097932547330856323e-01,1.365976934993673453e-02
7.079020738601684570e-01,9.101644308589840193e-03
7.074175775051116943e-01,-1.162095308791277759e-02
7.116582393646240234e-01,1.036998726130788917e-01
7.141828685998916626e-01,-1.337570576897695318e-02
7.075307220220565796e-01,-5.839463387946297601e-02
7.059066444635391235e-01,3.533099304910436445e-02
7.136618494987487793e-01,1.807775386129644168e-01
7.163406163454055786e-01,7.154432465686566545e-02
7.009018659591674805e-01,1.944103434568633659e-02
6.976755261421203613e-01,6.183111037107424934e-02
7.062517106533050537e-01,-1.180446153177694413e-03
7.030177712440490723e-01,-1.670788205320850039e-02
7.039328962564468384e-01,-1.133007347903824957e-01
7.269051671028137207e-01,-2.651183939195527195e-01
7.298955172300338745e-01,-1.509076070504100642e-03
7.357474714517593384e-01,2.117114446428876029e-01
7.385738492012023926e-01,2.123278832114570136e-01
7.099730968475341797e-01,-1.754707740220613488e-01
7.236643880605697632e-01,-2.086605231369036417e-01
7.245079427957534790e-01,-1.100097542792632943e-01
6.936504691839218140e-01,4.415250610053167435e-02
7.031660526990890503e-01,5.335526730676054541e-02
7.110789716243743896e-01,-2.600146121379820485e-02
7.086267173290252686e-01,5.163328399067212970e-02
7.058278769254684448e-01,-7.824594067464385461e-02
7.057257294654846191e-01,1.885230929721082305e-02
7.093572616577148438e-01,7.724282359936252007e-02
7.086987346410751343e-01,-8.769568926603144021e-02
7.058345824480056763e-01,8.732754885722116001e-03
7.096866369247436523e-01,8.157512090265051086e-03
7.100102454423904419e-01,3.188140881150314243e-02
7.063782215118408203e-01,-2.042411529495380407e-02
7.101082801818847656e-01,6.916957559046332804e-02
7.128556668758392334e-01,3.241245977762163832e-02
7.083824574947357178e-01,-6.593757993630022796e-02
7.058427184820175171e-01,-5.023450023999842529e-03
7.127053737640380859e-01,1.859648354618421706e-01
7.153669744729995728e-01,5.909833258562446900e-02
7.042666077613830566e-01,6.157607108480700475e-02
6.948920637369155884e-01,8.218669087985031041e-02
7.028580456972122192e-01,-2.270973168862244762e-02
7.040171623229980469e-01,4.935253618837176504e-03
6.999182105064392090e-01,-1.061055185093149333e-01
7.244335561990737915e-01,-2.493838556328760170e-01
7.293584495782852173e-01,-9.535885207895056226e-02
7.354846596717834473e-01,2.124503470097085511e-01
7.393262088298797607e-01,1.973906703880148328e-01
7.146034389734268188e-01,-4.585145723437999976e-02
7.149512320756912231e-01,-2.266215057067784144e-01
7.283863276243209839e-01,-1.880637601019068406e-01
6.923620700836181641e-01,5.850174288955489743e-02
7.018454670906066895e-01,7.362546021308657984e-02
7.089128196239471436e-01,-4.175809541514441392e-02
7.084031999111175537e-01,2.748806686260518717e-02
7.059990465641021729e-01,-4.653174925127334660e-02
7.055991291999816895e-01,1.538474872225137347e-03
7.106755673885345459e-01,9.763548030394009203e-02
7.091018259525299072e-01,-1.016196733244285610e-01
7.060007899999618530e-01,3.590249077427865032e-02
7.089189440011978149e-01,-1.303153380997645883e-02
7.099274545907974243e-01,3.595454725121127737e-02
7.059694528579711914e-01,-3.775293000107105001e-02
7.097174823284149170e-01,4.807546722189437460e-02
7.132622897624969482e-01,7.916254662638921857e-02
7.115332484245300293e-01,-7.682468650227436413e-02
7.054898738861083984e-01,-2.133903596507247258e-02
7.110574245452880859e-01,1.804457253858973154e-01
7.147579789161682129e-01,5.132918428369892538e-02
7.079863399267196655e-01,1.012247556630940792e-01
6.930695921182632446e-01,5.145015005383735129e-02
7.028668075799942017e-01,-1.116293099231135955e-02
7.052829861640930176e-01,3.507145967849778501e-02
6.994417607784271240e-01,-1.045331507510294244e-01
7.201543152332305908e-01,-2.228150162712148052e-01
7.285656332969665527e-01,-1.867630971926477201e-01
7.342390418052673340e-01,1.860779365843865385e-01
7.386619597673416138e-01,2.199419856036697318e-01
7.241356968879699707e-01,7.763493245798480658e-02
7.082038223743438721e-01,-2.512595740840786185e-01
7.296808063983917236e-01,-2.745919237072369512e-01
7.027077972888946533e-01,9.156659391046195751e-02
6.994160562753677368e-01,2.388306220826263981e-02
7.112298905849456787e-01,-2.484816682017187972e-02
7.066719233989715576e-01,-2.724313926610166803e-02
7.066073268651962280e-01,4.818744482335368673e-02
7.036356627941131592e-01,-1.564297131825931331e-02
7.111905068159103394e-01,9.639136795595248941e-02
7.078035473823547363e-01,-8.980697263802994712e-02
7.077466845512390137e-01,4.905330507276595142e-02
7.095665186643600464e-01,-3.424024132920289176e-02
7.119354009628295898e-01,5.803248558310425409e-02
7.080594748258590698e-01,-5.765310996344430450e-02
7.090603858232498169e-01,4.049694299736961156e-02
7.113673090934753418e-01,1.063135571635314136e-01
7.146839499473571777e-01,-8.780804137451925229e-02
7.059943526983261108e-01,-3.234055442818961623e-02
7.096087634563446045e-01,1.676334654409861180e-01
7.152521312236785889e-01,6.064017802110432953e-02
7.098516821861267090e-01,1.147564436093548856e-01
6.927635967731475830e-01,1.903319619187593403e-02
7.029606401920318604e-01,2.479236527295647363e-02
7.050368934869766235e-01,3.316372087637642352e-02
7.010967731475830078e-01,-1.028954315163068678e-01
7.165954709053039551e-01,-1.803182057427639151e-01
7.305718362331390381e-01,-2.588366002804902699e-01
7.335598170757293701e-01,1.738124569007823972e-01
7.399797737598419189e-01,2.310622227947556340e-01
7.299892157316207886e-01,1.442099233564384519e-01
7.056748569011688232e-01,-2.423949927243977953e-01
7.263453900814056396e-01,-2.680683857814116777e-01
7.163048088550567627e-01,-2.151280722620008135e-02
6.922879964113235474e-01,5.085917796319172623e-02
7.140393257141113281e-01,-2.361772397871719775e-02
7.168265879154205322e-01,4.148526704503341378e-02
7.062657922506332397e-01,2.400402797840106572e-02
7.037026286125183105e-01,-3.413631562885166559e-02
7.086909115314483643e-01,6.673415638547819384e-02
7.084420025348663330e-01,-3.690336080738987334e-02
7.085281014442443848e-01,3.869668771236822735e-02
7.087596654891967773e-01,-3.494674883807613597e-02
7.122695147991180420e-01,5.571316355688971100e-02
7.097302675247192383e-01,-6.230710880403389496e-02
7.094678580760955811e-01,2.645218042234809275e-02
7.115699499845504761e-01,1.043020799145728539e-01
7.145552039146423340e-01,-6.927481206541363790e-02
7.045569568872451782e-01,-3.525702791101670286e-02
7.081001996994018555e-01,1.418658838663566790e-01
7.147228419780731201e-01,8.413487644102746188e-02
7.131372094154357910e-01,9.242758556850594331e-02
6.931910514831542969e-01,-1.737956040845078931e-02
7.025338113307952881e-01,3.699829833906198573e-02
7.064543068408966064e-01,4.902371901753088679e-02
7.028934061527252197e-01,-9.642057950415949819e-02
7.128250002861022949e-01,-1.297084494604145988e-01
7.316049784421920776e-01,-2.829750762820482102e-01
7.334258407354354858e-01,1.430122498799595299e-01
7.398048937320709229e-01,2.493591381690087871e-01
7.312027812004089355e-01,1.599103815035407550e-01
7.063179612159729004e-01,-2.410282293246446272e-01
7.289719432592391968e-01,-2.387530991277682091e-01
7.224256545305252075e-01,-1.145624489686993819e-01
6.953093707561492920e-01,1.163095242556835274e-01
7.102751582860946655e-01,-2.056830050084634820e-02
7.132308185100555420e-01,5.092584021422785767e-02
7.049562931060791016e-01,2.366884418807835289e-03
7.036259174346923828e-01,-3.559258620836658338e-02
7.070847600698471069e-01,5.100523570422588193e-02
7.094221711158752441e-01,-1.374908927618445631e-02
7.094008475542068481e-01,3.928728529598535246e-02
7.083950638771057129e-01,-3.531975783825558324e-02
7.132368981838226318e-01,3.563509275607756877e-02
7.096901684999465942e-01,-5.108837626450668523e-02
7.085744589567184448e-01,1.668166656122815894e-02
7.110687792301177979e-01,1.036186045879392559e-01
7.152450233697891235e-01,-4.687629571730234090e-02
7.059547454118728638e-01,-5.199318524486118420e-02
7.073661237955093384e-01,8.899148358392316993e-02
7.141846120357513428e-01,1.181858044674286567e-01
7.148055434226989746e-01,1.070434713616732481e-01
6.980981528759002686e-01,-1.772841370530509053e-02
7.015660256147384644e-01,6.600199514516624788e-02
7.053285390138626099e-01,2.960440607948555680e-02
7.039576619863510132e-01,-7.692205832963017187e-02
7.085028439760208130e-01,-1.244168524041571189e-01
7.303523868322372437e-01,-2.929468876708756220e-01
7.334882467985153198e-01,1.097137064733977319e-01
7.389287501573562622e-01,2.512537692251401999e-01
7.344516962766647339e-01,1.851079633811094638e-01
7.071358561515808105e-01,-2.538079071580940926e-01
7.303392887115478516e-01,-2.334489560860633084e-01
7.239415049552917480e-01,-1.262526858568464583e-01
6.951498240232467651e-01,1.013651957987038443e-01
7.040594518184661865e-01,4.737401555790299312e-02
7.131395339965820312e-01,3.259259765823019350e-02
7.069589197635650635e-01,-2.294791815861652040e-02
7.033373117446899414e-01,-5.375449179892033413e-02
7.058119624853134155e-01,5.570380088118209727e-02
7.099634408950805664e-01,2.511930990865574032e-02
7.070342898368835449e-01,-9.204221783639310317e-02
7.068786323070526123e-01,3.774094577616571300e-02
7.100761383771896362e-01,2.182589510185239945e-02
7.079285383224487305e-01,-3.304275510623622125e-03
7.073870003223419189e-01,-1.590175567480933694e-02
7.120565474033355713e-01,1.118674963931076682e-01
7.147663384675979614e-01,-1.841057825734004894e-02
7.065002173185348511e-01,-6.161970115360304590e-02
7.072186917066574097e-01,5.665692126818644425e-02
7.143127322196960449e-01,1.608691194959690485e-01
7.159751206636428833e-01,7.386402119010870848e-02
7.005980163812637329e-01,8.335777435731994700e-03
6.988738030195236206e-01,7.703497219866051182e-02
7.061065137386322021e-01,1.144568379867205721e-02
7.036105841398239136e-01,-3.574969190673504826e-02
7.038518935441970825e-01,-1.174171287918581719e-01
7.277340590953826904e-01,-2.723604235791570183e-01
7.306751012802124023e-01,2.228803677476509648e-02
7.359340190887451172e-01,2.233795856163656168e-01
7.384653538465499878e-01,2.144374813018279369e-01
7.086665481328964233e-01,-2.074268969857087086e-01
7.263952344655990601e-01,-2.213252273126675718e-01
7.242602854967117310e-01,-1.051827331916026509e-01
6.950041353702545166e-01,6.400774521950935991e-02
7.011902928352355957e-01,4.470452946023462104e-02
7.116088867187500000e-01,4.557376027290338527e-03
7.081803977489471436e-01,2.720306701407437799e-02
7.045654952526092529e-01,-9.149993165942582607e-02
7.053461521863937378e-01,4.360198076894183927e-02
7.099865972995758057e-01,7.264500081301683565e-02
7.084859460592269897e-01,-9.764933706398659652e-02
7.057656049728393555e-01,1.175877167432437531e-02
7.087864875793457031e-01,7.335469163163299555e-03
7.085592150688171387e-01,2.136562596408086989e-02
7.065265029668807983e-01,-1.042346686494788344e-02
7.101643383502960205e-01,7.926441253808480525e-02
7.138797342777252197e-01,2.366959320213579687e-02
7.068760842084884644e-01,-7.132336551017326443e-02
7.069300413131713867e-01,1.379683892229088826e-03
7.134141027927398682e-01,1.905222114891325091e-01
7.156201303005218506e-01,3.977264640465216772e-02
7.028993517160415649e-01,5.338672589713722161e-02
6.967359036207199097e-01,7.440593286004792972e-02
7.054269313812255859e-01,-1.289802205439016802e-02
7.036853283643722534e-01,-3.969961753413464578e-03
7.012581080198287964e-01,-1.097412327399776011e-01
7.251136749982833862e-01,-2.365500615338382850e-01
7.287699282169342041e-01,-5.710164836428344159e-02
7.353744208812713623e-01,2.056024859973821783e-01
7.382732182741165161e-01,1.840024186335900147e-01
7.102761417627334595e-01,-1.080501462537233337e-01
7.184965312480926514e-01,-1.901022018569022975e-01
7.272269427776336670e-01,-1.328481291321037538e-01
6.926054805517196655e-01,5.490834795308918714e-02
7.016766667366027832e-01,4.921209605276199994e-02
7.088544368743896484e-01,-5.615639262487359673e-02
7.084184885025024414e-01,4.874321325333985655e-02
7.060742378234863281e-01,-5.652415852665670926e-02
7.056909054517745972e-01,1.337214795220820207e-02
7.102516442537307739e-01,8.452661079262124844e-02
7.088477313518524170e-01,-8.842110937983393981e-02
7.050869166851043701e-01,1.685131824504448872e-02
7.078827619552612305e-01,-6.875200025391769998e-03
7.087779939174652100e-01,3.264952272653065535e-02
7.062366008758544922e-01,-3.535533600594353842e-02
7.097453773021697998e-01,6.827225675067483124e-02
7.114459872245788574e-01,6.165059798343719422e-02
7.115428596735000610e-01,-7.446772651971578227e-02
7.054009139537811279e-01,-3.351425945485786428e-02
7.117962837219238281e-01,2.044111791403842027e-01
7.156790047883987427e-01,3.832330420516072422e-02
7.069159597158432007e-01,7.957600238562401174e-02
6.935725063085556030e-01,5.303056971323094615e-02
7.043524384498596191e-01,-5.222313256023181083e-03
7.048963457345962524e-01,3.068972744747666681e-02
6.999655067920684814e-01,-9.207948128570819790e-02
7.210929095745086670e-01,-2.263988612784588739e-01
7.276710271835327148e-01,-1.675321612898330592e-01
7.336292415857315063e-01,1.945650148595490236e-01
7.385113984346389771e-01,2.146490777728131683e-01
7.213603258132934570e-01,4.486856353862656022e-02
7.096658051013946533e-01,-2.383915125919520150e-01
7.286906689405441284e-01,-2.578018373613182312e-01
7.006530016660690308e-01,7.419021681175141936e-02
7.010805010795593262e-01,3.486885137619166741e-02
7.098857462406158447e-01,1.460577410350438754e-05
7.070499360561370850e-01,-3.739359050742452339e-02
7.060022205114364624e-01,2.942876228321633647e-02
7.030890285968780518e-01,-1.643355565498438864e-02
7.110355198383331299e-01,9.901628771725423661e-02
7.076159715652465820e-01,-9.406792635242666734e-02
7.070004940032958984e-01,4.985250307114208468e-02
7.092184126377105713e-01,-3.019650169121579353e-02
7.106408327817916870e-01,4.484646762395749775e-02
7.066811323165893555e-01,-4.325799606345537285e-02
7.088623046875000000e-01,3.597327260262561666e-02
7.120617330074310303e-01,9.814031577807824647e-02
7.129980474710464478e-01,-9.001782009495862269e-02
7.053553611040115356e-01,-1.632738291246349505e-02
7.095822989940643311e-01,1.825463353075891249e-01
7.154959887266159058e-01,3.549615064858135938e-02
7.098554819822311401e-01,8.317875999779689167e-02
6.939338892698287964e-01,2.853331597856900714e-02
7.038763016462326050e-01,3.068036477176949717e-02
7.051660865545272827e-01,3.987488682337581025e-02
7.015822082757949829e-01,-9.390089621780806084e-02
7.166764289140701294e-01,-1.879579618664144469e-01
7.297065109014511108e-01,-2.409278614410621522e-01
7.326627075672149658e-01,1.852079567576634389e-01
7.389231622219085693e-01,2.226878711351094609e-01
7.289181649684906006e-01,1.276117718625195963e-01
7.054292559623718262e-01,-2.401172409783232098e-01
7.281149774789810181e-01,-2.828134764993399664e-01
7.100400626659393311e-01,3.450670307983294549e-02
6.938918232917785645e-01,3.396816197314844743e-02
7.139394581317901611e-01,-3.778120528170747505e-02
7.156100273132324219e-01,2.991262536377004011e-02
7.062446922063827515e-01,2.556010468095593069e-02
7.039364278316497803e-01,-2.279455753053083455e-02
7.093280702829360962e-01,7.474635974876564504e-02
7.081813812255859375e-01,-4.835653474662793272e-02
7.079346179962158203e-01,4.062165383779081651e-02
7.084355652332305908e-01,-3.970785668875764785e-02
7.112106680870056152e-01,5.439677135244158634e-02
7.092229723930358887e-01,-5.730538018767461494e-02
7.085364609956741333e-01,2.389841699642225592e-02
7.113164365291595459e-01,1.062532615319762286e-01
7.146112173795700073e-01,-7.021089238263034105e-02
7.049214243888854980e-01,-3.839446054053619051e-02
7.073852121829986572e-01,1.444342530663855761e-01
7.151333093643188477e-01,7.298804925093271834e-02
7.127678692340850830e-01,1.078688848520297228e-01
6.940731853246688843e-01,-1.450128664250982524e-02
7.023432850837707520e-01,4.785900215954130843e-02
7.050376087427139282e-01,3.826825167200142985e-02
7.028561234474182129e-01,-1.013026531249789919e-01
7.131084650754928589e-01,-1.318172985367289662e-01
7.310656756162643433e-01,-2.798706002710185103e-01
7.329189479351043701e-01,1.536527435678030074e-01
7.388686239719390869e-01,2.321928595131703688e-01
7.306228876113891602e-01,1.553443918145998026e-01
7.059336453676223755e-01,-2.318848274823999134e-01
7.270980626344680786e-01,-2.444647058162554565e-01
7.218821048736572266e-01,-1.047439982079581000e-01
6.947411894798278809e-01,1.146081388261510625e-01
7.110701650381088257e-01,-2.577394819411082949e-02
7.129567861557006836e-01,6.249923090954778715e-02
7.054221034049987793e-01,-4.239794067298241487e-03
7.034945338964462280e-01,-3.590249077427865032e-02
7.067351341247558594e-01,5.284743577639616774e-02
7.089889049530029297e-01,-2.467439555904427095e-02
7.091489881277084351e-01,4.464048875839665698e-02
7.079485654830932617e-01,-3.866242031927935585e-02
7.121264189481735229e-01,3.702676087321243870e-02
7.091398239135742188e-01,-5.619271980661810773e-02
7.082228213548660278e-01,2.322730040172249488e-02
7.107495516538619995e-01,1.017340852215720126e-01
7.148951739072799683e-01,-4.741277703533119947e-02
7.056492418050765991e-01,-5.092172063691657868e-02
7.076909840106964111e-01,9.268225034774468796e-02
7.139111161231994629e-01,1.102867022266851293e-01
7.134858071804046631e-01,1.071726762864342319e-01
6.986405402421951294e-01,-1.709736936263261953e-02
7.019190043210983276e-01,6.467286970175667449e-02
7.052159756422042847e-01,3.390149972211231599e-02
7.036999464035034180e-01,-8.064933952871022882e-02
7.089919000864028931e-01,-1.263324558538729825e-01
7.302280664443969727e-01,-2.965206209883555211e-01
7.329577505588531494e-01,1.269230534374901076e-01
7.387261986732482910e-01,2.556298838507364835e-01
7.333755493164062500e-01,1.723593696310081747e-01
7.067835479974746704e-01,-2.548209486696251247e-01
7.300964146852493286e-01,-2.336208548120493056e-01
7.245857268571853638e-01,-1.188028047965401512e-01
6.953248828649520874e-01,1.024527642088650659e-01
7.045861035585403442e-01,4.250055559873411326e-02
7.126895487308502197e-01,2.903890046676371739e-02
7.063473761081695557e-01,-1.871917204865303219e-02
7.031278312206268311e-01,-5.022420129672200417e-02
7.057061493396759033e-01,6.002486297361997458e-02
7.095435857772827148e-01,1.671424867268944681e-02
7.064570337533950806e-01,-9.028540536667328809e-02
7.065835893154144287e-01,4.275596939202941371e-02
7.097525745630264282e-01,1.912757196300551854e-02
7.074274122714996338e-01,-6.006343719753282073e-03
7.067463546991348267e-01,-1.740521413988904698e-02
7.118511795997619629e-01,1.142486120789905080e-01
7.145624458789825439e-01,-2.156074412582142941e-02
7.062004804611206055e-01,-6.014470522267334474e-02
7.071357667446136475e-01,6.051134760337184559e-02
7.137777209281921387e-01,1.620600518459389683e-01
7.150672823190689087e-01,6.558441980862061982e-02
7.006975263357162476e-01,-1.558323744724532389e-03
6.991197615861892700e-01,7.284124249584200683e-02
7.065357118844985962e-01,1.811790101472920966e-02
7.038348615169525146e-01,-3.741081783072619515e-02
7.047678679227828979e-01,-1.133969830966536918e-01
7.274592220783233643e-01,-2.720372240137405306e-01
7.303417474031448364e-01,3.371349719390970279e-02
7.350226938724517822e-01,2.268523892897209571e-01
7.376321703195571899e-01,2.107830417197509298e-01
7.078493684530258179e-01,-2.155733611186390064e-01
7.266200929880142212e-01,-2.215594814588643935e-01
7.245385646820068359e-01,-9.656644999167918186e-02
6.953563988208770752e-01,6.939315628635389643e-02
7.009094208478927612e-01,3.819597181554135190e-02
7.115078568458557129e-01,3.822967744808725143e-03
7.078584432601928711e-01,2.802997853254396432e-02
7.042264193296432495e-01,-9.227085437716553429e-02
7.050057351589202881e-01,4.756426512827527375e-02
7.095815837383270264e-01,6.837412266237041791e-02
7.082429826259613037e-01,-9.890955321419081514e-02
7.055520564317703247e-01,1.211904743554192976e-02
7.085207700729370117e-01,9.865638646306518211e-03
7.081024348735809326e-01,1.850701381712527294e-02
7.060826867818832397e-01,-9.931739136800121770e-03
7.097570002079010010e-01,7.969884069090404921e-02
7.135537117719650269e-01,2.208093438811964404e-02
7.064838558435440063e-01,-7.786600329444093305e-02
7.069493979215621948e-01,6.871454955108990958e-03
7.130225002765655518e-01,1.914161597656662828e-01
7.151902168989181519e-01,3.631819357568311091e-02
7.029341757297515869e-01,4.667106586579805594e-02
6.976087391376495361e-01,7.117131565668621818e-02
7.059319913387298584e-01,-8.551493484028505065e-03
7.037724554538726807e-01,-6.233482232412601576e-03
7.020625472068786621e-01,-1.065088625787860011e-01
7.247881442308425903e-01,-2.295128872187102154e-01
7.282561957836151123e-01,-5.177147708411222737e-02
7.342907190322875977e-01,2.065387535681133535e-01
7.374811172485351562e-01,1.816591281575647976e-01
7.101122587919235229e-01,-1.106035351726206706e-01
7.180557996034622192e-01,-1.912953812490418848e-01
7.274558246135711670e-01,-1.249216878782952733e-01
6.926665902137756348e-01,5.457616021899402980e-02
7.013571709394454956e-01,4.858891635768314288e-02
7.084967195987701416e-01,-5.975952474407453252e-02
7.081469148397445679e-01,4.888664944517584487e-02
7.058403491973876953e-01,-5.594048932306305844e-02
7.055459320545196533e-01,1.528850041598017739e-02
7.100401520729064941e-01,8.389743898508994491e-02
7.085870653390884399e-01,-9.070578950593155554e-02
7.049182951450347900e-01,1.905866266979971968e-02
7.074444442987442017e-01,-9.094341421538310044e-03
7.082809358835220337e-01,3.240010104568824545e-02
7.057082056999206543e-01,-3.726700713186170688e-02
7.092256993055343628e-01,6.684501046585245021e-02
7.110044956207275391e-01,6.489869743981691030e-02
7.110488861799240112e-01,-7.972674146451197430e-02
7.054012268781661987e-01,-3.443891730771175830e-02
7.114414274692535400e-01,2.023086966835507816e-01
7.150378674268722534e-01,3.404942999828763917e-02
7.070186436176300049e-01,7.847420270838778578e-02
6.950136125087738037e-01,4.600743941166385298e-02
7.052550911903381348e-01,-4.058345412090602622e-03
7.048262953758239746e-01,3.396067183258244526e-02
7.011137157678604126e-01,-8.804959840776804825e-02
7.210012674331665039e-01,-2.145582598184523349e-01
7.270318567752838135e-01,-1.650169720878214008e-01
7.327391505241394043e-01,1.985950849910032012e-01
7.373314052820205688e-01,2.102033048399540860e-01
7.209577262401580811e-01,3.971909189960642905e-02
7.092560529708862305e-01,-2.416139583168939176e-01
7.283370196819305420e-01,-2.481485442000535002e-01
7.012643218040466309e-01,7.713346754710137532e-02
7.007517069578170776e-01,3.014781577753744557e-02
7.093306183815002441e-01,-5.203775158122869726e-03
7.068978995084762573e-01,-4.006981773160234184e-02
7.054761499166488647e-01,4.195152829525738980e-02
7.028921991586685181e-01,-2.027543600472192509e-02
7.107595652341842651e-01,9.944210220842242265e-02
7.074207961559295654e-01,-9.596873677452455453e-02
7.067992389202117920e-01,5.114642485389220283e-02
7.087989598512649536e-01,-3.175070585862904693e-02
7.103218734264373779e-01,4.828406763665338275e-02
7.065782248973846436e-01,-4.512116852921010945e-02
7.081772685050964355e-01,3.499730728689565140e-02
7.114067822694778442e-01,9.901067011182984601e-02
7.128301411867141724e-01,-9.286014118618357571e-02
7.054477185010910034e-01,-1.893732239263323791e-02
7.097120285034179688e-01,1.808588066381036086e-01
7.149956226348876953e-01,3.905022234707589135e-02
7.093862295150756836e-01,8.172454920693761338e-02
6.945616602897644043e-01,1.859801902500013426e-02
7.049451172351837158e-01,3.903074798160499626e-02
7.053090035915374756e-01,3.684362693637721620e-02
7.020583450794219971e-01,-9.506467680822705546e-02
7.163040488958358765e-01,-1.860180154598598534e-01
7.288470864295959473e-01,-2.292295726518069898e-01
7.326688766479492188e-01,1.839372544106674390e-01
7.388082742691040039e-01,2.239394736236626215e-01
7.283458262681961060e-01,1.247172070408479883e-01
7.052972912788391113e-01,-2.426597691934002654e-01
7.269393205642700195e-01,-2.718722536677775636e-01
7.129526734352111816e-01,1.273398797599778476e-02
6.930695027112960815e-01,4.200021420893529367e-02
7.136594802141189575e-01,-3.382809634456718229e-02
7.163408398628234863e-01,3.401197929545851650e-02
7.059087008237838745e-01,2.166448257265818356e-02
7.034548819065093994e-01,-2.217512290573520062e-02
7.089577466249465942e-01,7.219147280175475245e-02
7.079288512468338013e-01,-4.895293718918347636e-02
7.077884376049041748e-01,4.164593056017062978e-02
7.081162035465240479e-01,-3.698144552278881392e-02
7.110050767660140991e-01,5.499148851336999044e-02
7.089531421661376953e-01,-6.095663646001137081e-02
7.085094600915908813e-01,2.390665615104481390e-02
7.109325230121612549e-01,1.070693123466255336e-01
7.138135731220245361e-01,-7.618296870929519571e-02
7.044081836938858032e-01,-3.556243839258899087e-02
7.080344855785369873e-01,1.498552423009180679e-01
7.145989239215850830e-01,7.616611589302202390e-02
7.125326842069625854e-01,8.822973628837660343e-02
6.942355036735534668e-01,-2.792642733922123810e-02
7.035139799118041992e-01,4.375964822785283204e-02
7.062501013278961182e-01,5.052024910258712254e-02
7.039023190736770630e-01,-9.131398891987840827e-02
7.127683609724044800e-01,-1.264938683830667543e-01
7.307703644037246704e-01,-2.725010509682808113e-01
7.321383357048034668e-01,1.485418461526966105e-01
7.382996380329132080e-01,2.421566190008896946e-01
7.301298081874847412e-01,1.492144607755099273e-01
7.057957798242568970e-01,-2.406252597622020595e-01
7.282852530479431152e-01,-2.397653916252426853e-01
7.226916849613189697e-01,-1.019765785223913923e-01
6.953732520341873169e-01,1.201841739703968237e-01
7.102912962436676025e-01,-2.576645805354482732e-02
7.126450240612030029e-01,4.802490877307485917e-02
7.045520842075347900e-01,1.195051927281198800e-03
7.035633325576782227e-01,-3.073485554438581957e-02
7.069993764162063599e-01,5.095467725540636650e-02
7.091102302074432373e-01,-2.279980062892672521e-02
7.089749127626419067e-01,4.104185072353505603e-02
7.078692615032196045e-01,-3.837517342857887925e-02
7.122760415077209473e-01,3.857721997034291306e-02
7.088948041200637817e-01,-5.585884679089536675e-02
7.076929509639739990e-01,2.120121737866043077e-02
7.102109193801879883e-01,1.053926443809602986e-01
7.144260108470916748e-01,-5.176829377437153212e-02
7.053412795066833496e-01,-5.442298684442237189e-02
7.075254023075103760e-01,9.370203298578516637e-02
7.137497365474700928e-01,1.197478732824359682e-01
7.139394134283065796e-01,9.529780743333882143e-02
6.984242200851440430e-01,-3.043637344283700585e-02
7.023429274559020996e-01,6.354448002551160712e-02
7.060533165931701660e-01,3.551862107027892179e-02
7.044308036565780640e-01,-6.982683542511658459e-02
7.086445093154907227e-01,-1.194636224479621589e-01
7.291648387908935547e-01,-2.823290516582437348e-01
7.318257242441177368e-01,1.173764947792887980e-01
7.372388243675231934e-01,2.512814827452336530e-01
7.335460484027862549e-01,1.783874347584024633e-01
7.065695524215698242e-01,-2.618208595354380996e-01
7.298102229833602905e-01,-2.331199516617084022e-01
7.248373627662658691e-01,-1.030182698215864612e-01
6.955553293228149414e-01,1.032815482624762637e-01
7.031563967466354370e-01,4.172682407828176565e-02
7.124253511428833008e-01,2.126263653130067155e-02
7.066597640514373779e-01,-2.115047167632688740e-02
7.032627910375595093e-01,-5.141288660452225656e-02
7.057720422744750977e-01,5.489449119304223856e-02
7.095784544944763184e-01,2.051849106608383266e-02
7.064265012741088867e-01,-9.466732485120843421e-02
7.063377648591995239e-01,3.659607779067597377e-02
7.095136344432830811e-01,2.008293939217953294e-02
7.069682180881500244e-01,-6.026941606309677013e-03
7.065858244895935059e-01,-1.275720741175190298e-02
7.114730775356292725e-01,1.168870140933102597e-01
7.139465659856796265e-01,-2.280616724840767162e-02
7.063760310411453247e-01,-6.541458087128981802e-02
7.064815312623977661e-01,5.522817695525095161e-02
7.142954766750335693e-01,1.673035247490606281e-01
7.160454839468002319e-01,5.927322736783713353e-02
7.010571658611297607e-01,7.454562398160113901e-03
7.002846896648406982e-01,6.264079456624216391e-02
7.079809308052062988e-01,1.638880206510329174e-02
7.034832239151000977e-01,-3.906370460009478407e-02
7.048895061016082764e-01,-1.024591308283460123e-01
7.264811098575592041e-01,-2.469087386828916486e-01
7.297965437173843384e-01,2.306476435144366732e-02
7.333957552909851074e-01,2.180698249692358814e-01
7.371265739202499390e-01,2.010050377180649939e-01
7.085248380899429321e-01,-2.067190787022359366e-01
7.250890880823135376e-01,-2.096383609877752185e-01
7.250989675521850586e-01,-8.819659241637278768e-02
6.949183493852615356e-01,5.592550904193149819e-02
7.012315094470977783e-01,4.232528630949294879e-02
7.111750394105911255e-01,-1.632419960272279980e-02
7.078978717327117920e-01,3.952322472380931373e-02
7.048765420913696289e-01,-8.623342657406407596e-02
7.051959931850433350e-01,4.135007000781953934e-02
7.093234211206436157e-01,6.510018222103841623e-02
7.078221887350082397e-01,-9.504538969626974421e-02
7.051765471696853638e-01,7.969884069090493739e-03
7.081851810216903687e-01,9.468661196316396911e-03
7.083291709423065186e-01,1.936276237677336809e-02
7.060406655073165894e-01,-1.619368390336273222e-03
7.096008956432342529e-01,7.586388872118998705e-02
7.133431136608123779e-01,2.049077754598993550e-02
7.064104527235031128e-01,-8.181237110507222354e-02
7.066897600889205933e-01,1.116255648528285960e-02
7.133200019598007202e-01,1.874021934364287212e-01
7.151993811130523682e-01,3.840494673732841591e-02
7.041754573583602905e-01,3.808436872111009563e-02
6.985410302877426147e-01,7.328053924002908559e-02
7.059124559164047241e-01,-7.255511912622747417e-03
7.042535990476608276e-01,-1.362643822441889085e-03
7.019366174936294556e-01,-1.018623538787619687e-01
7.235587537288665771e-01,-2.218583380674417072e-01
7.281859666109085083e-01,-6.261045949695054347e-02
7.331264168024063110e-01,2.083577342045295211e-01
7.371338158845901489e-01,1.795349242930903699e-01
7.113317251205444336e-01,-8.535988893057178117e-02
7.164117395877838135e-01,-2.061191184429116419e-01
7.277578860521316528e-01,-1.332286282728492033e-01
6.924856305122375488e-01,5.471435331243368339e-02
7.010741531848907471e-01,5.647491085243627751e-02
7.078558951616287231e-01,-6.731464227933114941e-02
7.079577296972274780e-01,5.116103062799570722e-02
7.056801766157150269e-01,-5.278807641241201054e-02
7.057772725820541382e-01,1.233476348383844012e-02
7.098441720008850098e-01,8.179645455636963547e-02
7.086197435855865479e-01,-9.458418429092763091e-02
7.048125267028808594e-01,2.653944055994061912e-02
7.074407339096069336e-01,-1.173255618234403386e-02
7.084575146436691284e-01,3.056539111408351772e-02
7.053402513265609741e-01,-3.463871680730568059e-02
7.088369578123092651e-01,5.652958887856707193e-02
7.120257914066314697e-01,7.438570948052003473e-02
7.107141017913818359e-01,-8.731968420962621380e-02
7.057044506072998047e-01,-2.642559042333969543e-02
7.114733457565307617e-01,1.973105258839602527e-01
7.145653069019317627e-01,3.122677052604805326e-02
7.073729634284973145e-01,7.705257402899023944e-02
6.960721015930175781e-01,2.798503768914883949e-02
7.062901109457015991e-01,4.677592783370876361e-04
7.049670666456222534e-01,3.096686264841297387e-02
7.026271522045135498e-01,-8.816457206545358360e-02
7.196096479892730713e-01,-1.952250834969140314e-01
7.273476421833038330e-01,-1.536008743443844082e-01
7.320354729890823364e-01,1.891605039342612038e-01
7.360981702804565430e-01,2.082622349123148808e-01
7.223238646984100342e-01,5.832872064248340038e-02
7.079732865095138550e-01,-2.550529557736522790e-01
7.290118634700775146e-01,-2.489383795227224638e-01
7.028296589851379395e-01,9.216131107138991752e-02
7.003879100084304810e-01,2.348271419501779533e-02
7.096730470657348633e-01,-3.153049572599320172e-02
7.068239599466323853e-01,-3.123107735687336017e-02
7.057226896286010742e-01,6.309095201424952393e-02
7.037075459957122803e-01,-2.552321573866889182e-02
7.106218338012695312e-01,9.071421591406814144e-02
7.073216885328292847e-01,-9.217198452169661493e-02
7.068287879228591919e-01,4.759347667648228253e-02
7.085903286933898926e-01,-3.521751741953194070e-02
7.104377895593643188e-01,5.339608857284439125e-02
7.068416625261306763e-01,-5.518585766105399415e-02
7.080609947443008423e-01,4.583591519270591164e-02
7.111288607120513916e-01,1.022954712569821289e-01
7.132231295108795166e-01,-1.025226097696414485e-01
7.058069109916687012e-01,-2.290466259684853512e-02
7.106055617332458496e-01,1.825725507995699104e-01
7.151104211807250977e-01,4.278255939103825511e-02
7.086290419101715088e-01,8.716613632802605593e-02
6.954118311405181885e-01,-3.176381360461721926e-03
7.064681202173233032e-01,3.954606965253537609e-02
7.055775374174118042e-01,3.402658506956202089e-02
7.036256045103073120e-01,-8.976053376652171067e-02
7.159746289253234863e-01,-1.808775319895183920e-01
7.284113168716430664e-01,-2.135802347140667301e-01
7.322456240653991699e-01,1.882923966426797158e-01
7.386302202939987183e-01,2.237645788414499570e-01
7.281821668148040771e-01,1.171663963364166783e-01
7.046310305595397949e-01,-2.459174185790016232e-01
7.262454777956008911e-01,-2.551714872481065655e-01
7.170741558074951172e-01,-1.115712613337294101e-02
6.933184564113616943e-01,5.854893077511968968e-02
7.136760205030441284e-01,-3.370095120846183789e-02
7.171653062105178833e-01,3.313301130005630313e-02
7.058080732822418213e-01,2.586045931764635597e-02
7.037356644868850708e-01,-2.812772486692827201e-02
7.089864015579223633e-01,6.869732222778690556e-02
7.083683311939239502e-01,-4.724237633745786979e-02
7.084328830242156982e-01,4.184516829922202419e-02
7.083921581506729126e-01,-4.067445932877999937e-02
7.111355215311050415e-01,5.551392581783787250e-02
7.091293185949325562e-01,-6.313626736467314871e-02
7.086747288703918457e-01,2.963324312066406563e-02
7.111903727054595947e-01,1.068060339057357311e-01
7.135262191295623779e-01,-8.512619654491748733e-02
7.043176591396331787e-01,-3.173216776072873557e-02
7.096384465694427490e-01,1.592351453315292709e-01
7.148147970438003540e-01,6.964557402342297365e-02
7.116767913103103638e-01,7.149414071507420587e-02
6.951766461133956909e-01,-4.272376178759618170e-02
7.052129805088043213e-01,4.906116972036000945e-02
7.064524739980697632e-01,5.267291550121200316e-02
7.044022381305694580e-01,-7.847813503218503683e-02
7.122093439102172852e-01,-1.264635333137751338e-01
7.299163490533828735e-01,-2.566168971238012020e-01
7.316269725561141968e-01,1.431751604372668574e-01
7.376922518014907837e-01,2.537678349060668026e-01
7.290969789028167725e-01,1.350932987667170515e-01
7.050470411777496338e-01,-2.482992832789414628e-01
7.298275232315063477e-01,-2.274768797593984537e-01
7.245003879070281982e-01,-1.005221804780176420e-01
6.968550384044647217e-01,1.228031016192452363e-01
7.099176198244094849e-01,-2.605276867667427609e-02
7.129701524972915649e-01,4.073438045330712853e-02
7.043605297803878784e-01,3.566804937456868885e-03
7.035906016826629639e-01,-2.236799402530564862e-02
7.069746553897857666e-01,4.965064378289207880e-02
7.089433073997497559e-01,-2.427067698254514738e-02
7.086219787597656250e-01,3.653728018723434445e-02
7.076668888330459595e-01,-3.761754571034359174e-02
7.119298577308654785e-01,3.668408694232461187e-02
7.086660563945770264e-01,-5.296596725085089830e-02
7.072384059429168701e-01,2.129334610762079194e-02
7.103141844272613525e-01,1.065847002520148301e-01
7.142711579799652100e-01,-5.611744389393136245e-02
7.056819200515747070e-01,-5.598318312428851584e-02
7.083404362201690674e-01,1.030774419320565904e-01
7.142769247293472290e-01,1.192550220332031508e-01
7.138466536998748779e-01,7.566652351727976011e-02
6.981768757104873657e-01,-5.512013167758844645e-02
7.037039697170257568e-01,5.805195994857559327e-02
7.075319290161132812e-01,4.463187509674604314e-02
7.050329148769378662e-01,-5.687301182351101048e-02
7.087371349334716797e-01,-1.027735294785974141e-01
7.285785973072052002e-01,-2.612823184287536016e-01
7.301367372274398804e-01,1.030291305254071865e-01
7.354758083820343018e-01,2.507964961435948936e-01
7.322534024715423584e-01,1.665211795669576667e-01
7.056080251932144165e-01,-2.734983631846232832e-01
7.304355800151824951e-01,-2.132132178263401734e-01
7.263236194849014282e-01,-8.828254177936578628e-02
6.969840079545974731e-01,1.005753604760353248e-01
7.020771205425262451e-01,2.954860453226970662e-02
7.124152928590774536e-01,1.574502448346892791e-02
7.069350033998489380e-01,-1.511472915485256863e-02
7.033083885908126831e-01,-5.289799422521568317e-02
7.056457996368408203e-01,6.291193765472602450e-02
7.089000791311264038e-01,1.244411953609958488e-02
7.058184444904327393e-01,-1.018376364148947388e-01
7.059694081544876099e-01,4.753954766440804391e-02
7.088457643985748291e-01,1.245348221180675452e-02
7.062775492668151855e-01,-6.817525943034752345e-03
7.057064622640609741e-01,-1.182618293941706256e-02
7.105821371078491211e-01,1.308512576572486985e-01
7.129286676645278931e-01,-3.683332799309946282e-02
7.062751352787017822e-01,-6.945101762222538611e-02
7.059217095375061035e-01,6.222883683512048236e-02
7.141064703464508057e-01,1.835893373813837215e-01
7.149951756000518799e-01,4.006925597105981396e-02
7.001267075538635254e-01,-1.149886379668974001e-02
6.995254456996917725e-01,6.946356360767280691e-02
7.076612561941146851e-01,3.114400447279530582e-02
7.024055123329162598e-01,-2.186858890307785686e-02
7.043279409408569336e-01,-9.109827287158234199e-02
7.242247909307479858e-01,-2.308607380135345721e-01
7.279483228921890259e-01,1.109664324830283988e-03
7.307980358600616455e-01,2.058781231702053738e-01
7.349095046520233154e-01,1.935946671492434490e-01
7.076190114021301270e-01,-1.992184519395960862e-01
7.229330390691757202e-01,-1.867711490937558061e-01
7.252562791109085083e-01,-6.985848126900728872e-02
6.938247680664062500e-01,2.559905341189816497e-02
7.008138000965118408e-01,2.893778356912468652e-02
7.087581008672714233e-01,-3.415054689592667003e-02
7.070883810520172119e-01,6.023458690946359440e-02
7.046103775501251221e-01,-8.322201555956487695e-02
7.038473784923553467e-01,1.523644393904755034e-02
7.081695348024368286e-01,7.697055698979404781e-02
7.077372968196868896e-01,-9.270397175538569456e-02
7.040318250656127930e-01,2.154052074629353442e-02
7.075655460357666016e-01,3.671666905378678791e-03
7.071644663810729980e-01,2.497774625196136355e-02
7.034381181001663208e-01,-1.711534569999084709e-02
7.066337466239929199e-01,6.871717110028630060e-02
7.099274992942810059e-01,3.560663022192755989e-02
7.057530432939529419e-01,-7.454412595348758330e-02
7.023698836565017700e-01,1.060753706935368967e-02
7.079124003648757935e-01,2.090498231928137329e-01
7.106472253799438477e-01,2.504328498191243924e-02
7.019076049327850342e-01,8.448129544219806775e-03
6.955657005310058594e-01,5.097527514196231735e-02
7.068144381046295166e-01,3.391535648215704413e-03
7.033233195543289185e-01,1.041129538652851849e-02
7.015745192766189575e-01,-9.195308516365940932e-02
7.177810072898864746e-01,-1.800730908927463680e-01
7.215231806039810181e-01,-1.192243124568834745e-01
7.186762839555740356e-01,1.359659001426383185e-01
7.172644138336181641e-01,1.415565410609871400e-01
7.054683715105056763e-01,2.306626237955677894e-02
7.057406157255172729e-01,-1.822875509510391012e-01
7.212257683277130127e-01,-1.750895258672593435e-01
6.938914209604263306e-01,6.465751491359661429e-02
6.880646795034408569e-01,-5.066892839281855743e-03
6.963880658149719238e-01,-2.775359234566421307e-02
6.986492574214935303e-01,3.808736477733720704e-03
6.938682645559310913e-01,4.288292727462028608e-02
6.887307167053222656e-01,-1.231792939291649347e-01
7.023954093456268311e-01,4.676544163692764045e-02
7.033726274967193604e-01,-4.697273127708756491e-02
