0.000000000000000000e+00,3.141592653589793116e+00
0.000000000000000000e+00,3.141592653589793116e+00
0.000000000000000000e+00,3.141592653589793116e+00
0.000000000000000000e+00,3.141592653589793116e+00
0.000000000000000000e+00,3.141592653589793116e+00
6.151809692382812500e-01,2.365295010979849621e+00
7.179625928401947021e-01,1.656225125018674582e+00
7.330311536788940430e-01,1.752119896655111475e+00
6.775245368480682373e-01,1.683237193448319680e+00
7.894070297479629517e-01,-2.732715991789924637e-01
7.894049733877182007e-01,-7.202157768836996432e-01
8.307789862155914307e-01,-1.773251642980023579e+00
8.017378151416778564e-01,-9.640035612463169201e-01
8.387012034654617310e-01,-5.426013246316929717e-01
8.817549049854278564e-01,2.080862166090171606e-01
8.186114132404327393e-01,2.803113950433187007e-01
8.045714348554611206e-01,2.057129655707301552e-02
7.959614098072052002e-01,-2.855586130167231396e-01
7.943210154771804810e-01,-2.829608450149732057e-01
8.138590753078460693e-01,-8.182472983700606051e-02
8.101875782012939453e-01,-2.080811607641352978e-01
7.958241254091262817e-01,-2.138976294205443551e-01
8.097826540470123291e-01,1.704418936461493672e-02
8.170665502548217773e-01,-5.865304372898494378e-02
8.208118081092834473e-01,-3.842966420119564575e-02
8.628356307744979858e-01,-3.426533330009817746e-02
8.430059254169464111e-01,-4.884676444666258277e-02
8.153335750102996826e-01,-1.562799103712730897e-02
8.236621022224426270e-01,-1.414625397968860554e-02
8.307154178619384766e-01,-2.416974733842032208e-01
8.150711655616760254e-01,-1.311744572226651862e-01
8.373228609561920166e-01,5.002927038849591668e-02
8.181204795837402344e-01,-2.012570809481055711e-01
8.172003030776977539e-01,-6.835914238123885767e-02
8.346942067146301270e-01,1.006877125845231369e-01
8.189831674098968506e-01,-2.105014124344748438e-01
8.112315833568572998e-01,-3.036259555826337220e-02
8.107152134180068970e-01,-8.885029443425684903e-02
8.051823526620864868e-01,2.802810599740190867e-03
7.977510690689086914e-01,-1.554054364602115434e-01
8.083780258893966675e-01,-1.455676985875125062e-01
7.968039810657501221e-01,-4.619207137661218709e-02
8.006080240011215210e-01,1.091661771980345641e-01
8.084410130977630615e-01,-2.175181761165614347e-01
7.829199731349945068e-01,-9.841857450009872110e-03
7.854091525077819824e-01,1.256377453163906033e-01
7.942167222499847412e-01,-2.960687782587210215e-01
7.808182388544082642e-01,-1.007186094143572852e-01
7.928740531206130981e-01,1.431523155085407950e-01
8.189239352941513062e-01,2.228354269042576163e-02
8.072310239076614380e-01,1.425134065182738219e-01
8.397294282913208008e-01,1.487433309339181164e-01
8.437826931476593018e-01,-4.686899283025036667e-02
7.985427230596542358e-01,-1.491092243005596174e-01
8.179292380809783936e-01,1.490976145826827803e-01
8.451443612575531006e-01,-3.697432988925131170e-02
8.236614316701889038e-01,6.613794119643578995e-03
8.285818099975585938e-01,6.273741737954363629e-03
8.097369223833084106e-01,-2.240727981257348844e-01
8.117709755897521973e-01,4.872074283164229414e-02
8.263743519783020020e-01,1.283529212715102119e-01
8.234967440366744995e-01,-2.276081444728150771e-01
8.085859417915344238e-01,3.326820833726973348e-02
8.123130053281784058e-01,-1.461719656776638843e-02
8.056710511445999146e-01,1.146066407980361745e-02
7.960470616817474365e-01,-9.084529337397073689e-02
8.081212043762207031e-01,2.551965792190014071e-02
8.067078590393066406e-01,-3.006519952709632015e-01
7.951815575361251831e-01,7.287532263541685040e-02
8.158669769763946533e-01,5.270137803536201204e-02
8.032267093658447266e-01,-7.899682726637013985e-02
7.781499326229095459e-01,5.573900454184155251e-02
8.008769154548645020e-01,-1.226169716261842346e-01
7.913050055503845215e-01,-1.686281561081308666e-01
7.819752097129821777e-01,1.489972466991003053e-01
8.224286437034606934e-01,2.510732568375040330e-02
8.082025200128555298e-01,6.041060521276087059e-02
8.201680779457092285e-01,3.197825632901953874e-01
8.607288897037506104e-01,1.055248453619483939e-02
7.959940433502197266e-01,-1.606249409135225292e-01
7.931767404079437256e-01,1.090197449499723525e-01
8.397904038429260254e-01,1.693430900251411408e-01
8.344710022211074829e-01,-1.283338214130673727e-01
8.135396242141723633e-01,6.443393421770693408e-03
8.332747817039489746e-01,-8.935737695057177632e-04
8.115849196910858154e-01,-9.388273262693624943e-02
8.188234865665435791e-01,8.549695850292682309e-02
8.387900739908218384e-01,-7.360692211518582440e-02
8.122950345277786255e-01,-3.942641465699558978e-02
8.148148357868194580e-01,1.013296176310163332e-01
8.051354587078094482e-01,-8.774699672890751145e-02
7.967505604028701782e-01,-3.417226830356767664e-02
7.980304658412933350e-01,1.890773633739817328e-02
8.112621605396270752e-01,-2.148975631860854385e-01
7.986072748899459839e-01,-6.868346546773995698e-02
8.039769232273101807e-01,1.735626607129114873e-01
8.113157153129577637e-01,-9.327490772001745256e-02
7.795017659664154053e-01,-3.260757793936219784e-02
7.873687744140625000e-01,1.400274288644691723e-01
7.978658229112625122e-01,-2.832462193705316267e-01
7.793470025062561035e-01,-6.736239192543846954e-02
7.995222210884094238e-01,1.931415136450094217e-01
8.193437010049819946e-01,6.119295039486383203e-02
8.025132417678833008e-01,1.596040347543974391e-01
8.446295559406280518e-01,1.404528688486093024e-01
8.347189724445343018e-01,-1.030231384129542960e-02
7.827355265617370605e-01,-1.606908541505021049e-01
8.226422816514968872e-01,1.977022602355540393e-01
8.458901494741439819e-01,-5.421438642966336374e-02
8.236832916736602783e-01,4.454686200132362828e-02
8.311055898666381836e-01,4.598309645482467900e-02
8.114345371723175049e-01,-2.094743269093832794e-01
8.134386837482452393e-01,2.959129833349516403e-02
8.322504460811614990e-01,1.672020333443935414e-01
8.264378309249877930e-01,-2.120662900521947947e-01
8.089092373847961426e-01,3.019238211390451454e-02
8.152743875980377197e-01,-3.774075852265168507e-02
8.137272894382476807e-01,5.003114292363752824e-02
7.993522584438323975e-01,-9.926833094729481388e-02
8.139505386352539062e-01,1.741794737885093980e-02
8.100157827138900757e-01,-2.636958289725841453e-01
7.993074655532836914e-01,1.171450494358037275e-01
8.188064992427825928e-01,1.365040667422956489e-02
7.962803691625595093e-01,-5.723253857067156503e-02
7.786782383918762207e-01,1.286787423861248669e-01
8.025628626346588135e-01,-1.781295866694230234e-01
7.858061641454696655e-01,-1.609086299874538106e-01
7.817842364311218262e-01,1.909461534451595277e-01
8.243650645017623901e-01,3.032158703866549843e-02
8.067609667778015137e-01,8.290499536011530779e-02
8.235606253147125244e-01,3.150948588170594533e-01
8.599202930927276611e-01,-2.155287947824824357e-04
7.923815548419952393e-01,-2.003112634481531984e-01
7.933424562215805054e-01,1.303007323256588634e-01
8.466798365116119385e-01,1.381706230181953821e-01
8.319012224674224854e-01,-9.413777191320304993e-02
8.175164461135864258e-01,1.441290298383268720e-02
8.339831531047821045e-01,-4.723900577420359070e-02
8.114777654409408569e-01,-3.778120528170747505e-02
8.253447860479354858e-01,1.062588791374006192e-01
8.344723433256149292e-01,-1.530952898561896980e-01
8.112993091344833374e-01,6.544135812381224326e-03
8.177195787429809570e-01,1.206519332487339113e-01
8.037506341934204102e-01,-5.301203161533063479e-02
7.955475002527236938e-01,-4.441878059764770015e-02
7.955879569053649902e-01,3.150465474104091612e-02
8.080777525901794434e-01,-2.677717762150044756e-01
7.965860962867736816e-01,-5.925824708670512919e-02
8.030433356761932373e-01,1.593650992703468106e-01
8.109627813100814819e-01,-7.321818381981826107e-02
7.766281813383102417e-01,-5.228061938907568873e-02
7.888717055320739746e-01,9.305900441820691427e-02
7.980880886316299438e-01,-2.448592489705614383e-01
7.770040929317474365e-01,-3.811114597363296497e-02
8.058596551418304443e-01,1.668926905390240023e-01
8.199789822101593018e-01,4.859940255447536828e-02
8.047475218772888184e-01,1.639992492384370060e-01
8.549028635025024414e-01,1.184198713601110065e-01
8.265374749898910522e-01,1.098354212575936018e-02
7.814697921276092529e-01,-1.122200947602447485e-01
8.276161253452301025e-01,2.213239165380684881e-01
8.416399657726287842e-01,-1.152389959153099497e-01
8.178642392158508301e-01,8.497377218440238522e-02
8.279129564762115479e-01,3.795254224715094438e-02
8.166266679763793945e-01,-2.001891741569297167e-01
8.153205662965774536e-01,3.398276774725150773e-03
8.337640166282653809e-01,1.550399176005980983e-01
8.264448940753936768e-01,-1.918393527076367455e-01
8.107739984989166260e-01,3.607289147215153591e-02
8.149627149105072021e-01,-5.848620084788036522e-02
8.137010037899017334e-01,1.729248752437273495e-02
8.014530539512634277e-01,-7.549799535454848609e-02
8.179756402969360352e-01,-7.868954424965490801e-03
8.087256401777267456e-01,-1.976436498856264379e-01
7.974501252174377441e-01,1.463603427128936652e-01
8.174233734607696533e-01,-4.137853254196999231e-02
7.923264801502227783e-01,-4.439013080998321925e-02
7.781574428081512451e-01,1.596017877122277717e-01
8.004986345767974854e-01,-2.242568683301402466e-01
7.827204167842864990e-01,-1.523844755164907028e-01
7.863659858703613281e-01,2.206670312104437315e-01
8.232994675636291504e-01,4.676768867909730787e-02
8.035222887992858887e-01,8.136389893869200307e-02
8.260438591241836548e-01,2.875577315337478623e-01
8.569929748773574829e-01,5.141981498453240818e-04
7.920552194118499756e-01,-2.029665182787461220e-01
7.979666292667388916e-01,1.401364104097022611e-01
8.493454605340957642e-01,1.173326774569782849e-01
8.315637111663818359e-01,-6.143918876596599077e-02
8.169437050819396973e-01,2.648700957597949213e-02
8.338038921356201172e-01,-1.171308181687287231e-01
8.106163740158081055e-01,3.240384611597102449e-02
8.242629617452621460e-01,1.064667305381030715e-01
8.317072093486785889e-01,-1.956231844679887644e-01
8.111460655927658081e-01,7.369923809766198985e-03
8.206428736448287964e-01,1.249516484405588379e-01
8.014297634363174438e-01,-2.532491426718808114e-02
7.910332530736923218e-01,-4.440492383760075157e-02
7.928327023983001709e-01,3.040510210597435758e-02
8.063649833202362061e-01,-2.970694610383182166e-01
7.963273972272872925e-01,-1.195669863877713013e-02
8.034570664167404175e-01,1.201302449583225851e-01
8.085493743419647217e-01,-6.640084513029798075e-02
7.764139175415039062e-01,-6.979387880662679677e-02
7.952862530946731567e-01,6.969912852846915641e-02
7.983643114566802979e-01,-2.340464820497034637e-01
7.772644460201263428e-01,-1.015288553700655072e-02
8.105714917182922363e-01,1.514847223810180665e-01
8.192133456468582153e-01,4.432852440382895054e-02
8.087803125381469727e-01,2.079873467535482412e-01
8.594320416450500488e-01,8.009357109872450309e-02
8.189262598752975464e-01,1.869539085235683018e-03
7.870478034019470215e-01,-5.283488979094830285e-02
8.297394514083862305e-01,2.350518461671544657e-01
8.384305685758590698e-01,-1.431798417751202201e-01
8.164822310209274292e-01,8.473858177063497976e-02
8.332806825637817383e-01,4.128303324975535205e-02
8.114122748374938965e-01,-1.743680380772540950e-01
8.124178349971771240e-01,-2.901980060832087815e-02
8.366762697696685791e-01,1.333698174225150801e-01
8.245963156223297119e-01,-1.730823554491265348e-01
8.112249672412872314e-01,6.860294645665732105e-02
8.100780546665191650e-01,-7.724581965558874330e-02
8.062857687473297119e-01,-1.282705297252872967e-02
8.018203824758529663e-01,-5.041482537412278475e-02
8.173370957374572754e-01,-4.632165080840122684e-02
8.063066899776458740e-01,-1.433429395859415756e-01
8.011836260557174683e-01,1.629326532218602352e-01
8.160173594951629639e-01,-9.795474754555932861e-02
7.882130891084671021e-01,-2.264363119812884406e-02
7.814109623432159424e-01,1.837859535712369485e-01
8.016654849052429199e-01,-2.343073261949091268e-01
7.823728919029235840e-01,-1.469402668462040928e-01
7.870183885097503662e-01,2.196348898404698602e-01
8.230544924736022949e-01,5.638540367267452780e-02
8.042591810226440430e-01,9.266277598227379286e-02
8.287769854068756104e-01,2.713153617167067821e-01
8.523003160953521729e-01,-2.442665915982900060e-02
7.905518412590026855e-01,-2.164609427756918336e-01
8.037043213844299316e-01,1.448492068537334809e-01
8.504790067672729492e-01,1.160675927154066756e-01
8.329483568668365479e-01,-4.933044027370225848e-02
8.175247162580490112e-01,4.394690174199933352e-02
8.304726779460906982e-01,-1.660024873327730077e-01
8.089173734188079834e-01,8.065158657087989624e-02
8.248217999935150146e-01,9.687373300839308143e-02
8.307538628578186035e-01,-2.079791075989256832e-01
8.108705580234527588e-01,3.098296645062781351e-03
8.219238519668579102e-01,1.308344048409755267e-01
8.013222515583038330e-01,-2.988172853393589179e-02
7.894968390464782715e-01,-2.868405505745696971e-02
7.954558134078979492e-01,1.185689251573718295e-02
8.058025240898132324e-01,-2.993022719409972332e-01
7.948191016912460327e-01,1.685431430127071195e-02
8.048055469989776611e-01,9.457950295307426813e-02
8.073143959045410156e-01,-8.478932747296852313e-02
7.750450074672698975e-01,-4.494477571888433332e-02
7.954262644052505493e-01,2.425569670141358714e-02
7.968773841857910156e-01,-2.054648546644846085e-01
7.765918821096420288e-01,2.665366520356959867e-02
8.150215446949005127e-01,1.336379644547727175e-01
8.170762062072753906e-01,3.011935324338743669e-02
8.115615844726562500e-01,2.523754177748758210e-01
8.621385693550109863e-01,6.779700733177174143e-02
8.127036690711975098e-01,-3.386517254036780500e-02
7.888356745243072510e-01,-1.587909799960485202e-04
8.318320214748382568e-01,2.190645156363806301e-01
8.381932377815246582e-01,-1.503284319311655182e-01
8.164064139127731323e-01,9.328895173357842907e-02
8.324147313833236694e-01,2.966657424618190930e-02
8.101270496845245361e-01,-1.536540543424020910e-01
8.124536424875259399e-01,-2.953212622302503476e-02
8.401938080787658691e-01,1.144793084084185786e-01
8.236358165740966797e-01,-1.571903369570528675e-01
8.118543922901153564e-01,9.324588342532491581e-02
8.071269989013671875e-01,-9.376438840599554680e-02
8.034282326698303223e-01,-2.778935776686619619e-02
8.016853332519531250e-01,-3.035585443175392584e-02
8.154637068510055542e-01,-8.673788754117373045e-02
8.028257638216018677e-01,-9.969657973414713936e-02
8.032413274049758911e-01,1.733993756485761040e-01
8.124220818281173706e-01,-1.316974562876755961e-01
7.851796448230743408e-01,-2.202906516470104492e-02
7.795553654432296753e-01,1.714770310723512381e-01
8.002289831638336182e-01,-2.358669607142327429e-01
7.816582173109054565e-01,-1.275334998936066278e-01
7.899106591939926147e-01,2.182409746811657669e-01
8.222320377826690674e-01,7.020096794638064353e-02
8.039720952510833740e-01,1.105099084155476419e-01
8.300119638442993164e-01,2.345964456207507709e-01
8.479244709014892578e-01,-1.330454943360148690e-02
7.906441092491149902e-01,-1.996320949523449073e-01
8.083480298519134521e-01,1.401843473093236092e-01
8.491961061954498291e-01,8.741892857212363310e-02
8.308274447917938232e-01,-3.633710618061192221e-02
8.193970322608947754e-01,4.243801292500926081e-02
8.273361474275588989e-01,-1.809883860698930924e-01
8.116316348314285278e-01,8.661373846129505338e-02
8.230986595153808594e-01,9.909755574239342835e-02
8.295085132122039795e-01,-2.067198277162924924e-01
8.113923370838165283e-01,2.591438832972059458e-02
8.218074887990951538e-01,1.036511866994005437e-01
8.016763925552368164e-01,-3.411103640444190788e-02
7.886484563350677490e-01,-2.762775798415795236e-02
7.972545027732849121e-01,2.377745122628560637e-03
8.062555938959121704e-01,-2.933303828678468506e-01
7.928350269794464111e-01,2.322205730332660423e-02
8.063813000917434692e-01,8.944988018655308792e-02
8.062830418348312378e-01,-1.069165134790819316e-01
7.743118703365325928e-01,-3.466249800360365896e-03
7.987965047359466553e-01,-2.224009987514374842e-03
7.963866740465164185e-01,-1.875081789254351428e-01
7.744058370590209961e-01,3.320791270571454845e-02
8.162721693515777588e-01,1.067618420763971621e-01
8.151030838489532471e-01,4.081265242222009704e-02
8.115487098693847656e-01,2.808858888247192098e-01
8.618174195289611816e-01,5.060788374720770477e-02
8.065095990896224976e-01,-9.108685040721908877e-02
7.891690284013748169e-01,4.493672381777580327e-02
8.344617486000061035e-01,2.177159158274997175e-01
8.380232751369476318e-01,-1.523253034060205735e-01
8.151815831661224365e-01,9.119133786811284281e-02
8.333401381969451904e-01,2.677612900182113620e-02
8.100392073392868042e-01,-1.402030726607383926e-01
8.120172470808029175e-01,1.844072607311897372e-03
8.403024375438690186e-01,7.445386975966927778e-02
8.217911720275878906e-01,-1.560771148154538324e-01
8.121525198221206665e-01,9.702278680565346036e-02
8.053767681121826172e-01,-1.002637706284961183e-01
8.014416098594665527e-01,-1.987415172390649687e-02
8.001721650362014771e-01,-2.448320972110096250e-02
8.133173584938049316e-01,-1.069479720694586078e-01
8.007143735885620117e-01,-9.378517354606596967e-02
8.023645579814910889e-01,1.855641129415692703e-01
8.122997283935546875e-01,-1.353063932658153945e-01
7.839259803295135498e-01,-2.432741479733158130e-02
7.815388590097427368e-01,1.777279278815795394e-01
7.996408641338348389e-01,-2.573327673083820599e-01
7.818110138177871704e-01,-1.108759890357031708e-01
7.901006042957305908e-01,2.171923550019467797e-01
8.214431107044219971e-01,7.028373399963339097e-02
8.033584952354431152e-01,1.245763923982097232e-01
8.310360312461853027e-01,2.137907076639669057e-01
8.454697132110595703e-01,-1.390525870698233746e-02
7.898367643356323242e-01,-1.908412914772377178e-01
8.110837042331695557e-01,1.426265076408181898e-01
8.487488031387329102e-01,5.860510682936359572e-02
8.296839296817779541e-01,-1.408726912273250420e-02
8.214892446994781494e-01,3.676310792529458027e-02
8.231160491704940796e-01,-1.833827967552803528e-01
8.134278208017349243e-01,8.566398863754542958e-02
8.248184025287628174e-01,1.043380325892888649e-01
8.273982405662536621e-01,-2.157581803371013685e-01
8.110634088516235352e-01,3.407527098323992476e-02
8.230249434709548950e-01,1.043065739989121887e-01
8.015404939651489258e-01,-3.263416793837103924e-02
7.879304289817810059e-01,-2.054320852995106250e-02
7.996534258127212524e-01,-1.437264347829136923e-02
8.068989664316177368e-01,-2.819045479416741884e-01
7.911731302738189697e-01,1.910547604833645607e-02
8.073752373456954956e-01,8.887239034892635559e-02
8.055278658866882324e-01,-1.192801140040988805e-01
7.748489826917648315e-01,2.210939692226965292e-02
8.017540872097015381e-01,-1.420355355501712324e-02
7.952039092779159546e-01,-2.014490158001054354e-01
7.758841812610626221e-01,5.916162427340587726e-02
8.193211257457733154e-01,1.072307248758193055e-01
8.151103258132934570e-01,3.024818366111992063e-02
8.124080896377563477e-01,2.855088035819601799e-01
8.624060750007629395e-01,4.560072477893850618e-02
8.023011684417724609e-01,-1.102803356072041829e-01
7.898737788200378418e-01,5.944437707976657492e-02
8.370469510555267334e-01,2.339316956455319563e-01
8.378641307353973389e-01,-1.717717681036172728e-01
8.114900588989257812e-01,8.581716201211708750e-02
8.352147787809371948e-01,2.751690390378369599e-02
8.113428950309753418e-01,-1.440503833623858476e-01
8.133298754692077637e-01,1.563754096634895063e-02
8.403522372245788574e-01,5.463046373809632428e-02
8.206428289413452148e-01,-1.367823254643156794e-01
8.116212189197540283e-01,1.132202157792994157e-01
8.045904785394668579e-01,-1.050398587603087464e-01
8.002714961767196655e-01,-2.382239206967895484e-02
7.988623529672622681e-01,-1.482467346144034082e-02
8.124598562717437744e-01,-1.202867888961489662e-01
7.999078333377838135e-01,-9.249218803088643526e-02
8.006690442562103271e-01,1.823999030595269133e-01
8.128579854965209961e-01,-1.281516237438031780e-01
7.846277356147766113e-01,-2.502811744726640697e-02
7.840077877044677734e-01,1.819059282892094842e-01
7.991698682308197021e-01,-2.690151395489350783e-01
7.819872796535491943e-01,-1.135142037965093387e-01
7.927429378032684326e-01,2.199049094078686650e-01
8.240690827369689941e-01,7.968797998708376795e-02
8.024059534072875977e-01,1.277582041105818078e-01
8.334788531064987183e-01,1.923621645191331275e-01
8.419778347015380859e-01,-1.605680158452216233e-02
7.877825051546096802e-01,-1.932598578659496802e-01
8.144187629222869873e-01,1.553968227985604855e-01
8.484255075454711914e-01,3.818960519605996140e-02
8.295500874519348145e-01,1.052739256529822143e-03
8.238008618354797363e-01,3.493776066939746627e-02
8.147592246532440186e-01,-1.931965661781682719e-01
8.147915005683898926e-01,7.152335226328121465e-02
8.277057111263275146e-01,1.315830443905321445e-01
8.271976113319396973e-01,-2.193852809061129783e-01
8.111061453819274902e-01,3.356556691773393553e-02
8.251457661390304565e-01,1.041874807639153744e-01
8.025438189506530762e-01,-3.810571562172260229e-02
7.884961068630218506e-01,-1.113783902141562976e-02
8.031776249408721924e-01,-4.014397012320403135e-02
8.071869015693664551e-01,-2.672616976424699864e-01
7.892304509878158569e-01,2.194985692821704859e-02
8.111742734909057617e-01,9.250435950930580020e-02
8.043176978826522827e-01,-1.281907597282598843e-01
7.756000906229019165e-01,4.403341286553486000e-02
8.029967099428176880e-01,-3.142020340616102914e-02
7.919711321592330933e-01,-2.017087364242260428e-01
7.768551856279373169e-01,1.036197281090243116e-01
8.234295099973678589e-01,7.817272455061274883e-02
8.131208866834640503e-01,1.846057494561703649e-02
8.155190944671630859e-01,3.125264896170301121e-01
8.629366159439086914e-01,4.782866709024968799e-02
7.990640103816986084e-01,-1.404547413837509140e-01
7.912402749061584473e-01,7.685708136022162407e-02
8.404577374458312988e-01,2.275942877127681285e-01
8.367595970630645752e-01,-1.597847343955485222e-01
8.103231638669967651e-01,6.581923571535996942e-02
8.363520801067352295e-01,2.237679494047029038e-02
8.139918893575668335e-01,-1.437573316127473966e-01
8.135428428649902344e-01,4.010670667388893662e-02
8.409749567508697510e-01,1.938485829144243056e-02
8.172280639410018921e-01,-1.040026615454530123e-01
8.107631802558898926e-01,1.208361907066537455e-01
8.042767047882080078e-01,-9.443419422609666825e-02
7.984378039836883545e-01,-3.914647065334708742e-02
7.984193861484527588e-01,1.147152478362434280e-02
8.120218068361282349e-01,-1.546328284608442516e-01
7.999329566955566406e-01,-8.727811392948536806e-02
7.994274944067001343e-01,1.776399187299309013e-01
8.145069181919097900e-01,-1.180519182048138660e-01
7.826225608587265015e-01,-4.114933424065503331e-02
7.852913141250610352e-01,1.845462028386708475e-01
7.976765930652618408e-01,-2.632394921586098668e-01
7.806586921215057373e-01,-1.151592259182834255e-01
7.971051037311553955e-01,2.311805670156958925e-01
8.259333074092864990e-01,6.437925619157569557e-02
8.042139410972595215e-01,1.510851233818302219e-01
8.376256823539733887e-01,1.774691435250295157e-01
8.374685943126678467e-01,-3.326745932321317767e-02
7.819132506847381592e-01,-2.277468993267972586e-01
8.211537003517150879e-01,1.920850293181963764e-01
8.516899347305297852e-01,2.884565484016476944e-02
8.265526294708251953e-01,1.184565730488973401e-03
8.286797106266021729e-01,3.607214245809498010e-02
8.147538602352142334e-01,-2.128692331208537070e-01
8.166307806968688965e-01,7.549237774912409549e-02
8.308784514665603638e-01,1.511064702824431727e-01
8.265273272991180420e-01,-2.250437075965829870e-01
8.090741485357284546e-01,4.496368832381314462e-02
8.157600462436676025e-01,-1.388540983448294241e-02
8.112021237611770630e-01,2.871345385917756232e-02
7.970358580350875854e-01,-8.934220941591908272e-02
8.109219670295715332e-01,3.854913194322096004e-02
8.092831820249557495e-01,-2.803788063084109439e-01
7.935943156480789185e-01,7.268732010721379311e-02
8.173054903745651245e-01,6.913886601414365174e-02
8.044016063213348389e-01,-8.275182198554364987e-02
7.760783731937408447e-01,7.563281788473341649e-02
8.031364083290100098e-01,-1.224059369157410870e-01
7.922800779342651367e-01,-1.633307541929349682e-01
7.810023277997970581e-01,1.712931481214594598e-01
8.257797956466674805e-01,1.964439166204900999e-02
8.084122240543365479e-01,5.325489942317807035e-02
8.203325867652893066e-01,3.383543668232151802e-01
8.613782525062561035e-01,2.432086092433616287e-02
7.926806211471557617e-01,-1.856309624461194296e-01
7.931292206048965454e-01,1.155545180866459631e-01
8.451388180255889893e-01,1.761108065334129336e-01
8.356547951698303223e-01,-1.195506953320402133e-01
8.158178478479385376e-01,1.816658692840755762e-02
8.367277234792709351e-01,-1.121180415950329134e-02
8.135619759559631348e-01,-8.290087578280402880e-02
8.197166621685028076e-01,9.643181471500827939e-02
8.383961021900177002e-01,-8.579075926662227403e-02
8.124660253524780273e-01,-2.375891312838351865e-02
8.137704730033874512e-01,1.081669924465504806e-01
8.060267120599746704e-01,-6.908493700206941313e-02
7.977062761783599854e-01,-4.465771608169788465e-02
7.964626699686050415e-01,3.678857440321836592e-02
8.109270632266998291e-01,-2.402310911149241335e-01
7.988978922367095947e-01,-7.463606742893347246e-02
8.018925786018371582e-01,1.634490984138752268e-01
8.128302693367004395e-01,-6.963415155906016452e-02
7.799535393714904785e-01,-4.715942303069109443e-02
7.887406796216964722e-01,1.318923871959016836e-01
7.981060147285461426e-01,-2.777349739421808295e-01
7.795330584049224854e-01,-5.458926796498397849e-02
8.068682998418807983e-01,1.955424782033921005e-01
8.230972737073898315e-01,4.833312805735978657e-02
8.058366775512695312e-01,1.506473246657566989e-01
8.499217331409454346e-01,1.509937436669268607e-01
8.293238878250122070e-01,-1.726215245508111451e-02
7.787887454032897949e-01,-1.792031110660232684e-01
8.274167925119400024e-01,2.317737861485111850e-01
8.475296497344970703e-01,-7.498117565550499464e-02
8.225675374269485474e-01,6.729217185763358700e-02
8.288795351982116699e-01,3.703724707000466410e-02
8.169549256563186646e-01,-2.210413509852218183e-01
8.147947192192077637e-01,6.325049200830434870e-03
8.344082832336425781e-01,1.849401842324343015e-01
8.271924257278442383e-01,-1.941345190305265866e-01
8.088147342205047607e-01,2.913252722383674609e-02
8.144620358943939209e-01,-6.842449385767590542e-02
8.141818344593048096e-01,3.906370460009478407e-02
8.003968447446823120e-01,-7.688591840140013289e-02
8.170746862888336182e-01,4.179498435743056461e-03
8.098692893981933594e-01,-2.348443692734805133e-01
7.964615523815155029e-01,1.323361780244280972e-01
8.190348446369171143e-01,-1.149549323343501683e-02
7.947143614292144775e-01,-4.776312836029861231e-02
7.772682905197143555e-01,1.422958179348361440e-01
8.032326549291610718e-01,-1.986008898499416198e-01
7.854352593421936035e-01,-1.559143915116605328e-01
7.873475402593612671e-01,2.177855741347620722e-01
8.277429938316345215e-01,4.357576527696149782e-02
8.080794960260391235e-01,6.979387880662679677e-02
8.261460065841674805e-01,3.166704098850856575e-01
8.597975373268127441e-01,-4.270690897132389807e-03
7.887683510780334473e-01,-2.393747807947335104e-01
7.976499050855636597e-01,1.483725689759083366e-01
8.525184690952301025e-01,1.373365958661882935e-01
8.344220966100692749e-01,-6.794418859389095289e-02
8.187339901924133301e-01,3.486473179888038842e-02
8.362781405448913574e-01,-1.107306803087260150e-01
8.120403140783309937e-01,1.222990151591618613e-02
8.253951221704483032e-01,1.100223002647107151e-01
8.329317271709442139e-01,-1.798581238585064135e-01
8.122825175523757935e-01,3.408013957439948172e-05
8.194925636053085327e-01,1.258808003777520668e-01
8.035132586956024170e-01,-1.601822736060798391e-02
7.928435206413269043e-01,-4.609732109845410264e-02
7.944820821285247803e-01,3.818436209766407075e-02
8.090872019529342651e-01,-2.916847989855302359e-01
7.971741259098052979e-01,-1.727451118701495147e-02
8.035503625869750977e-01,1.199411189090349161e-01
8.099202066659927368e-01,-7.803097364040390005e-02
7.790135145187377930e-01,-6.744590699274777279e-02
7.980588972568511963e-01,6.675138370877942151e-02
7.993857860565185547e-01,-2.407422932085432343e-01
7.809957563877105713e-01,-7.494447396673376005e-03
8.174471557140350342e-01,1.623150911322062129e-01
8.225073218345642090e-01,2.335313476322875559e-02
8.118980675935745239e-01,2.061088194996334444e-01
8.636456131935119629e-01,1.121079299052714084e-01
8.173580169677734375e-01,1.830103495156443216e-02
7.871104776859283447e-01,-5.241244586303439590e-02
8.324993550777435303e-01,2.373037569282767656e-01
8.421006351709365845e-01,-1.461096102574517275e-01
8.193676620721817017e-01,9.313877441523343848e-02
8.357531428337097168e-01,4.083999143528549425e-02
8.121396899223327637e-01,-1.687322690619961207e-01
8.138183057308197021e-01,-2.231837184405671692e-02
8.407574295997619629e-01,1.147721729045434458e-01
8.252252042293548584e-01,-1.544191722012033807e-01
8.116298019886016846e-01,8.458915346634610088e-02
8.093770146369934082e-01,-9.262644880052928187e-02
8.058474063873291016e-01,-2.623009775457108006e-02
8.030394017696380615e-01,-2.996580536178772292e-02
8.187043070793151855e-01,-7.232311202219943169e-02
8.059403002262115479e-01,-1.076009250732865574e-01
8.034816086292266846e-01,1.625570226724830647e-01
8.166211247444152832e-01,-1.164039000268131119e-01
7.881873846054077148e-01,-2.728939088409587654e-02
7.832664698362350464e-01,1.783170274370835529e-01
8.038062006235122681e-01,-2.382463911184884431e-01
7.857177853584289551e-01,-1.234474409614225721e-01
7.957134842872619629e-01,2.271755888551370006e-01
8.288477957248687744e-01,7.129752452522097883e-02
8.080140501260757446e-01,1.175150623797569516e-01
8.356808125972747803e-01,2.290368887857505698e-01
8.470766693353652954e-01,-1.811715200067265386e-02
7.900871932506561279e-01,-2.205975601566954047e-01
8.150254786014556885e-01,1.508012470543844685e-01
8.536849617958068848e-01,5.967544791622314548e-02
8.336687088012695312e-01,-4.348962866045358311e-03
8.267141878604888916e-01,3.510778686024229600e-02
8.197425454854965210e-01,-1.938130047467376826e-01
8.172477334737777710e-01,7.524108353313962994e-02
8.309458196163177490e-01,1.263223441641088129e-01
8.305548429489135742e-01,-2.140972416666242495e-01
8.126681745052337646e-01,2.566983524024557539e-02
8.285018801689147949e-01,1.057716454935921924e-01
8.069650828838348389e-01,-4.647332615485977314e-02
7.922459244728088379e-01,-5.205460439750009272e-03
8.089275658130645752e-01,-4.523838922906531224e-02
8.109663128852844238e-01,-2.522259894705869421e-01
7.921671569347381592e-01,1.957098828450387629e-02
8.167158514261245728e-01,8.741668152995396568e-02
8.090767860412597656e-01,-1.197360763110446591e-01
7.774155437946319580e-01,5.802199938631202869e-02
8.069368302822113037e-01,-6.506479130686493306e-02
7.955047190189361572e-01,-1.887979811308744260e-01
7.824501842260360718e-01,1.303108440154230330e-01
8.318795859813690186e-01,5.535813089406849130e-02
8.147439360618591309e-01,3.416552717705823028e-02
8.209064006805419922e-01,3.238324822941494041e-01
8.651462197303771973e-01,4.403491089364797162e-02
7.963818013668060303e-01,-1.758346076000472102e-01
7.944198101758956909e-01,1.020411809847718843e-01
8.490705788135528564e-01,1.760696107603005878e-01
8.404108881950378418e-01,-1.148491340988573306e-01
8.198832720518112183e-01,2.044958177287803380e-02
8.400674760341644287e-01,-1.622870031050860362e-02
8.169946670532226562e-01,-7.321256621439387047e-02
8.237185180187225342e-01,9.749915974564160592e-02
8.412070572376251221e-01,-9.505437786494885799e-02
8.158022016286849976e-01,-5.526225709482357473e-03
8.168761134147644043e-01,1.124240138371499498e-01
8.092922568321228027e-01,-5.566091982644261194e-02
8.009175509214401245e-01,-4.758636104294478031e-02
8.005217909812927246e-01,5.190555060024060197e-02
8.136260360479354858e-01,-2.552563130900149524e-01
8.013847917318344116e-01,-7.692037304800303232e-02
8.051700592041015625e-01,1.652516007410467225e-01
8.166427612304687500e-01,-6.694238229320870204e-02
7.819379270076751709e-01,-5.388519475179442964e-02
7.925276458263397217e-01,9.021911762266565660e-02
8.024456501007080078e-01,-2.544535572748700680e-01
7.836534231901168823e-01,-3.508232038231806627e-02
8.169572949409484863e-01,1.696895090263113026e-01
8.273262679576873779e-01,3.332063932123086047e-02
8.130232095718383789e-01,1.784971653176921080e-01
8.637904524803161621e-01,1.304527821791459097e-01
8.258872628211975098e-01,6.210599852984088898e-02
7.874528616666793823e-01,-9.722651862904463371e-02
8.335577547550201416e-01,2.323696268305242008e-01
8.456790149211883545e-01,-1.330765784193621570e-01
8.234871774911880493e-01,8.985060270682598826e-02
8.392884284257888794e-01,4.857805565386286162e-02
8.162425756454467773e-01,-1.687843255389287478e-01
8.155617415904998779e-01,-3.141664558939227803e-02
8.403636366128921509e-01,1.262144861399607798e-01
8.280276656150817871e-01,-1.636170648160644170e-01
8.133692145347595215e-01,6.685250060641845238e-02
8.138318061828613281e-01,-8.425378242251024830e-02
8.100115805864334106e-01,-2.015971333297938983e-02
8.059892952442169189e-01,-3.318113545319167912e-02
8.222439289093017578e-01,-5.707767991447276756e-02
8.100739419460296631e-01,-1.262723474758318254e-01
8.056017160415649414e-01,1.617038956620326928e-01
8.202881515026092529e-01,-1.084100475079119441e-01
7.909631133079528809e-01,-2.332055265176746772e-02
7.863409072160720825e-01,1.736368131045131769e-01
8.068745136260986328e-01,-2.386171530764982229e-01
7.886537313461303711e-01,-1.246368752832789362e-01
8.000343888998031616e-01,2.274055361705089595e-01
8.331966400146484375e-01,8.169683568684416031e-02
8.108218312263488770e-01,1.236595991929498872e-01
8.396903574466705322e-01,2.096419188045439697e-01
8.468728661537170410e-01,-1.611297763876606837e-02
7.901208996772766113e-01,-2.198663351839544866e-01
8.191384673118591309e-01,1.562915200891512590e-01
8.561000227928161621e-01,5.601089664438196891e-02
8.346069455146789551e-01,3.378053395195479425e-04
8.309807777404785156e-01,3.785105084248385765e-02
8.182156533002853394e-01,-2.151222674030606186e-01
8.196111619472503662e-01,6.849246688331067645e-02
8.356203734874725342e-01,1.501705772187400534e-01
8.317154347896575928e-01,-2.131890621230154714e-01
8.137609064579010010e-01,3.686047975265038801e-02
8.204408586025238037e-01,-2.924562834638111397e-02
8.164666742086410522e-01,2.848163400866488004e-02
8.026196360588073730e-01,-7.981194181344841709e-02
8.166530430316925049e-01,3.707731932203195413e-02
8.139466494321823120e-01,-2.791223352284899484e-01
7.989558726549148560e-01,7.705182501493368363e-02
8.230694234371185303e-01,5.921143370816883689e-02
8.070745170116424561e-01,-7.046967673918036468e-02
7.839591503143310547e-01,1.148571859999658606e-01
8.101333975791931152e-01,-1.521917916504342827e-01
7.934517562389373779e-01,-1.716777668395157441e-01
7.888344228267669678e-01,1.907555293677587471e-01
8.363293260335922241e-01,3.541338459532861194e-02
8.145460337400436401e-01,6.541364460371923428e-02
8.291372954845428467e-01,3.320068472006871829e-01
8.639888912439346313e-01,3.204282134069647014e-03
7.904132157564163208e-01,-2.590830259051064566e-01
7.973426580429077148e-01,1.336536937499608335e-01
8.569149672985076904e-01,1.590995737872873406e-01
8.386129140853881836e-01,-3.493289207802963148e-02
8.239752501249313354e-01,4.462138889995381774e-02
8.395036309957504272e-01,-9.050018514739921471e-02
8.169404864311218262e-01,-4.266758573335138749e-03
8.293423950672149658e-01,1.178682225074365597e-01
8.369315713644027710e-01,-1.749786717868850872e-01
8.153523504734039307e-01,-1.382118187913228269e-03
8.227987885475158691e-01,1.231180620300391659e-01
8.067795634269714355e-01,-1.223551912134057673e-02
7.954560816287994385e-01,-4.083942967474296637e-02
7.982183098793029785e-01,3.225853738899342460e-02
8.119798302650451660e-01,-2.906818691637633734e-01
7.996743917465209961e-01,-1.248662608381101435e-02
8.073556572198867798e-01,1.085366308834747606e-01
8.137102127075195312e-01,-7.583898400380872928e-02
7.819558978080749512e-01,-6.562861163795874475e-02
8.019675016403198242e-01,4.436485158557346153e-02
8.017357587814331055e-01,-2.264162758552745736e-01
7.855756282806396484e-01,2.037767642344556762e-02
8.265641629695892334e-01,1.491148419059840080e-01
8.245594799518585205e-01,1.491174634551839517e-02
8.185393512248992920e-01,2.324677476719370084e-01
8.691790997982025146e-01,1.027849519429602232e-01
8.138940334320068359e-01,-3.696309467840253049e-02
7.901168763637542725e-01,-4.056098369920935198e-03
8.395267426967620850e-01,2.154920930934993706e-01
8.467333912849426270e-01,-1.482993528518772308e-01
8.215183019638061523e-01,1.040129604887312098e-01
8.402994871139526367e-01,2.657876379791090926e-02
8.152815848588943481e-01,-1.375820852232338964e-01
8.170295357704162598e-01,5.026633333740537779e-03
8.454724848270416260e-01,6.180040079475412895e-02
8.250061571598052979e-01,-1.427268755244006648e-01
8.156028687953948975e-01,1.201718152384629867e-01
8.109602332115173340e-01,-9.147802299827079153e-02
8.051566481590270996e-01,-3.766829141267713510e-02
8.034320771694183350e-01,1.277668177722324216e-02
8.177159130573272705e-01,-1.344017715389749235e-01
8.049004524946212769e-01,-8.876228528260821093e-02
8.039808571338653564e-01,1.746296312365163139e-01
8.206711262464523315e-01,-1.064066221600619144e-01
7.878830432891845703e-01,-3.882233482036001604e-02
7.895887494087219238e-01,1.760126856920001259e-01
8.032651543617248535e-01,-2.551480805588384193e-01
7.870196849107742310e-01,-9.664434745356409451e-02
8.059821426868438721e-01,2.142521003228234910e-01
8.324645310640335083e-01,5.992224804786783210e-02
8.120285570621490479e-01,1.492320626058396549e-01
8.488686978816986084e-01,1.775035981716324152e-01
8.364982604980468750e-01,-3.690673137064459652e-02
7.808461785316467285e-01,-2.416405483159027590e-01
8.297902345657348633e-01,2.279920141768148056e-01
8.543984293937683105e-01,-2.123267596903710697e-02
8.295150399208068848e-01,4.617709109548018276e-02
8.323917984962463379e-01,3.812181942393921830e-02
8.192564845085144043e-01,-2.259404646758289559e-01
8.174538165330886841e-01,9.859272026825571800e-03
8.382623940706253052e-01,1.881392232681080579e-01
8.310930728912353516e-01,-1.922108636797026371e-01
8.121548891067504883e-01,1.964401715502095414e-02
8.190309107303619385e-01,-7.322679748146931900e-02
8.184498548507690430e-01,3.389625662371598125e-02
8.050547689199447632e-01,-6.813368915020667771e-02
8.212807923555374146e-01,2.734650320590947814e-03
8.129154294729232788e-01,-2.218675134896348489e-01
7.989091128110885620e-01,1.323099625324477557e-01
8.224260509014129639e-01,-1.509506753586720151e-02
7.987882792949676514e-01,-4.934560780834829075e-02
7.832715213298797607e-01,1.621858862074452290e-01
8.073949515819549561e-01,-2.098864718940189888e-01
7.898296564817428589e-01,-1.586982895064723564e-01
7.931004315614700317e-01,2.267823564754301024e-01
8.324439674615859985e-01,5.623485184730103725e-02
8.105769455432891846e-01,6.335011087782804751e-02
8.345693945884704590e-01,2.999007341722088604e-01
8.584163784980773926e-01,-6.556307290800589271e-03
7.905134409666061401e-01,-2.724177231544855360e-01
8.067320883274078369e-01,1.475089557686661834e-01
8.579946458339691162e-01,1.347345210336126087e-01
8.391580730676651001e-01,3.110655376996618315e-03
8.253691494464874268e-01,6.200787768842808134e-02
8.359286934137344360e-01,-1.779893337873277304e-01
8.154121637344360352e-01,7.957824942779412325e-02
8.305220305919647217e-01,1.064105544838591655e-01
8.361606597900390625e-01,-1.901297281234821668e-01
8.158687651157379150e-01,1.232727334327243796e-02
8.262278586626052856e-01,1.051368560806364982e-01
8.080100715160369873e-01,-2.698023533224036541e-02
7.934434413909912109e-01,-2.077409211289316104e-02
8.044344186782836914e-01,-3.272816920247390016e-03
8.131397068500518799e-01,-2.749106291883141040e-01
7.958513498306274414e-01,1.425823158114791767e-02
8.130161464214324951e-01,7.533695733238277015e-02
8.107359111309051514e-01,-1.089821069936287579e-01
7.827891260385513306e-01,3.097772335223369922e-02
8.094095587730407715e-01,-1.974681933428712455e-02
7.987487614154815674e-01,-2.162368003192587373e-01
7.848244309425354004e-01,9.327472046650342463e-02
8.331771492958068848e-01,9.815379803109669510e-02
8.203233778476715088e-01,1.687041810348732795e-02
8.204301297664642334e-01,2.920510668592002368e-01
8.678948581218719482e-01,6.156034178961844461e-02
8.014487177133560181e-01,-1.348807660281607923e-01
7.939030379056930542e-01,7.478493397267982346e-02
8.462409377098083496e-01,2.001058463431348855e-01
8.426546007394790649e-01,-1.356737846605700071e-01
8.181896805763244629e-01,4.481238748438265418e-02
8.401289880275726318e-01,6.370739058282115508e-03
8.178951740264892578e-01,-1.132443714826245618e-01
8.210565149784088135e-01,7.784952498519626118e-02
8.447785079479217529e-01,-5.190124376941529505e-02
8.178348243236541748e-01,-4.236910363180346195e-02
8.173075467348098755e-01,1.156305430133892642e-01
8.114494234323501587e-01,-6.372274537097899483e-02
8.025050610303878784e-01,-4.722645978875572581e-02
8.009660542011260986e-01,4.480564635787365191e-02
8.154983073472976685e-01,-2.372730473519566452e-01
8.036109805107116699e-01,-7.521561705521584429e-02
8.057784736156463623e-01,1.652677045432633385e-01
8.177151083946228027e-01,-6.404051458448511980e-02
7.831183671951293945e-01,-4.748412062422069368e-02
7.922946959733963013e-01,1.118543886471172755e-01
8.026703298091888428e-01,-2.590553123850130035e-01
7.838095277547836304e-01,-5.082116549982007569e-02
8.152035325765609741e-01,1.810696540950322841e-01
8.292510658502578735e-01,5.121196358384327851e-02
8.132932186126708984e-01,1.584902508522558762e-01
8.607724308967590332e-01,1.361625163324915455e-01
8.284070193767547607e-01,4.438844552835607971e-02
7.855116575956344604e-01,-1.218127177829262386e-01
8.343062698841094971e-01,2.329617224422548816e-01
8.475598692893981934e-01,-1.205283459293973181e-01
8.242148160934448242e-01,7.790607554646822308e-02
8.379747718572616577e-01,4.415924722704112071e-02
8.191831707954406738e-01,-1.613282651126555223e-01
8.161132484674453735e-01,-3.378315550117205746e-02
8.395552635192871094e-01,1.394016276201925919e-01
8.290927708148956299e-01,-1.800609194143270031e-01
8.140326142311096191e-01,6.534286277537182386e-02
8.143886327743530273e-01,-8.272467022599272468e-02
8.105600476264953613e-01,-1.258175086899715467e-02
8.057328313589096069e-01,-3.958763993267577774e-02
8.222499191761016846e-01,-4.695587846081439309e-02
8.108119517564773560e-01,-1.408704441851553746e-01
8.042932897806167603e-01,1.621068652244752606e-01
8.207291960716247559e-01,-9.998944423027200656e-02
7.916310727596282959e-01,-2.322842392280755064e-02
7.853871583938598633e-01,1.746494801090161531e-01
8.068082630634307861e-01,-2.294855482056448182e-01
7.887723296880722046e-01,-1.406983582056549054e-01
7.998542785644531250e-01,2.371588227083276657e-01
8.332661986351013184e-01,7.711698923785625936e-02
8.109615296125411987e-01,1.098241860467443765e-01
8.376692235469818115e-01,2.265643933849639247e-01
8.485819250345230103e-01,-1.194808497712651629e-02
7.910672724246978760e-01,-2.279893926276166383e-01
8.168328404426574707e-01,1.511442954923003512e-01
8.558697998523712158e-01,6.013534254696617509e-02
8.353962302207946777e-01,4.407947723001903739e-04
8.293963074684143066e-01,3.726607086429112314e-02
8.191847354173660278e-01,-2.008425016677857222e-01
8.192443251609802246e-01,6.765506916804886473e-02
8.341127932071685791e-01,1.418861072458841299e-01
8.317093998193740845e-01,-2.169790732493344088e-01
8.140907287597656250e-01,2.369505968005958252e-02
8.214697539806365967e-01,-4.225750053737264977e-03
8.161867409944534302e-01,2.059713754202485703e-02
8.024288862943649292e-01,-8.078022973509835225e-02
8.159163743257522583e-01,4.002019555035341014e-02
8.140317201614379883e-01,-2.741790297085446859e-01
7.973286658525466919e-01,6.354485453254010707e-02
8.223609626293182373e-01,7.285285221371928799e-02
8.096974939107894897e-01,-7.843600299150210731e-02
7.822251021862030029e-01,8.949931511428754760e-02
8.093672692775726318e-01,-1.319798345870082379e-01
7.953566610813140869e-01,-1.755190854287107527e-01
7.880674898624420166e-01,1.851446650698820307e-01
8.361062109470367432e-01,3.794580112064194211e-02
8.146117925643920898e-01,6.385382283088114619e-02
8.273262679576873779e-01,3.277869020058887806e-01
8.649804145097732544e-01,1.544804041003278172e-02
7.916060835123062134e-01,-2.423773908940680677e-01
7.954284995794296265e-01,1.243183570557162554e-01
8.555046170949935913e-01,1.655407201668883665e-01
8.387267291545867920e-01,-4.263107129809373674e-02
8.247265368700027466e-01,3.509430460722340328e-02
8.401602804660797119e-01,-7.263226757405494283e-02
8.171292245388031006e-01,-2.848275752974949171e-02
8.298913985490798950e-01,1.254104195502168118e-01
8.376798629760742188e-01,-1.638677972715063547e-01
8.153398334980010986e-01,-4.920273337705616257e-03
8.224472403526306152e-01,1.245636591592478304e-01
8.076339811086654663e-01,-1.288641233651288687e-02
7.969379574060440063e-01,-4.692629240557932846e-02
7.982490658760070801e-01,4.053214665802906680e-02
8.127095699310302734e-01,-2.863263524247225966e-01
8.003041297197341919e-01,-2.331343701822996550e-02
8.070442974567413330e-01,1.173641360473549611e-01
8.141675293445587158e-01,-7.346236240226522440e-02
7.825964093208312988e-01,-6.872990433924819342e-02
8.016927987337112427e-01,5.708648082963785342e-02
8.021883368492126465e-01,-2.383804646346172618e-01
7.858996838331222534e-01,3.805365914478997524e-03
8.255867660045623779e-01,1.632610958856726135e-01
8.254694640636444092e-01,1.562817829064133690e-02
8.177683055400848389e-01,2.224710315657283388e-01
8.686519116163253784e-01,1.072689245927054280e-01
8.160326480865478516e-01,-1.220649482664803998e-02
7.896405607461929321e-01,-2.963942248663054002e-02
8.383828699588775635e-01,2.229953414053373884e-01
8.461369127035140991e-01,-1.469211669877612536e-01
8.233188241720199585e-01,9.920541376654190557e-02
8.398832976818084717e-01,2.941528003019788784e-02
8.142481744289398193e-01,-1.367840107459428189e-01
8.168409764766693115e-01,-3.401647337979873953e-03
8.449473083019256592e-01,7.571146436067488494e-02
8.262277245521545410e-01,-1.578442262284514008e-01
8.159939348697662354e-01,1.077954814744841450e-01
8.112864792346954346e-01,-9.169242827196821821e-02
8.064219355583190918e-01,-3.046558499104357054e-02
8.044641017913818359e-01,1.066970523604826582e-03
8.191233575344085693e-01,-1.172281899960849749e-01
8.059586286544799805e-01,-8.532225097422863058e-02
8.045397400856018066e-01,1.766182635567492554e-01
8.199657499790191650e-01,-1.166888998753439211e-01
7.880855500698089600e-01,-3.483102616633404480e-02
7.899126708507537842e-01,1.822014143345320747e-01
8.030400723218917847e-01,-2.469774607225834195e-01
7.867032736539840698e-01,-1.105100956690616698e-01
8.047414869070053101e-01,2.234687182890993107e-01
8.328621685504913330e-01,6.769701395521776632e-02
8.117016851902008057e-01,1.504432183353370256e-01
8.464437127113342285e-01,1.731877791775908726e-01
8.374236226081848145e-01,-3.240515689057010817e-02
7.812434136867523193e-01,-2.455646329583505150e-01
8.289907574653625488e-01,2.177260275172634429e-01
8.553165495395660400e-01,-9.480458167707705996e-03
8.313701450824737549e-01,3.506996165038467339e-02
8.337456881999969482e-01,4.400420131732785123e-02
8.174494802951812744e-01,-2.220454043280737366e-01
8.161931335926055908e-01,2.077203232423752155e-02
8.378888964653015137e-01,1.833279314756355305e-01
8.307684361934661865e-01,-1.966648757671842773e-01
8.120005726814270020e-01,1.797334130180860967e-02
8.183090388774871826e-01,-7.214877900052929505e-02
8.183620572090148926e-01,3.923672684716583703e-02
8.047929853200912476e-01,-7.218416991470322230e-02
8.207475244998931885e-01,9.139469518447462804e-03
8.129936158657073975e-01,-2.398335519043919284e-01
7.997769415378570557e-01,1.256856822160119513e-01
8.228730857372283936e-01,-2.020652671151701441e-03
7.990454584360122681e-01,-4.685682135183100172e-02
7.823042273521423340e-01,1.456869790760237926e-01
8.076498061418533325e-01,-2.050843555237396032e-01
7.898310422897338867e-01,-1.572500708280655246e-01
7.929572463035583496e-01,2.249012076723175824e-01
8.333113938570022583e-01,5.207969636839671068e-02
8.111547827720642090e-01,6.495037940972148149e-02
8.331869840621948242e-01,3.035750226267852625e-01
8.601431399583816528e-01,-4.977198406006522191e-04
7.909162193536758423e-01,-2.679453602226180564e-01
8.053091764450073242e-01,1.425493591929902770e-01
8.585757911205291748e-01,1.378837506345234054e-01
8.405893445014953613e-01,4.836009256339757201e-03
8.249475508928298950e-01,5.541880103265173219e-02
8.364306688308715820e-01,-1.651384996185023546e-01
8.142239451408386230e-01,7.561559056143218882e-02
8.313389420509338379e-01,1.098567681582056643e-01
8.366338014602661133e-01,-1.910819122429154859e-01
8.157939314842224121e-01,6.974818894917689249e-03
8.258811831474304199e-01,1.119772269523973129e-01
8.080105185508728027e-01,-2.681882280304659361e-02
7.935568094253540039e-01,-2.037748916993153969e-02
8.027638942003250122e-01,9.208753318681761613e-03
8.128820359706878662e-01,-2.834686765453375834e-01
7.963741570711135864e-01,5.053972346805934990e-03
8.115108013153076172e-01,8.460413374747810522e-02
8.118379414081573486e-01,-1.013638850241047606e-01
7.823857218027114868e-01,6.883064672985828025e-03
8.086874634027481079e-01,-6.934933896404427145e-03
8.002619743347167969e-01,-2.154784235869668940e-01
7.854486703872680664e-01,7.783679174623436836e-02
8.320095837116241455e-01,1.074217234602485860e-01
8.219120949506759644e-01,1.952791997625036302e-02
8.201763927936553955e-01,2.828771426941498746e-01
8.678906559944152832e-01,6.603158120040175660e-02
8.026312589645385742e-01,-1.257439180589114969e-01
7.936071455478668213e-01,6.229812063535478117e-02
8.459590375423431396e-01,2.110762807229038529e-01
8.436406254768371582e-01,-1.417084036609597142e-01
8.173819780349731445e-01,5.603823565744736612e-02
8.410393297672271729e-01,1.349086668017696056e-02
8.183869570493698120e-01,-1.252141778673916406e-01
8.201206028461456299e-01,6.924260446098040589e-02
8.452440500259399414e-01,-3.702058150724552021e-02
8.187138736248016357e-01,-5.553808152116301855e-02
8.168050348758697510e-01,1.125517207337978220e-01
8.120600283145904541e-01,-6.471556350298213189e-02
8.031298816204071045e-01,-4.592111554164235443e-02
8.015614598989486694e-01,3.847048546727949159e-02
8.159670233726501465e-01,-2.264717028954614797e-01
8.039301186800003052e-01,-7.131138128526748332e-02
8.060053884983062744e-01,1.627375350601196757e-01
8.181931674480438232e-01,-6.228501288936438840e-02
7.840606272220611572e-01,-4.608627314111934936e-02
7.927470505237579346e-01,1.233345270923922321e-01
8.025729656219482422e-01,-2.658868823416087324e-01
7.842860221862792969e-01,-5.650037733036006316e-02
8.148214519023895264e-01,1.898260029235370183e-01
8.295814692974090576e-01,5.496864358464437217e-02
8.127114474773406982e-01,1.495275486511622454e-01
8.591086566448211670e-01,1.415883741583918720e-01
8.296784758567810059e-01,3.789411915073737092e-02
7.845334112644195557e-01,-1.340298860598805319e-01
8.346284031867980957e-01,2.306060732342953834e-01
8.486358821392059326e-01,-1.172266919679718633e-01
8.244689106941223145e-01,7.385241147223142733e-02
8.363865911960601807e-01,4.096395326165014339e-02
8.205118477344512939e-01,-1.591197971668152356e-01
8.169835805892944336e-01,-2.900931441152865276e-02
8.388683497905731201e-01,1.401502671697492097e-01
8.296632766723632812e-01,-1.870340530276171087e-01
8.144701272249221802e-01,6.480769223194204898e-02
8.149001300334930420e-01,-8.233462115602607767e-02
8.112128525972366333e-01,-8.308625676181069508e-03
8.059687316417694092e-01,-4.236929088531748988e-02
8.224598467350006104e-01,-4.371096231417492817e-02
8.112486600875854492e-01,-1.472473626094039645e-01
8.042169809341430664e-01,1.632670879981250600e-01
8.212320208549499512e-01,-9.668704125478955191e-02
7.917708605527877808e-01,-2.453582795857611742e-02
7.853500992059707642e-01,1.791514290961186973e-01
8.068491220474243164e-01,-2.275774348964949567e-01
7.884814441204071045e-01,-1.484255617204119915e-01
7.995435893535614014e-01,2.375962469173731328e-01
8.335741162300109863e-01,7.954154773902111231e-02
8.110048472881317139e-01,1.052271122744552478e-01
8.375255018472671509e-01,2.306993254843403562e-01
8.493894934654235840e-01,-1.183872892486492745e-02
7.912601232528686523e-01,-2.281764588882486677e-01
8.166035115718841553e-01,1.488511889580661496e-01
8.559245169162750244e-01,6.266251597388317052e-02
8.356391489505767822e-01,1.565439378262034609e-03
8.288742601871490479e-01,3.755706282527437878e-02
8.199952989816665649e-01,-1.959823367081212631e-01
8.191869258880615234e-01,6.871117898783341005e-02
8.341026902198791504e-01,1.383050710413522566e-01
8.316998779773712158e-01,-2.194530666782337214e-01
8.140083849430084229e-01,2.533015736558441588e-02
8.318295180797576904e-01,1.006023249820722221e-01
8.085522353649139404e-01,-5.254090177373882398e-02
7.941101491451263428e-01,5.720969364194417039e-03
8.121465742588043213e-01,-5.926480095970054762e-02
8.135360479354858398e-01,-2.441448768140936920e-01
7.948282659053802490e-01,2.755510362066937446e-02
8.197197914123535156e-01,8.625271368602094313e-02
8.105585724115371704e-01,-1.072634942407950653e-01
7.799625247716903687e-01,6.810522661605666883e-02
8.094714730978012085e-01,-9.398890536945714302e-02
7.961366027593612671e-01,-1.898211343321691835e-01
7.864005863666534424e-01,1.647310359717200079e-01
8.368042111396789551e-01,4.993114954708310904e-02
8.151642829179763794e-01,4.766912709619708366e-02
8.255197554826736450e-01,3.261529278414490030e-01
8.653624951839447021e-01,2.917709356020381506e-02
7.932364642620086670e-01,-2.225736464914804813e-01
7.948095351457595825e-01,1.111975033194925189e-01
8.552509248256683350e-01,1.702171894291755194e-01
8.384928852319717407e-01,-5.131720005879358837e-02
8.247195184230804443e-01,3.352249860948042226e-02
8.401744961738586426e-01,-5.301315513641569055e-02
8.166652917861938477e-01,-4.315687916581634198e-02
8.293991684913635254e-01,1.227649019023595578e-01
8.389083147048950195e-01,-1.485721812219882310e-01
8.159104287624359131e-01,-3.575044092078982771e-03
8.222605139017105103e-01,1.307565073790910581e-01
8.085253238677978516e-01,-2.183169996079081798e-02
7.987623065710067749e-01,-4.440735813328444692e-02
7.992211431264877319e-01,4.110364438320335267e-02
8.122924417257308960e-01,-2.805718646814958639e-01
8.004597425460815430e-01,-3.820552174476254947e-02
8.062057048082351685e-01,1.330282670127127531e-01
8.148842602968215942e-01,-7.239557913217398166e-02
7.834806442260742188e-01,-6.868252920016937324e-02
8.013429939746856689e-01,6.113003321411092372e-02
8.031363189220428467e-01,-2.426674465874802955e-01
7.859041988849639893e-01,-8.511046724972715083e-03
8.240003287792205811e-01,1.679386886690443781e-01
8.266298770904541016e-01,2.424633402570597340e-02
8.166476786136627197e-01,2.073342064962062636e-01
8.681754171848297119e-01,1.140808329303153457e-01
8.182247728109359741e-01,4.808295736245860041e-03
7.899540662765502930e-01,-3.708892903990879120e-02
8.369468152523040771e-01,2.282519220544494409e-01
8.459155857563018799e-01,-1.471883777524478631e-01
8.232858777046203613e-01,9.718869341918701110e-02
8.389090299606323242e-01,3.230872133078488417e-02
8.138973414897918701e-01,-1.438110733713071632e-01
8.163978755474090576e-01,-1.076576628880721032e-02
8.451934456825256348e-01,8.896302104977316105e-02
8.263420313596725464e-01,-1.611737809634847807e-01
8.158202618360519409e-01,9.415631001110380538e-02
8.117909580469131470e-01,-9.174448474890084526e-02
8.074302673339843750e-01,-2.209310586653900899e-02
8.048334866762161255e-01,-5.730706546930086631e-03
8.195126354694366455e-01,-1.123723318672458227e-01
8.069167584180831909e-01,-9.006463347349491499e-02
8.059149980545043945e-01,1.859914254608510120e-01
8.195631504058837891e-01,-1.211258718930379175e-01
7.892778813838958740e-01,-2.921997461494330039e-02
7.898078411817550659e-01,1.811576632466813663e-01
8.036715984344482422e-01,-2.460945604033839551e-01
7.873000651597976685e-01,-1.207758950750985605e-01
8.038032948970794678e-01,2.317835233312468546e-01
8.338109552860260010e-01,7.788884822316699541e-02
8.115363717079162598e-01,1.498132975137491663e-01
8.444999158382415771e-01,1.683888461170521822e-01
8.381803184747695923e-01,-3.093821286074893706e-02
7.820488363504409790e-01,-2.471823160670592046e-01
8.280512690544128418e-01,2.131536712088415442e-01
8.561961352825164795e-01,8.523779963933719728e-04
8.318144977092742920e-01,2.953212622302503476e-02
8.347561657428741455e-01,4.169573999493358940e-02
8.167569339275360107e-01,-2.167877001578770724e-01
8.168248832225799561e-01,4.049544496925649995e-02
8.371077030897140503e-01,1.671005419397260106e-01
8.304308354854583740e-01,-2.034554372041821324e-01
8.117507249116897583e-01,2.198880565915972696e-02
8.182303607463836670e-01,-6.562224501847779834e-02
8.180319666862487793e-01,3.862965095430359597e-02
8.044394701719284058e-01,-7.362957979039741474e-02
8.200557827949523926e-01,1.608769841435631065e-02
8.139756619930267334e-01,-2.503362270058238082e-01
8.004139661788940430e-01,1.208350671855686898e-01
8.228740692138671875e-01,3.125635658128178562e-03
7.992283850908279419e-01,-5.032232213813481181e-02
7.817252725362777710e-01,1.384571208948393028e-01
8.078050613403320312e-01,-1.941313357207863355e-01
7.896119058132171631e-01,-1.636209971398616680e-01
7.919445782899856567e-01,2.219789293305520772e-01
8.341758251190185547e-01,5.164414469449285505e-02
8.115579634904861450e-01,6.517470911966860569e-02
8.322782069444656372e-01,3.059849753538470551e-01
8.613371253013610840e-01,2.020090910609173562e-03
7.912556976079940796e-01,-2.642965382459649959e-01
8.040013313293457031e-01,1.384013193476234527e-01
8.591537624597549438e-01,1.407779409491669576e-01
8.415068387985229492e-01,9.525211757588802897e-03
8.243630975484848022e-01,4.852075607853434391e-02
8.368445336818695068e-01,-1.485407226316119988e-01
8.136387765407562256e-01,6.782659338700680607e-02
8.317526280879974365e-01,1.152245773947204732e-01
8.362338840961456299e-01,-2.017227804377870193e-01
8.158442229032516479e-01,3.111404391053174123e-03
8.265182971954345703e-01,1.216526160283311064e-01
8.081752955913543701e-01,-2.427217501065825900e-02
7.942250370979309082e-01,-2.117987047804792411e-02
8.020921349525451660e-01,1.587535292931452346e-02
8.125591874122619629e-01,-2.876019233630864314e-01
7.968480587005615234e-01,2.161654567303550323e-03
8.104570508003234863e-01,8.852372430558608229e-02
8.125768899917602539e-01,-9.951082424811419358e-02
7.823787033557891846e-01,-2.180567172232361628e-03
8.081335872411727905e-01,-1.393166145247537457e-03
8.010670840740203857e-01,-2.146449581955018893e-01
7.850467860698699951e-01,6.014096015239056570e-02
8.310556113719940186e-01,1.145542098140772680e-01
8.230924010276794434e-01,2.147985060771029353e-02
8.193835318088531494e-01,2.753293280459447878e-01
8.678783178329467773e-01,6.998937147539541215e-02
8.041934221982955933e-01,-1.167946981108363147e-01
7.937247604131698608e-01,5.667527211257272768e-02
8.459002971649169922e-01,2.186005014283263215e-01
8.434358388185501099e-01,-1.458839697729055196e-01
8.167935907840728760e-01,6.543648953244485256e-02
8.415940999984741211e-01,1.761456356870461093e-02
8.189058303833007812e-01,-1.349678389122388467e-01
8.195908665657043457e-01,6.487697603217590370e-02
8.453467786312103271e-01,-2.395665283932180145e-02
8.196786642074584961e-01,-6.857354765493628435e-02
8.163548707962036133e-01,1.085763286284739948e-01
8.118746876716613770e-01,-6.402141472604228056e-02
8.030664920806884766e-01,-4.581999864400332356e-02
8.019621819257736206e-01,3.293826764534424356e-02
8.167190700769424438e-01,-2.132448636702308775e-01
8.040791153907775879e-01,-7.510195417212894853e-02
8.063249289989471436e-01,1.669211530731740112e-01
8.183000981807708740e-01,-6.563142044067094005e-02
7.847339510917663574e-01,-4.417460201520073682e-02
7.929457128047943115e-01,1.305883537233878400e-01
8.025611639022827148e-01,-2.700624484535545378e-01
7.846103012561798096e-01,-6.225898465089807488e-02
8.140667676925659180e-01,1.948863418898238997e-01
8.297864794731140137e-01,6.114351546712937235e-02
8.123401403427124023e-01,1.457839763963515445e-01
8.580258488655090332e-01,1.426148979229413527e-01
8.304423689842224121e-01,3.018152141008378919e-02
7.839672416448593140e-01,-1.394188549434938196e-01
8.342018425464630127e-01,2.271879475870708376e-01
8.492611050605773926e-01,-1.069077125639172898e-01
8.247492015361785889e-01,7.059270229797443008e-02
8.353129923343658447e-01,4.074449214307085398e-02
8.213078379631042480e-01,-1.675179300227580548e-01
8.179248571395874023e-01,-1.671050360240666777e-02
8.386815786361694336e-01,1.374890202267033956e-01
8.299321234226226807e-01,-1.893361477305304241e-01
8.148213624954223633e-01,6.289882990873563173e-02
8.151143491268157959e-01,-8.620046995557428815e-02
8.115431666374206543e-01,-4.007599709757059259e-03
8.060328364372253418e-01,-4.471426664297029063e-02
8.224952518939971924e-01,-3.804523273665338934e-02
8.116038739681243896e-01,-1.548680188746116571e-01
8.038100451231002808e-01,1.616087708768465525e-01
8.215630054473876953e-01,-9.187256615257677339e-02
7.922579050064086914e-01,-2.711131279214296086e-02
7.852090597152709961e-01,1.841522214449069494e-01
8.069911450147628784e-01,-2.263325735344512424e-01
7.882904708385467529e-01,-1.514030798488503748e-01
7.983950227499008179e-01,2.352181272877165163e-01
8.337455093860626221e-01,7.820418314098898094e-02
8.109698891639709473e-01,1.024565092791478449e-01
8.375407457351684570e-01,2.401766003423078111e-01
8.503119051456451416e-01,-1.636670615043422927e-02
7.913836836814880371e-01,-2.336189822769076940e-01
8.157479763031005859e-01,1.481265178583202058e-01
8.560875952243804932e-01,7.175217605756767369e-02
8.357912302017211914e-01,1.007049399078141505e-03
8.284688889980316162e-01,3.928316571867407347e-02
8.221449553966522217e-01,-1.901776650231035148e-01
8.193217515945434570e-01,7.210608519930428173e-02
8.336455523967742920e-01,1.293884332047388064e-01
8.321429789066314697e-01,-2.156334694966797194e-01
8.142145574092864990e-01,2.320370645893987671e-02
8.312360346317291260e-01,1.056405680336900410e-01
8.086048960685729980e-01,-4.817770764061846123e-02
7.936861813068389893e-01,1.178573618036082848e-03
8.114023953676223755e-01,-5.503680386379361522e-02
8.135342597961425781e-01,-2.469287748089055157e-01
7.945958077907562256e-01,2.560242397515288815e-02
8.191965818405151367e-01,8.574937623999590031e-02
8.107984513044357300e-01,-1.103537389847497607e-01
7.794135659933090210e-01,6.299283117283716038e-02
8.093123733997344971e-01,-8.376205469436248663e-02
7.967878878116607666e-01,-1.923011198735213867e-01
7.862350046634674072e-01,1.558099040507672228e-01
8.359611481428146362e-01,5.230777114862661392e-02
8.153949081897735596e-01,4.308328853475673625e-02
8.246626108884811401e-01,3.255724419475956033e-01
8.649480938911437988e-01,3.419249168309557163e-02
7.937250733375549316e-01,-2.134558983806735810e-01
7.943526655435562134e-01,1.057383143680743487e-01
8.548645973205566406e-01,1.714759075512661823e-01
8.392089903354644775e-01,-5.307213999337179189e-02
8.242478072643280029e-01,2.955871622203387616e-02
8.399195075035095215e-01,-4.447177334215091093e-02
8.165583610534667969e-01,-4.848068382650705388e-02
8.290198147296905518e-01,1.207380698652409379e-01
8.394275009632110596e-01,-1.438747395661170714e-01
8.162871003150939941e-01,1.573678532884592585e-03
8.213170468807220459e-01,1.284776321119318609e-01
8.088404387235641479e-01,-3.367042888565574543e-02
7.997339367866516113e-01,-4.340648810017322390e-02
7.996116280555725098e-01,3.945768599385823805e-02
8.122526109218597412e-01,-2.739842860538326264e-01
8.004627823829650879e-01,-4.432309405191903195e-02
8.061436116695404053e-01,1.417104634496149096e-01
8.153273612260818481e-01,-7.013468020237301204e-02
7.835435420274734497e-01,-6.788183317368012837e-02
8.004750311374664307e-01,6.155772024042072132e-02
8.032908141613006592e-01,-2.393642945979412850e-01
7.860436737537384033e-01,-1.610192968143131509e-02
8.222885429859161377e-01,1.660111009944236216e-01
8.272241652011871338e-01,2.751203531241586120e-02
8.164550960063934326e-01,2.060968352747281074e-01
8.676274418830871582e-01,1.146137564315754531e-01
8.192393183708190918e-01,1.700112105636142346e-02
7.903350740671157837e-01,-4.722814507038286536e-02
8.362494409084320068e-01,2.276040248955037981e-01
8.456709235906600952e-01,-1.451523702931365456e-01
8.231963813304901123e-01,9.906197757470591725e-02
8.382647633552551270e-01,3.317270904505509321e-02
8.142189830541610718e-01,-1.523910293894856771e-01
8.166634142398834229e-01,-1.728892970760398384e-02
8.454748988151550293e-01,1.027111740583865895e-01
8.267674297094345093e-01,-1.634389867241115013e-01
8.157046139240264893e-01,9.195345967068790927e-02
8.118195682764053345e-01,-9.229332479886309670e-02
8.076070249080657959e-01,-2.340931081747266163e-02
8.048744797706604004e-01,-9.724262243126169381e-03
8.195905089378356934e-01,-1.056209064147046739e-01
8.072216808795928955e-01,-9.247290091892956809e-02
8.062741905450820923e-01,1.887238287392722924e-01
8.194090127944946289e-01,-1.238178284124034079e-01
7.897626012563705444e-01,-2.571346530904161654e-02
7.896168678998947144e-01,1.832253165498833880e-01
8.042167127132415771e-01,-2.499336319504092963e-01
7.877865284681320190e-01,-1.230154471042870234e-01
8.032472729682922363e-01,2.334395934103556947e-01
8.341064453125000000e-01,7.917602887940811129e-02
8.107951879501342773e-01,1.493814909101280897e-01
8.434530049562454224e-01,1.757370485191769305e-01
8.387951254844665527e-01,-3.213045598531749647e-02
7.822076678276062012e-01,-2.578493997539115234e-01
8.270471394062042236e-01,2.107272401725355238e-01
8.571883738040924072e-01,1.264747685246225828e-02
8.316581249237060547e-01,2.432498050164744186e-02
8.349804431200027466e-01,3.400860873220379332e-02
8.168592154979705811e-01,-2.108929595325546025e-01
8.178229331970214844e-01,5.399604883216913009e-02
8.364202082157135010e-01,1.551062053446057298e-01
8.305283784866333008e-01,-2.057423643724494156e-01
8.116833120584487915e-01,2.597168790504911229e-02
8.186172246932983398e-01,-5.843508063851876599e-02
8.178770244121551514e-01,4.097818452872514783e-02
8.041299432516098022e-01,-7.881163354087927786e-02
8.195009678602218628e-01,2.177159158275010498e-02
8.143051713705062866e-01,-2.540372927129230796e-01
8.005107045173645020e-01,1.153365549961797853e-01
8.230510056018829346e-01,5.290286281658396206e-03
8.001672923564910889e-01,-5.047680628730510932e-02
7.818226367235183716e-01,1.361842377401325521e-01
8.082090467214584351e-01,-1.850454207073846113e-01
7.895987629890441895e-01,-1.668280880766435104e-01
7.913569509983062744e-01,2.151996031044030033e-01
8.351850509643554688e-01,5.085056430154111240e-02
8.125406354665756226e-01,6.505786292684145877e-02
8.313869982957839966e-01,3.081563671038862751e-01
8.620456308126449585e-01,2.893815807615496283e-03
7.914617806673049927e-01,-2.624058395136308341e-01
8.032633215188980103e-01,1.377391909216028054e-01
8.589242994785308838e-01,1.400510228072513463e-01
8.416711688041687012e-01,4.856232635867652192e-03
8.238310813903808594e-01,4.157327619668205188e-02
8.363263309001922607e-01,-1.401174978047734498e-01
8.138792812824249268e-01,6.594581909092278593e-02
8.313391655683517456e-01,1.149433226164728872e-01
8.362540006637573242e-01,-2.036400691691300224e-01
8.159122616052627563e-01,-5.471547683351118962e-04
8.263114988803863525e-01,1.295386105230842411e-01
8.076377809047698975e-01,-2.248558923218935135e-02
7.940715700387954712e-01,-2.296289843974808065e-02
8.010396361351013184e-01,1.463386213052508822e-02
8.125313818454742432e-01,-2.877942327221147956e-01
7.970024645328521729e-01,2.495340329512263366e-03
8.093103170394897461e-01,8.944501159518525313e-02
8.130619227886199951e-01,-9.298260498443511324e-02
7.822604179382324219e-01,-1.713687985411738168e-02
8.075066655874252319e-01,6.729142284357614301e-03
8.020408153533935547e-01,-2.141358158905384279e-01
7.851761132478713989e-01,4.796686018368978566e-02
8.305332064628601074e-01,1.209991012639610730e-01
8.233957588672637939e-01,2.327411378025923128e-02
8.189052939414978027e-01,2.695521826275064647e-01
8.681544959545135498e-01,6.869619870670184980e-02
8.050148934125900269e-01,-1.057671514092528575e-01
7.934523373842239380e-01,5.218905242065829952e-02
8.452431559562683105e-01,2.191499032388311008e-01
8.437800556421279907e-01,-1.492695133086687775e-01
8.163312673568725586e-01,7.071816215245263493e-02
8.419257104396820068e-01,1.831002312024354595e-02
8.190613090991973877e-01,-1.407537852458422556e-01
8.190729320049285889e-01,5.940954792613561963e-02
8.453514724969863892e-01,-1.005476469559418717e-02
8.209378719329833984e-01,-7.665222601574539496e-02
8.153171241283416748e-01,1.101773461744239846e-01
8.115401268005371094e-01,-7.007906590867163388e-02
8.032741844654083252e-01,-4.465378375790107768e-02
8.025276809930801392e-01,3.032121253163699848e-02
8.166264891624450684e-01,-2.019976685965536589e-01
8.044802844524383545e-01,-7.520044952057025611e-02
8.058861643075942993e-01,1.690528470782144410e-01
8.181176185607910156e-01,-7.539669120339542729e-02
7.854085266590118408e-01,-3.809054808707701412e-02
7.929614484310150146e-01,1.432189777595769264e-01
8.027164638042449951e-01,-2.804508989113574380e-01
7.852260470390319824e-01,-6.319693750325638959e-02
8.131174445152282715e-01,1.968573723797266695e-01
8.298787921667098999e-01,6.302616229835500405e-02
8.120095580816268921e-01,1.420838469568228568e-01
8.567252457141876221e-01,1.478437650519595081e-01
8.311941921710968018e-01,2.195060594227360440e-02
7.831457704305648804e-01,-1.519586610253225167e-01
8.330450952053070068e-01,2.258419693273880924e-01
8.506938517093658447e-01,-9.800436972680781622e-02
8.251527845859527588e-01,7.541410578021068289e-02
8.346838355064392090e-01,3.533998121778347823e-02
8.212185204029083252e-01,-1.766257536973148135e-01
8.183434605598449707e-01,-8.484831232992373629e-03
8.379774987697601318e-01,1.405543602532763892e-01
8.300108909606933594e-01,-1.883455766406969545e-01
8.141694962978363037e-01,5.225908523494871005e-02
8.157443106174468994e-01,-8.578139659091510438e-02
8.127657175064086914e-01,1.012292497474476249e-03
8.062395453453063965e-01,-4.859696825879167292e-02
8.227842599153518677e-01,-3.097229300032333654e-02
8.120746463537216187e-01,-1.598358546049105655e-01
8.036268949508666992e-01,1.584786411343785950e-01
8.218110650777816772e-01,-8.609841679036467355e-02
7.931021749973297119e-01,-3.148031178420174214e-02
7.859339714050292969e-01,1.903409500874388982e-01
8.071808665990829468e-01,-2.248244337315177255e-01
7.879720926284790039e-01,-1.546891917686021856e-01
7.972266077995300293e-01,2.325426490775956978e-01
8.337599039077758789e-01,7.429507877967322926e-02
8.113978803157806396e-01,1.012614573518670902e-01
8.365178853273391724e-01,2.482416091965844451e-01
8.512689173221588135e-01,-1.819224065984537120e-02
7.911113500595092773e-01,-2.391835949567902020e-01
8.143779933452606201e-01,1.470610453628284908e-01
8.562326133251190186e-01,8.255895086597320187e-02
8.360215425491333008e-01,-3.389288606037155205e-05
8.277577459812164307e-01,4.216349927327067704e-02
8.259563297033309937e-01,-1.891017063308195745e-01
8.192945718765258789e-01,7.721061599492928806e-02
8.324019908905029297e-01,1.185928936071825035e-01
8.324138820171356201e-01,-2.078060853518546303e-01
8.147883713245391846e-01,2.089337260140444741e-02
8.302184939384460449e-01,1.081943314596158778e-01
8.084146380424499512e-01,-4.549698633210130794e-02
7.935918569564819336e-01,-2.901305948181054362e-03
8.105545490980148315e-01,-4.721896964818972364e-02
8.128820359706878662e-01,-2.515471954818071509e-01
7.938712537288665771e-01,2.074956190253995914e-02
8.189072161912918091e-01,8.816494657248208355e-02
8.109633177518844604e-01,-1.151601621858540092e-01
7.787719368934631348e-01,5.667864267582745086e-02
8.092195242643356323e-01,-6.972983810478883271e-02
7.972756922245025635e-01,-1.925490435262506850e-01
7.858510911464691162e-01,1.417213241534356349e-01
8.352991342544555664e-01,5.554688243632766032e-02
8.158288002014160156e-01,3.803980238474302666e-02
8.235489577054977417e-01,3.222516881277268652e-01
8.649185895919799805e-01,4.070441989104356395e-02
7.950955480337142944e-01,-1.991002949721698556e-01
7.950641214847564697e-01,1.094717749331208800e-01
8.535663634538650513e-01,1.704445151953488669e-01
8.392116278409957886e-01,-7.476246355098226104e-02
8.230087608098983765e-01,3.020923493017768635e-02
8.406214416027069092e-01,-3.352512015867858963e-02
8.169740140438079834e-01,-5.322456435388644991e-02
8.277434408664703369e-01,1.118974569553707887e-01
8.395681828260421753e-01,-1.367310180014396082e-01
8.164273351430892944e-01,6.751987213083676664e-03
8.200009763240814209e-01,1.252235405430992543e-01
8.090814352035522461e-01,-4.149893655156589034e-02
8.006233125925064087e-01,-4.103979093487941654e-02
8.003747612237930298e-01,3.916107642745059181e-02
8.126902133226394653e-01,-2.658086103726957639e-01
8.008133918046951294e-01,-5.327774435190413271e-02
8.060616701841354370e-01,1.482092839115729532e-01
8.159874975681304932e-01,-6.895591933082290126e-02
7.837779223918914795e-01,-6.008029001380732481e-02
7.988050878047943115e-01,6.112329208760147736e-02
8.040020465850830078e-01,-2.470952431829811502e-01
7.862048745155334473e-01,-2.219441001769206778e-02
8.210469931364059448e-01,1.705991865980336364e-01
8.277228772640228271e-01,3.381274155640712209e-02
8.162058740854263306e-01,1.948807242843995091e-01
8.664138764142990112e-01,1.160323890547472203e-01
8.206121176481246948e-01,3.171025909957370104e-02
7.895950973033905029e-01,-6.336153334219085664e-02
8.356017768383026123e-01,2.363143093595283517e-01
8.458526432514190674e-01,-1.449782245249804369e-01
8.222560435533523560e-01,9.595843783124680115e-02
8.380606472492218018e-01,3.641668892412397440e-02
8.144785761833190918e-01,-1.587782467570124645e-01
8.167046755552291870e-01,-2.179761982121641850e-02
8.453152179718017578e-01,1.140149196933362141e-01
8.273334205150604248e-01,-1.621259650829185439e-01
8.149865865707397461e-01,9.006182467078271969e-02
8.118635118007659912e-01,-9.351365595055405322e-02
8.079233467578887939e-01,-2.712516955218990944e-02
8.046607971191406250e-01,-1.850645205658274506e-02
8.199608325958251953e-01,-9.095408766568935377e-02
8.077779710292816162e-01,-9.455796879894728946e-02
8.064028024673461914e-01,1.774062263442761633e-01
8.191984593868255615e-01,-1.199216445435635769e-01
7.907008826732635498e-01,-2.358813792348213312e-02
7.900940775871276855e-01,1.868359388096503260e-01
8.050675988197326660e-01,-2.543282846739063352e-01
7.884005308151245117e-01,-1.233079370933833907e-01
8.024005442857742310e-01,2.303720063416125896e-01
8.349820077419281006e-01,8.465169614007095333e-02
8.102556169033050537e-01,1.464532204559101380e-01
8.423792272806167603e-01,1.825571960114098502e-01
8.397893309593200684e-01,-3.448404540462091106e-02
7.824037373065948486e-01,-2.614068420156607786e-01
8.263908922672271729e-01,2.122394995527798756e-01
8.573371469974517822e-01,2.112032386054929489e-02
8.314855694770812988e-01,1.601317151572612119e-02
8.349495530128479004e-01,3.051633069337755799e-02
8.170323073863983154e-01,-2.083867584992220578e-01
8.189885765314102173e-01,6.628699499369705705e-02
8.363032639026641846e-01,1.466273662240658027e-01
8.305826485157012939e-01,-2.124269403204404050e-01
8.113868385553359985e-01,3.452730096638889634e-02
8.187393546104431152e-01,-5.754674996740893889e-02
8.180824369192123413e-01,4.131973493852791890e-02
8.043057620525360107e-01,-7.971269745095099779e-02
8.189821839332580566e-01,2.709520898992634486e-02
8.146548867225646973e-01,-2.586652633150463565e-01
8.016062080860137939e-01,1.124116551052165569e-01
8.235317915678024292e-01,7.232105223354601264e-03
8.011372685432434082e-01,-4.903364345378058431e-02
7.823276072740554810e-01,1.333289961564312343e-01
8.084795475006103516e-01,-1.778855953404905321e-01
7.901033759117126465e-01,-1.729686925660396390e-01
7.910854220390319824e-01,2.117260504169911073e-01
8.359677195549011230e-01,5.042137924711820318e-02
8.133385479450225830e-01,6.600311866625130364e-02
8.306643664836883545e-01,3.096910969058286334e-01
8.624629825353622437e-01,1.902495703725470833e-03
7.909845262765884399e-01,-2.608177424601572092e-01
8.022803813219070435e-01,1.379373051395691441e-01
8.586076200008392334e-01,1.432298384633972077e-01
8.415246307849884033e-01,-1.364703611097528579e-03
8.233207464218139648e-01,3.852179293015556283e-02
8.366127908229827881e-01,-1.335098830510967893e-01
8.142155408859252930e-01,6.100195181043455150e-02
8.308749198913574219e-01,1.149489402218972778e-01
8.363131880760192871e-01,-2.043731666770125521e-01
8.159039020538330078e-01,-1.833211903491172023e-03
8.260503411293029785e-01,1.315017763653929528e-01
8.073522597551345825e-01,-1.876823246935899192e-02
7.941405475139617920e-01,-2.706000532926688962e-02
8.005174547433853149e-01,1.749434681262274083e-02
8.123710304498672485e-01,-2.884151653750235411e-01
7.975583076477050781e-01,1.693520781938406827e-03
8.089341819286346436e-01,8.713205618845165645e-02
8.133236169815063477e-01,-8.412195594855154113e-02
7.819242030382156372e-01,-2.852264252826275381e-02
8.059926927089691162e-01,5.712730209572303153e-03
8.027321547269821167e-01,-2.074431880414393525e-01
7.853453606367111206e-01,3.832854730355661488e-02
8.295845091342926025e-01,1.205732867727924429e-01
8.238579928874969482e-01,2.813034641612643938e-02
8.191571086645126343e-01,2.676923807250064513e-01
8.679867684841156006e-01,7.046237385212883453e-02
8.054769933223724365e-01,-1.014833527661300749e-01
7.934458106756210327e-01,4.644448911368126431e-02
8.449549078941345215e-01,2.295413497528602242e-01
8.439015150070190430e-01,-1.586029774677717441e-01
8.161570131778717041e-01,7.314421868173059949e-02
8.418175280094146729e-01,2.580203622123278251e-02
8.189083337783813477e-01,-1.438462770319666184e-01
8.185231685638427734e-01,5.122919090714450618e-02
8.457124978303909302e-01,4.161147591356773034e-03
8.216885328292846680e-01,-8.651243431014199459e-02
8.150637447834014893e-01,1.100930820930581255e-01
8.116312325000762939e-01,-6.995060999796720580e-02
8.037582337856292725e-01,-4.487904973541878562e-02
8.032152652740478516e-01,2.859997822960513858e-02
8.166426271200180054e-01,-1.921713531882178749e-01
8.048583418130874634e-01,-7.903146916648706721e-02
8.060232698917388916e-01,1.685277882245483916e-01
8.183795362710952759e-01,-7.944754647492002775e-02
7.857927531003952026e-01,-3.728479621570590652e-02
7.925918400287628174e-01,1.490642834571644926e-01
8.028191924095153809e-01,-2.798125516816329927e-01
7.856489419937133789e-01,-6.635365724473318849e-02
8.121702224016189575e-01,1.972850594060364671e-01
8.302484005689620972e-01,6.182099868131007980e-02
8.123398721218109131e-01,1.448488323467054251e-01
8.559297025203704834e-01,1.524176193884945185e-01
8.317140936851501465e-01,1.467580691769398982e-02
7.829587757587432861e-01,-1.608279237228567027e-01
8.324571549892425537e-01,2.232586198462271909e-01
8.511446416378021240e-01,-9.066927507067301661e-02
8.255265951156616211e-01,7.436848215721836297e-02
8.340048789978027344e-01,3.658671511496880413e-02
8.214180320501327515e-01,-1.838848234267063120e-01
8.184042572975158691e-01,-1.310400091995234106e-03
8.377415537834167480e-01,1.435781299997094251e-01
8.298691362142562866e-01,-1.917725032030865862e-01
8.142427653074264526e-01,4.483935199041999553e-02
8.164798617362976074e-01,-7.914045071172015611e-02
8.136872351169586182e-01,-8.089351811113587587e-04
8.063318580389022827e-01,-5.039291671296775021e-02
8.234530687332153320e-01,-2.772213375528798096e-02
8.125196695327758789e-01,-1.598015872118216940e-01
8.035810738801956177e-01,1.539163965157208658e-01
8.220858573913574219e-01,-8.108114613233130541e-02
7.937805056571960449e-01,-3.282760081848401512e-02
7.863988876342773438e-01,1.914348851170810661e-01
8.072111308574676514e-01,-2.271666006864583309e-01
7.879735231399536133e-01,-1.532853521730479507e-01
7.963495254516601562e-01,2.297379659427138954e-01
8.334217667579650879e-01,6.894562038754470379e-02
8.115649819374084473e-01,1.050383607321956347e-01
8.367591053247451782e-01,2.467342184077074840e-01
8.520813584327697754e-01,-1.358599146536310087e-02
7.911444306373596191e-01,-2.381447124603073284e-01
8.138867914676666260e-01,1.438747395661170714e-01
8.566445112228393555e-01,8.903492639920518315e-02
8.362238705158233643e-01,5.077940796616609020e-03
8.275041878223419189e-01,4.307092980282334338e-02
8.272667229175567627e-01,-1.920548815024192280e-01
8.196015954017639160e-01,8.160770301411046646e-02
8.323728442192077637e-01,1.151893737340610180e-01
8.325714170932769775e-01,-2.079274256290215561e-01
8.151620477437973022e-01,2.179031693416444426e-02
8.304290473461151123e-01,1.104016758843711088e-01
8.082488328218460083e-01,-4.492080726907365928e-02
7.935663759708404541e-01,-4.267507587391694557e-03
8.103385865688323975e-01,-4.572487385881718325e-02
8.130242824554443359e-01,-2.484812936946916295e-01
7.938511818647384644e-01,1.592778391327565046e-02
8.186199069023132324e-01,8.639315382163070822e-02
8.111146390438079834e-01,-1.151146595819168006e-01
7.787932157516479492e-01,5.581128439830207455e-02
8.090911805629730225e-01,-6.701541116372577989e-02
7.971349209547042847e-01,-1.916210151101425119e-01
7.853078991174697876e-01,1.422740965271951374e-01
8.348687291145324707e-01,5.462035204833215474e-02
8.158019781112670898e-01,3.728105114542268339e-02
8.233131468296051025e-01,3.198275041335905122e-01
8.654334396123886108e-01,4.385027892869963750e-02
7.957588136196136475e-01,-1.955333027811989588e-01
7.953257709741592407e-01,1.037893797928406414e-01
8.533737361431121826e-01,1.727192708851967851e-01
8.395524024963378906e-01,-7.426137314712688564e-02
8.231025487184524536e-01,2.618927648848723422e-02
8.407515287399291992e-01,-3.162505875063681415e-02
8.174833208322525024e-01,-5.451530282689631690e-02
8.281187713146209717e-01,1.112285874028406951e-01
8.400052487850189209e-01,-1.331402446141720652e-01
8.166656941175460815e-01,8.551118977000005117e-03
8.201068341732025146e-01,1.198107904631893206e-01
8.096304833889007568e-01,-3.861186187045984042e-02
8.012071847915649414e-01,-3.946817219065046345e-02
8.012119233608245850e-01,3.755930986744404620e-02
8.134496361017227173e-01,-2.642843667675456309e-01
8.014513552188873291e-01,-5.261936099616626450e-02
8.061209022998809814e-01,1.457963351282849374e-01
8.156765401363372803e-01,-6.616752725167174276e-02
7.835716605186462402e-01,-6.100401159909019100e-02
7.988996803760528564e-01,6.289583385250940850e-02
8.039476424455642700e-01,-2.448259178450435947e-01
7.859962433576583862e-01,-2.047972958865518223e-02
8.212706446647644043e-01,1.721878454120502333e-01
8.276923894882202148e-01,3.354122396089520564e-02
8.161119073629379272e-01,1.914315145538263430e-01
8.671534955501556396e-01,1.157447676570186879e-01
8.208171725273132324e-01,3.240422062299908035e-02
7.895817309617996216e-01,-6.612970204181412015e-02
8.356486260890960693e-01,2.335010125629959354e-01
8.461274802684783936e-01,-1.442224693418863168e-01
8.225071430206298828e-01,9.271221091000825254e-02
8.379901498556137085e-01,3.550963290159980801e-02
8.143637776374816895e-01,-1.570156294283546750e-01
8.168686479330062866e-01,-2.353233637626672703e-02
8.451426625251770020e-01,1.136160697082044813e-01
8.273044526576995850e-01,-1.597341759467290068e-01
8.156726956367492676e-01,9.407878705624694859e-02
8.125083148479461670e-01,-9.517759067725695132e-02
8.085783869028091431e-01,-2.645892154885753911e-02
8.059846907854080200e-01,-1.814261847859688359e-02
8.204412162303924561e-01,-9.237889965482803944e-02
8.076627254486083984e-01,-9.642582260255538884e-02
8.066408932209014893e-01,1.799483800523251631e-01
8.188880383968353271e-01,-1.180983570763221024e-01
7.899170070886611938e-01,-2.307019470335403000e-02
7.900531738996505737e-01,1.859090339146267645e-01
8.044358491897583008e-01,-2.524336536177753665e-01
7.878522425889968872e-01,-1.269666835062861487e-01
8.026511967182159424e-01,2.335324711533721675e-01
8.345824927091598511e-01,8.328624351491686895e-02
8.101818561553955078e-01,1.463798170783645602e-01
8.425995260477066040e-01,1.819752120894433389e-01
8.393826186656951904e-01,-3.239429618674938283e-02
7.825687825679779053e-01,-2.631374389934002522e-01
8.273470103740692139e-01,2.101984362485862512e-01
8.579168617725372314e-01,1.995111291822082578e-02
8.316271901130676270e-01,1.694157443886279424e-02
8.354740142822265625e-01,3.301242003694593308e-02
8.172992765903472900e-01,-2.083378853320296820e-01
8.188292980194091797e-01,6.235167514040051984e-02
8.366600871086120605e-01,1.502136455269940107e-01
8.300990462303161621e-01,-2.094984826127079813e-01
8.125690221786499023e-01,2.740005771095654907e-02
8.200831413269042969e-01,-5.782594495700088544e-02
8.192800432443618774e-01,4.159387408323800273e-02
8.053241968154907227e-01,-8.121615591603070783e-02
8.207137286663055420e-01,2.130944990983696385e-02
8.144887685775756836e-01,-2.560712403835792017e-01
8.010537624359130859e-01,1.201010334101155763e-01
8.229966461658477783e-01,3.631594653351388757e-03
7.991374582052230835e-01,-4.489590255169195743e-02
7.820388674736022949e-01,1.331526033461054581e-01
8.080256283283233643e-01,-1.870145786621457695e-01
7.893013954162597656e-01,-1.616421020023643962e-01
7.908527851104736328e-01,2.088614461575826198e-01
8.344092667102813721e-01,5.179507102689440146e-02
8.126606643199920654e-01,6.515223869797104328e-02
8.312899470329284668e-01,3.021391626803122676e-01
8.627957999706268311e-01,6.197342304182562600e-03
7.921541035175323486e-01,-2.503527053150684800e-01
8.039492517709732056e-01,1.411423362876953469e-01
8.587137460708618164e-01,1.371684422104850753e-01
8.413803279399871826e-01,-2.704502504813355301e-03
8.238340318202972412e-01,4.395663892473455903e-02
8.364323675632476807e-01,-1.354376579792315738e-01
8.135275542736053467e-01,6.326846834566035582e-02
8.314301371574401855e-01,1.158616138498458348e-01
8.362902104854583740e-01,-2.073664141006394956e-01
8.156942874193191528e-01,5.834819500796228908e-04
8.271117359399795532e-01,1.248190729525431308e-01
8.094004839658737183e-01,-2.063196669565625641e-02
7.950589358806610107e-01,-2.549288066937727137e-02
8.021973669528961182e-01,1.164229998852572834e-02
8.136683255434036255e-01,-2.870412863417328708e-01
7.973713576793670654e-01,3.920339572164976971e-03
8.098254352807998657e-01,8.780691785343464062e-02
8.135078847408294678e-01,-9.502928589405312820e-02
7.823713272809982300e-01,-6.413058352479072965e-03
8.075889647006988525e-01,7.033241991329930443e-04
8.018632084131240845e-01,-2.102847601186077497e-01
7.848281860351562500e-01,5.636143522286385377e-02
8.300951570272445679e-01,1.134625218266047675e-01
8.237920999526977539e-01,2.365124235774951345e-02
8.189940750598907471e-01,2.779418890753126981e-01
8.676603436470031738e-01,6.778801916309307174e-02
8.051511049270629883e-01,-1.141628499695115373e-01
7.943697869777679443e-01,6.107423166689507354e-02
8.450897783041000366e-01,2.173492734468012166e-01
8.436782658100128174e-01,-1.480501184245488489e-01
8.170856833457946777e-01,7.042417413524315606e-02
8.418270498514175415e-01,1.789918891020647607e-02
8.191701173782348633e-01,-1.397540387338156442e-01
8.191267549991607666e-01,6.521178531546967250e-02
8.450915217399597168e-01,-2.222268529832804873e-02
8.207112252712249756e-01,-7.322455043929920748e-02
8.166230469942092896e-01,1.100694881502755074e-01
8.124488592147827148e-01,-6.862522962484041145e-02
8.035282343626022339e-01,-4.732195908097036607e-02
8.026616573333740234e-01,2.963773720500340048e-02
8.173778653144836426e-01,-2.164463370015883292e-01
8.063534051179885864e-01,-7.808977124384597346e-02
8.084595650434494019e-01,1.615814318637811553e-01
8.200538158416748047e-01,-6.626246478334385515e-02
7.866445332765579224e-01,-3.907512706445759321e-02
7.955545634031295776e-01,1.301891292312280513e-01
8.043374568223953247e-01,-2.670059093421461860e-01
7.855253815650939941e-01,-4.617559306736707114e-02
8.155642449855804443e-01,2.113339415583688208e-01
8.311324119567871094e-01,5.215984087245129075e-02
8.143222928047180176e-01,1.397929874647578785e-01
8.608801662921905518e-01,1.433560473319319684e-01
8.311153352260589600e-01,4.530074464927613676e-02
7.867876738309860229e-01,-1.212421563253225365e-01
8.357155025005340576e-01,2.338893763513349988e-01
8.491129577159881592e-01,-1.272125473703598075e-01
8.250731229782104492e-01,8.120473345166789869e-02
8.381659686565399170e-01,5.006747010538159515e-02
8.183998763561248779e-01,-1.701486546429977764e-01
8.156167268753051758e-01,-7.996099561070835193e-03
8.383822888135910034e-01,1.360958540814554141e-01
8.279821574687957764e-01,-1.680952326068707592e-01
8.110996633768081665e-01,8.646917874837400930e-02
8.088246583938598633e-01,-1.047846322205274738e-01
8.090364634990692139e-01,-9.477462111481482765e-03
8.016865402460098267e-01,-4.756669942395941320e-02
8.221501857042312622e-01,-1.542500822779313552e-02
8.102814555168151855e-01,-1.741633699862923379e-01
7.989067882299423218e-01,1.374481989606195498e-01
8.241421282291412354e-01,-8.918454195700808995e-02
7.976224571466445923e-01,-4.795019462093064178e-02
7.895172238349914551e-01,1.717316958515899827e-01
8.102237880229949951e-01,-2.220094516533577256e-01
7.917544096708297729e-01,-1.680158371168727349e-01
8.018538206815719604e-01,2.475693690807996283e-01
8.352576494216918945e-01,6.481218631628138382e-02
8.113332837820053101e-01,9.361252580602297257e-02
8.411152362823486328e-01,2.195832078705657331e-01
8.482043147087097168e-01,-7.910337451591864522e-03
7.919307649135589600e-01,-2.488649761451768860e-01
8.192211687564849854e-01,1.785750627795770207e-01
8.548409044742584229e-01,5.765835306184019515e-02
8.365950882434844971e-01,-1.406479870103494179e-02
8.299231827259063721e-01,3.089083772166967279e-02
8.195672631263732910e-01,-2.139470643482792589e-01
8.198207318782806396e-01,7.509502579210591833e-02
8.361766636371612549e-01,1.072546933256299795e-01
8.297253251075744629e-01,-2.301317600829633214e-01
8.174426406621932983e-01,3.745594592763534791e-02
8.244251459836959839e-01,-1.629648608262934673e-02
8.158130645751953125e-01,6.118134067698655087e-02
8.052626848220825195e-01,-1.369319410221181421e-01
8.162568807601928711e-01,2.767232432052502134e-02
8.112019896507263184e-01,-3.105232515226941103e-01
8.019764870405197144e-01,1.189636555651918393e-01
8.211140036582946777e-01,8.052575220937363554e-02
7.971975952386856079e-01,-2.713116166464235590e-02
7.731834650039672852e-01,9.471694703245736591e-02
8.000356853008270264e-01,-2.154392876025101877e-01
7.781039774417877197e-01,-1.047278944057414840e-01
7.824869751930236816e-01,2.278616857309687660e-01
8.227724134922027588e-01,-3.131028559335735650e-02
8.002832084894180298e-01,1.183483405177074843e-01
8.234663903713226318e-01,3.072586737570692783e-01
8.610496819019317627e-01,3.544034910136550920e-02
8.002716302871704102e-01,-1.020840620395113696e-01
7.966330796480178833e-01,1.306235573840472952e-01
8.472256660461425781e-01,1.572128073787504299e-01
8.385910987854003906e-01,-1.124000453873392757e-01
8.228724598884582520e-01,3.460407490718875323e-02
8.398922383785247803e-01,-1.675750423445743209e-02
8.162162899971008301e-01,-8.168110639165560016e-02
8.257953524589538574e-01,9.430424028727912855e-02
8.424055576324462891e-01,-1.177114913160961507e-01
8.152440786361694336e-01,3.006542423131364217e-03
8.183139562606811523e-01,1.011543483417751688e-01
8.090131282806396484e-01,-5.923072082012570405e-02
8.012342751026153564e-01,-4.345348873222398822e-02
8.015686571598052979e-01,3.383933155541596349e-02
8.133385479450225830e-01,-2.584941136031169151e-01
8.014959692955017090e-01,-6.005089121208628811e-02
8.057338148355484009e-01,1.488343361417929778e-01
8.166514784097671509e-01,-6.935701635812385746e-02
7.849011421203613281e-01,-5.821131268911372558e-02
7.966038882732391357e-01,7.156042845908228145e-02
8.041048645973205566e-01,-2.524349643923744502e-01
7.859050035476684570e-01,-2.712086272136415843e-02
8.194113373756408691e-01,1.664365409785637517e-01
8.284467160701751709e-01,3.412508041800288439e-02
8.159642517566680908e-01,1.921430779075818940e-01
8.663668036460876465e-01,1.138905833599430650e-01
8.231889605522155762e-01,4.097668650061203621e-02
7.896565198898315430e-01,-6.902014728617489325e-02
8.355420976877212524e-01,2.276695636254548738e-01
8.459987342357635498e-01,-1.395907536694802609e-01
8.228527009487152100e-01,8.695004577270148971e-02
8.383883237838745117e-01,4.011157526525677142e-02
8.144962787628173828e-01,-1.734128579015945526e-01
8.173682093620300293e-01,-2.210321755630273444e-02
8.444958031177520752e-01,1.144156422136091145e-01
8.275370448827743530e-01,-1.573236614591251303e-01
8.149120211601257324e-01,8.161144808439324549e-02
8.128858804702758789e-01,-9.055561218758656494e-02
8.089848756790161133e-01,-2.924506658583903018e-02
8.057306408882141113e-01,-2.194611185793426955e-02
8.206222206354141235e-01,-8.453316466561666687e-02
8.080022931098937988e-01,-9.752687326573505899e-02
8.064103573560714722e-01,1.737532847903122679e-01
8.190083801746368408e-01,-1.223660519172282690e-01
7.907676696777343750e-01,-2.275673232067321194e-02
7.900941669940948486e-01,1.895421265960912649e-01
8.056156188249588013e-01,-2.570612497128701435e-01
7.889243215322494507e-01,-1.215925076502903934e-01
8.013658821582794189e-01,2.251506293531604364e-01
8.345532119274139404e-01,8.803237108446637649e-02
8.100297749042510986e-01,1.454506651411713314e-01
8.422325551509857178e-01,1.836567486464764087e-01
8.414877504110336304e-01,-3.613543414587638836e-02
7.839302718639373779e-01,-2.535047437186914721e-01
8.260952234268188477e-01,2.003320485882231772e-01
8.577612042427062988e-01,2.874079287224295953e-02
8.321234881877899170e-01,1.533194323126219061e-02
8.354363739490509033e-01,2.954635749010003920e-02
8.181245923042297363e-01,-2.079813546410953506e-01
8.203200250864028931e-01,7.129340494790969984e-02
8.366299569606781006e-01,1.421370269548400955e-01
8.312513232231140137e-01,-2.094394977557518800e-01
8.122541755437850952e-01,3.498045447062247959e-02
8.195661008358001709e-01,-5.380186693799915432e-02
8.185384571552276611e-01,4.092388100962285336e-02
8.048917353153228760e-01,-7.993365659764339881e-02
8.195507228374481201e-01,2.524851483341672420e-02
8.149386644363403320e-01,-2.586111470494580900e-01
8.022904396057128906e-01,1.157634930084334712e-01
8.235591948032379150e-01,7.207013252458871477e-03
8.008515238761901855e-01,-5.039085692431211072e-02
7.821516096591949463e-01,1.357430684608043059e-01
8.085159361362457275e-01,-1.797813499177065566e-01
7.906232774257659912e-01,-1.725874444112380779e-01
7.913969159126281738e-01,2.130675345923345176e-01
8.362054079771041870e-01,5.185049806708175169e-02
8.133769482374191284e-01,6.123227363283456626e-02
8.311036676168441772e-01,3.111029884024909542e-01
8.623596727848052979e-01,1.076333199312440314e-03
7.910932898521423340e-01,-2.659917443095305423e-01
8.031804412603378296e-01,1.361853612612176079e-01
8.592391014099121094e-01,1.383208003365408167e-01
8.416730463504791260e-01,4.231554912675683511e-03
8.243918418884277344e-01,4.166390689752885734e-02
8.368096649646759033e-01,-1.371227523530333947e-01
8.143515288829803467e-01,6.377592536899667763e-02
8.320985883474349976e-01,1.152305695071733638e-01
8.367418497800827026e-01,-2.046059227950962622e-01
8.166996687650680542e-01,1.975899081270604540e-03
8.270756602287292480e-01,1.279113774851534657e-01
8.085025250911712646e-01,-2.136075737271303510e-02
7.948355078697204590e-01,-2.126581984104092271e-02
8.019132316112518311e-01,1.569708758384713576e-02
8.132192790508270264e-01,-2.859370523688125054e-01
7.976122647523880005e-01,5.831074430511229423e-04
8.100356757640838623e-01,8.815520938974641396e-02
8.131573647260665894e-01,-9.522477856282174358e-02
7.824028879404067993e-01,-1.049818101709254492e-02
8.081933110952377319e-01,4.640891094599197686e-03
8.018958866596221924e-01,-2.150850039537455238e-01
7.854017317295074463e-01,5.393612770764200093e-02
8.309807777404785156e-01,1.182060278469561077e-01
8.235817253589630127e-01,2.140120413176882508e-02
8.190773129463195801e-01,2.701307959862182528e-01
8.684874475002288818e-01,7.186452816605548577e-02
8.049021959304809570e-01,-1.115645202072190756e-01
7.936402261257171631e-01,5.304929506464572952e-02
8.460020422935485840e-01,2.182117631329587581e-01
8.440363854169845581e-01,-1.464322480623256872e-01
8.168500065803527832e-01,6.670419582321462926e-02
8.420931249856948853e-01,1.715616696607469294e-02
8.196509480476379395e-01,-1.358250855000000534e-01
8.202237784862518311e-01,6.392722620842672399e-02
8.458652496337890625e-01,-2.226069776169969927e-02
8.204015195369720459e-01,-6.656525371571841987e-02
8.169544786214828491e-01,1.093219721218039453e-01
8.127340674400329590e-01,-6.532994228289590311e-02
8.037508130073547363e-01,-4.521105021599991503e-02
8.029371649026870728e-01,3.309406256911406885e-02
8.171431720256805420e-01,-2.144756810187140594e-01
8.046899437904357910e-01,-7.042211434658751656e-02
8.066652119159698486e-01,1.645411609083757831e-01
8.185343891382217407e-01,-6.323794602285426336e-02
7.849988639354705811e-01,-4.407367237107617797e-02
7.932331562042236328e-01,1.292783281384206617e-01
8.030587583780288696e-01,-2.688372487104961905e-01
7.852535843849182129e-01,-6.033607831413068112e-02
8.147101402282714844e-01,1.933935568750499989e-01
8.302366435527801514e-01,6.008590761923171542e-02
8.129667490720748901e-01,1.462412494778964067e-01
8.589328825473785400e-01,1.402667388555478567e-01
8.304581940174102783e-01,3.660618948044014331e-02
7.847650647163391113e-01,-1.359438042279688119e-01
8.349502682685852051e-01,2.285080848618017413e-01
8.492022752761840820e-01,-1.152844985192471583e-01
8.250271677970886230e-01,7.130875973606976004e-02
8.367104232311248779e-01,3.976028767271833075e-02
8.211992979049682617e-01,-1.594216498316187725e-01
8.176431357860565186e-01,-2.891400237282848451e-02
8.395119905471801758e-01,1.399015945029629115e-01
8.302424550056457520e-01,-1.856133606157897020e-01
8.150959312915802002e-01,6.641020780600515039e-02
8.156623244285583496e-01,-8.216103714841249683e-02
8.117726743221282959e-01,-1.017161088842133410e-02
8.068862259387969971e-01,-4.050649292659125322e-02
8.231157362461090088e-01,-4.597111222991934198e-02
8.116167485713958740e-01,-1.395195973341047946e-01
8.049971014261245728e-01,1.615245067954806935e-01
8.212359547615051270e-01,-9.876162293801504788e-02
7.922876775264739990e-01,-2.332916631341808156e-02
7.857927531003952026e-01,1.763033031459553257e-01
8.071969598531723022e-01,-2.288093757660627503e-01
7.894802540540695190e-01,-1.400257435828415886e-01
8.000566512346267700e-01,2.340459202891613799e-01
8.340103328227996826e-01,7.871276368541035851e-02
8.116821497678756714e-01,1.115004795053811115e-01
8.381197452545166016e-01,2.254951758191894307e-01
8.485601097345352173e-01,-1.387342560957760540e-02
7.907814830541610718e-01,-2.345687321006573178e-01
8.177752792835235596e-01,1.514176856229538792e-01
8.565020412206649780e-01,5.850136838252639748e-02
8.354872465133666992e-01,8.789679954022577846e-03
8.300815224647521973e-01,3.491791179689762714e-02
8.190362751483917236e-01,-2.028693337049043421e-01
8.199584186077117920e-01,6.436315238935907956e-02
8.348976075649261475e-01,1.452439372615539348e-01
8.322773575782775879e-01,-2.153892909142332002e-01
8.149094283580780029e-01,2.999014831862645281e-02
