0.000000000000000000e+00,-3.000000000000000000e+00
8.493241965770721436e-01,-3.141592653589793116e+00
8.477170467376708984e-01,-3.141592653589793116e+00
8.967859685420990212e-01,-2.003193153492614620e+00
8.895864367485046831e-01,-1.772171002949886054e+00
9.016862988471985307e-01,-1.362337101185699950e+00
8.972342491149902788e-01,-1.298258948644871458e+00
9.003099083900452104e-01,-1.090880175812298347e+00
8.942538619041443537e-01,-1.013864303472081119e+00
8.816084682941437434e-01,-1.385686865385673983e+00
9.033803224563599077e-01,-2.938024489770096892e-01
8.877807080745697688e-01,-8.474612808725496826e-01
8.854802966117859553e-01,-9.420707443878870713e-01
8.967717111110687922e-01,-4.526692666462133197e-01
8.828603863716125710e-01,-1.094967732772595959e+00
9.022576332092285822e-01,-4.361508851493205441e-01
8.923389911651611328e-01,-7.431505872963257708e-01
8.781972110271454302e-01,-1.213922400169108684e+00
9.031978726387024370e-01,-4.212589876763019880e-01
8.916444957256317583e-01,-1.056810522434482813e+00
8.880938589572906494e-01,-7.395379052479031934e-01
8.990498125553131326e-01,-4.131638310062477615e-01
8.830530822277069536e-01,-8.653542904167892402e-01
8.951442301273345725e-01,-4.891687216235900415e-01
8.889592945575713889e-01,-2.638787756559048958e-01
8.827847659587860774e-01,-6.266957543136646436e-01
8.969275951385498047e-01,-3.151957884611840122e-01
8.937000513076782671e-01,-7.540079205535508144e-01
8.897480070590972900e-01,-7.110703152527992899e-01
9.010288357734680398e-01,-3.768418923602818715e-01
8.936112999916077104e-01,-5.631020266139326047e-01
8.942191839218139870e-01,-4.574176412579324946e-01
8.985949456691741943e-01,-4.709562575842167753e-01
8.881837666034698708e-01,-7.573932768357996004e-01
8.997242867946625422e-01,-1.970114820218689111e-01
8.993608832359314409e-01,-1.961164102242500817e-01
8.896951675415039062e-01,-3.621539139641680727e-01
9.035202145576477495e-01,5.982075664320030128e-02
8.975733637809754084e-01,-4.832406498727497279e-01
8.960671842098236750e-01,-2.763713938521683566e-01
9.081323027610779253e-01,1.553642406870991977e-02
8.945572912693023904e-01,-3.961224504443450201e-01
9.006250500679016113e-01,3.103015433619438213e-02
9.075331211090088557e-01,1.482291327840723483e-01
8.964918673038483332e-01,-3.310054154070334320e-01
9.059539437294006348e-01,2.493347952121696132e-01
9.032017707824707697e-01,7.625861912900999684e-02
8.917897224426269975e-01,-1.096050994351926988e-02
9.030214190483093484e-01,1.923861329689438016e-01
8.918585598468781184e-01,3.231538755588831968e-01
8.913583874702454279e-01,3.661382942381710137e-01
9.020889401435852051e-01,3.079316628869106509e-01
8.983359515666962114e-01,-7.122056333090664992e-02
8.985803484916686790e-01,1.828384507896574362e-01
9.053151488304138628e-01,1.416936106333421819e-01
8.984345912933350276e-01,1.389016607374222723e-01
9.012074351310730425e-01,2.417345495800038435e-01
9.022471070289611594e-01,1.332458555961504310e-01
8.925454735755921076e-01,9.696548723032494266e-02
9.032984495162964533e-01,4.472374167078605467e-01
9.004969716072083186e-01,2.164549506632393872e-01
8.946720361709594727e-01,4.892949304921243581e-01
9.069995045661926047e-01,4.714586587626707903e-01
8.995438098907471147e-01,3.327045537943940090e-02
9.023341536521911621e-01,4.997140905262469346e-01
9.106610417366027832e-01,5.362622314173015603e-01
8.984460234642028809e-01,4.538455932220797351e-01
9.025901556015014648e-01,1.019605121708774931e+00
9.079190492630004883e-01,6.465717785727127520e-01
8.994583547115325706e-01,4.490957205822474485e-01
9.066917061805724876e-01,7.608282552992977621e-01
9.029039502143859641e-01,5.311389752702617706e-01
8.942383050918579768e-01,6.656555332134082015e-01
9.037615656852722168e-01,6.639271832778388394e-01
8.924251735210418923e-01,7.807269372335574609e-01
8.933915555477142112e-01,7.811160500359530801e-01
9.027561545372009277e-01,4.866325600279939323e-01
8.995731532573699729e-01,1.112420696558591438e-01
8.990940809249877708e-01,2.744859382182305296e-01
9.051639080047607644e-01,1.751460764285317495e-01
8.988540768623352051e-01,1.516622387124288984e-01
9.012143135070801447e-01,2.212126879506657318e-01
9.021805405616760698e-01,8.199269623919525074e-02
8.927071094512939453e-01,4.352183626488725920e-02
9.032222867012024148e-01,3.609187897848600279e-01
9.011758446693420854e-01,1.056364484563787620e-01
8.942003190517425759e-01,2.762914366016278045e-01
9.059486985206604004e-01,3.221430810895222763e-01
8.997634351253509521e-01,-1.580664961497428855e-01
9.004461407661438210e-01,2.033981376288531706e-01
9.098990559577941895e-01,3.071287198182517386e-01
8.987039268016815408e-01,1.224769059976025254e-01
9.019367456436157005e-01,5.843800179333933364e-01
9.082591533660888672e-01,4.884099703842696982e-01
8.999146640300751399e-01,2.245577847273731997e-01
9.063928961753845437e-01,5.712647818025935464e-01
9.027289152145385742e-01,3.642990902222269511e-01
8.937772989273071733e-01,4.294977677917062309e-01
9.036936163902282715e-01,4.628082954231733659e-01
8.926045060157775657e-01,5.683571092349315457e-01
8.925502300262451172e-01,6.218385854102268517e-01
9.019088029861450639e-01,5.046242521741888254e-01
8.994768440723419634e-01,1.727136532797723945e-01
8.993280827999114990e-01,3.553760857661325545e-01
9.052990436553954856e-01,2.447927739730397789e-01
8.990349590778351496e-01,2.363438954147634163e-01
9.015081882476806419e-01,3.069493309516997392e-01
9.022523403167724831e-01,1.575131620154408552e-01
8.928193330764770952e-01,1.396566669064598365e-01
9.034500956535339578e-01,4.343757218352148897e-01
9.011642098426818626e-01,1.601586796632985532e-01
8.945366144180297852e-01,3.591574832308008780e-01
9.061573147773742676e-01,3.691976421522915608e-01
8.998168885707855669e-01,-8.647741790299656728e-02
9.008848071098327637e-01,2.889935914802208572e-01
9.100137591361999734e-01,3.716394279767580855e-01
8.988910138607025813e-01,2.098943365416130469e-01
9.019642949104309526e-01,6.839767915445005286e-01
9.080325007438659890e-01,5.562796320795300176e-01
9.001795887947082742e-01,3.234358793511873387e-01
9.064924120903015137e-01,6.460796763375364904e-01
9.027450919151306374e-01,4.331053939952469456e-01
8.942570328712463601e-01,5.349896565351643929e-01
9.037372708320617898e-01,5.334684089862404832e-01
8.926729023456573264e-01,6.426574311130006656e-01
8.928976774215698908e-01,7.128673872280604229e-01
9.020131230354309082e-01,5.370209826566219036e-01
8.995643198490143044e-01,1.987804659700080911e-01
8.994400203227996826e-01,3.675677875651630622e-01
9.052528023719788042e-01,2.475543887996676240e-01
8.990907371044158936e-01,2.398485321855234886e-01
9.015491843223571999e-01,3.073399417822089141e-01
9.022554039955139604e-01,1.536579866661988980e-01
8.928272485733032005e-01,1.361610183043784339e-01
9.034314036369324175e-01,4.303819788855047790e-01
9.012163043022155540e-01,1.522183816494431241e-01
8.944928050041198730e-01,3.395239522725721493e-01
9.060035347938537598e-01,3.522620598258812130e-01
8.998499393463135210e-01,-1.075584185255751279e-01
9.007597804069519265e-01,2.601367014292073065e-01
9.099246740341186968e-01,3.464309853953686513e-01
8.988650739192962646e-01,1.802798187723637646e-01
9.018880605697632280e-01,6.403246268337676739e-01
9.080775976181030273e-01,5.265973285381599922e-01
9.001435279846191628e-01,2.776003386655099270e-01
9.063453912734985574e-01,5.991041362577371743e-01
9.026376843452453835e-01,3.869878495172649480e-01
8.940888047218322754e-01,4.773309289662956978e-01
9.036512970924377441e-01,4.845532970069146295e-01
8.926459133625030962e-01,5.891954293031766987e-01
8.926543891429901123e-01,6.487600231390251437e-01
9.018622875213623269e-01,5.196981600629575482e-01
8.995198607444763184e-01,1.940234776966378583e-01
8.993741512298584206e-01,3.677404353052060593e-01
9.052895545959472878e-01,2.443699555380973720e-01
8.990757942199707475e-01,2.403088013232950182e-01
9.015355348587036355e-01,3.070620575672160513e-01
9.022672057151794878e-01,1.511802481670163623e-01
8.928252041339874712e-01,1.337188579728838533e-01
9.033972024917602539e-01,4.255223756863824036e-01
9.011985301971435769e-01,1.482010447569503953e-01
8.945140182971954568e-01,3.368072782893389849e-01
9.059563636779784934e-01,3.524702857336117212e-01
8.997869670391083208e-01,-1.052321681193371106e-01
9.007530689239502397e-01,2.622032312113247166e-01
9.099264740943908691e-01,3.486188554546529872e-01
8.988886117935180886e-01,1.821032934931192671e-01
9.019162297248840554e-01,6.395804813685503909e-01
9.080802798271179199e-01,5.211946901480137839e-01
9.002028703689575195e-01,2.750630535488287620e-01
9.063268303871154785e-01,5.942276802423416271e-01
9.025899529457092063e-01,3.824840279950207922e-01
8.940936863422394021e-01,4.761444907006655569e-01
9.036132335662842019e-01,4.767983799720640903e-01
8.926311016082764116e-01,5.839673111882150991e-01
8.927202999591827837e-01,6.444187376670598155e-01
9.018678903579712136e-01,5.152145619202408433e-01
8.995045423507690430e-01,1.904821392371052191e-01
8.993571758270263450e-01,3.679887334649638575e-01
9.052231431007385920e-01,2.447062628495042524e-01
8.990633010864258479e-01,2.401844649899018691e-01
9.015132427215576394e-01,3.075227012120156367e-01
9.022736668586731623e-01,1.468513214269848710e-01
8.928381919860840510e-01,1.312160275028055878e-01
9.034405231475830522e-01,4.218806693432672894e-01
9.012163877487182617e-01,1.434953639464566777e-01
8.945549964904785378e-01,3.308758359752443923e-01
9.059628605842590110e-01,3.450052371386598260e-01
8.997814893722534402e-01,-1.095753261264440503e-01
9.007808804512024148e-01,2.567125836695298702e-01
9.099087119102478027e-01,3.412650354471034042e-01
8.988961040973663108e-01,1.791813896583822618e-01
9.018853425979614924e-01,6.421941659190029128e-01
9.080047965049743430e-01,5.212752091590968639e-01
9.001637697219848633e-01,2.777272965481007994e-01
9.063010811805725098e-01,5.927700988882276256e-01
9.026100993156432883e-01,3.760458776716464335e-01
8.941678702831268311e-01,4.725289998495307842e-01
9.036877155303955078e-01,4.693734036291390410e-01
8.926427841186523882e-01,5.785043771665137058e-01
8.927427589893340842e-01,6.400358819149540857e-01
9.018549799919128862e-01,5.096134348050997964e-01
8.995059490203857200e-01,1.851431670417689190e-01
8.993722498416900635e-01,3.625681187374598657e-01
9.052163958549499512e-01,2.379947223954763658e-01
8.990944385528564231e-01,2.373809053761051224e-01
9.015313863754272905e-01,3.052355867902338815e-01
9.022780179977417658e-01,1.479819581453996058e-01
8.928021132946014626e-01,1.333357372829406806e-01
9.034311532974242942e-01,4.149976046702814614e-01
9.012533664703369363e-01,1.370714448901573235e-01
8.946459949016570823e-01,3.268498854211010496e-01
9.059576869010925737e-01,3.385951748424069763e-01
8.998087882995605691e-01,-1.123258929957375862e-01
9.008213877677917480e-01,2.537457389913977401e-01
9.099430918693542925e-01,3.367297553344825722e-01
8.989203929901122825e-01,1.768276129855643752e-01
9.018965244293213335e-01,6.411462952538409255e-01
9.079725861549378108e-01,5.170219328387801738e-01
9.001623153686523215e-01,2.747282442655354373e-01
9.062812685966491477e-01,5.858945243558077998e-01
9.025771498680115190e-01,3.755781183933089018e-01
8.941927433013916460e-01,4.681326618444061616e-01
9.036794424057007502e-01,4.645576177523271788e-01
8.926719963550567849e-01,5.745728023835003917e-01
8.928137481212615745e-01,6.351163575913050252e-01
9.019155144691467507e-01,5.046006582314062072e-01
8.995403707027435081e-01,1.813958497166749950e-01
8.994502305984497514e-01,3.576759334268762025e-01
9.052389264106750488e-01,2.326182994973104989e-01
8.991495907306671365e-01,2.335107497457311609e-01
9.015693902969360574e-01,2.998310758649465058e-01
9.023021459579467773e-01,1.447038981267563251e-01
8.928081512451172541e-01,1.306347925948960764e-01
9.034344077110291193e-01,4.165926301037790047e-01
9.012343287467956543e-01,1.362849801307430830e-01
8.946771323680877686e-01,3.241646700282445615e-01
9.060109496116638406e-01,3.331618268759410917e-01
8.998333632946015070e-01,-1.155717454099476349e-01
9.008590579032897949e-01,2.509470479689683842e-01
9.099673390388488547e-01,3.314993901773508611e-01
8.989367127418518288e-01,1.752808989587171240e-01
9.019138097763061968e-01,6.377424008736913841e-01
9.079784631729126421e-01,5.112657598139258575e-01
9.001485943794250710e-01,2.723197895665872004e-01
9.062904477119445579e-01,5.787358225099987763e-01
9.025758862495422141e-01,3.720944540161332803e-01
8.942289233207703081e-01,4.661668744528992825e-01
9.036631345748901145e-01,4.590609780980794419e-01
8.926812827587128352e-01,5.694993556712231175e-01
8.928613603115082009e-01,6.291950269669741580e-01
9.019482970237732156e-01,4.996852534850684258e-01
8.995785474777221458e-01,1.775653918313007118e-01
8.995024681091309260e-01,3.530084523332681634e-01
9.052478909492492898e-01,2.254940522981043749e-01
8.991770446300506592e-01,2.293672039847041155e-01
9.015780329704284890e-01,2.950939364640756679e-01
9.022999644279480203e-01,1.402809701226228611e-01
8.928297400474548562e-01,1.277810490393078702e-01
9.034671425819397195e-01,4.085437250517185426e-01
9.012694120407104270e-01,1.286809894282945343e-01
8.946955680847168413e-01,3.189447910679050757e-01
9.059712409973145197e-01,3.256743078592911900e-01
8.998516619205475520e-01,-1.238436693973556935e-01
9.008651018142700417e-01,2.449998763596852314e-01
9.099891304969788264e-01,3.246103333919125866e-01
8.989588558673858865e-01,1.708388710961408208e-01
9.019186019897461604e-01,6.348590712628681132e-01
9.079368114471435547e-01,5.040579975474104302e-01
9.001795291900634988e-01,2.672991483452991091e-01
9.062839031219482866e-01,5.707419699910976085e-01
9.025995612144470659e-01,3.620441834048784280e-01
8.942632317543030007e-01,4.588973185267160027e-01
9.036371707916259766e-01,4.514420071144993329e-01
8.926736414432525635e-01,5.628870595796926501e-01
8.929141402244568093e-01,6.233725661981122101e-01
9.019784569740295632e-01,4.933875432973038322e-01
8.996057033538819026e-01,1.726181539875581983e-01
8.995499670505523460e-01,3.447973857379573737e-01
9.052548408508300781e-01,2.160972964512200001e-01
8.992002606391906738e-01,2.233979364607519003e-01
9.016027688980102761e-01,2.879457208150588698e-01
9.023220181465149148e-01,1.329260265939886665e-01
8.928605496883392778e-01,1.181678281300704292e-01
9.034730076789856401e-01,3.981103337505209616e-01
9.012759566307068093e-01,1.225128586723189805e-01
8.946967482566833274e-01,3.139556084369941047e-01
9.059705018997192827e-01,3.171643846554030866e-01
8.998347461223602517e-01,-1.321807576076867718e-01
9.009012103080750178e-01,2.365558663927767036e-01
9.099932312965393066e-01,3.184470712273044235e-01
8.989780187606811745e-01,1.672454761596755546e-01
9.019171237945556863e-01,6.303133049534550558e-01
9.079169273376465066e-01,4.978254515825684123e-01
9.002081274986267756e-01,2.594431144128099831e-01
9.062906146049499734e-01,5.528420320668341326e-01
9.025947213172912376e-01,3.541802848247947999e-01
8.942583262920379417e-01,4.568798491653045524e-01
9.035709738731384499e-01,4.455794740936100951e-01
8.926837980747223122e-01,5.584375415765507888e-01
8.929466187953949419e-01,6.174898097976955214e-01
9.019980549812317561e-01,4.872621063425532917e-01
8.996187746524810791e-01,1.666395237878983693e-01
8.995679736137390803e-01,3.366582244920786060e-01
9.052527189254760964e-01,2.068728138373501224e-01
8.992325723171233909e-01,2.127405899566352510e-01
9.016222596168518288e-01,2.763262657552592039e-01
9.023416161537171076e-01,1.209571564767921714e-01
8.928652167320251243e-01,1.138138094191432081e-01
9.034407138824462891e-01,3.933540944912077286e-01
9.012361526489257590e-01,1.200437338347870586e-01
8.947008669376373957e-01,3.101682188598728906e-01
9.059576749801635520e-01,3.108816547487700532e-01
8.998297870159149836e-01,-1.372128212933376723e-01
9.009099483489990678e-01,2.307487604120748159e-01
9.099799156188964622e-01,3.063044298489803197e-01
8.990159273147583230e-01,1.585752639476782910e-01
9.019176721572875755e-01,6.187114517239851175e-01
9.078594446182250977e-01,4.866542814356349389e-01
9.001756072044372337e-01,2.559111386289840695e-01
9.062219738960266557e-01,5.457998019068242002e-01
9.025729656219482200e-01,3.536106596347621256e-01
8.943179726600647417e-01,4.549942062778526974e-01
9.035515546798705833e-01,4.412172162280603160e-01
8.927014529705047385e-01,5.546018405927801709e-01
8.929916918277740479e-01,6.109546621539929667e-01
9.019955515861511897e-01,4.779065462687812627e-01
8.996563136577606645e-01,1.586580300009305944e-01
8.995723962783813699e-01,3.281999832580950738e-01
9.052153348922730158e-01,1.981992310620981357e-01
8.992297589778900369e-01,2.069758032701303208e-01
9.016178131103516069e-01,2.700866041568796838e-01
9.023343563079834206e-01,1.166117514275155642e-01
8.928720176219940852e-01,1.098807366080163384e-01
9.034440159797668679e-01,3.874563578096590355e-01
9.012265801429748535e-01,1.117270562574979031e-01
8.947113335132599321e-01,3.010148925813784793e-01
9.059768676757812278e-01,2.978158535457051670e-01
8.998312890529632790e-01,-1.461071759617680321e-01
9.008834481239319514e-01,2.222234824200270964e-01
9.099384784698486550e-01,2.999276986782457577e-01
8.989978551864624690e-01,1.556567306761955649e-01
9.018735527992248757e-01,6.166033516617273058e-01
9.078280329704284668e-01,4.827807552420066983e-01
9.001458168029785600e-01,2.532495171789101995e-01
9.062098383903504084e-01,5.333234747662913833e-01
9.025967478752136008e-01,3.465362218703189612e-01
8.943346261978150080e-01,4.486362004585324748e-01
9.035389780998229758e-01,4.317410648911779170e-01
8.926584720611572266e-01,5.501283541398276355e-01
8.929981589317321777e-01,6.075983301664367175e-01
9.019972920417785867e-01,4.734671399554031268e-01
8.996322095394134744e-01,1.568510335894197638e-01
8.995767176151275857e-01,3.253698336452894857e-01
9.051687955856323464e-01,1.900922774206526000e-01
8.992347121238708496e-01,2.008728367370777868e-01
9.015746355056762917e-01,2.636203658063829280e-01
9.022976398468017800e-01,1.091298500162900531e-01
8.928646624088287798e-01,1.061918423793364319e-01
9.034100890159607600e-01,3.804298569448372191e-01
9.011975646018982600e-01,1.082887072307454623e-01
8.947175920009613481e-01,2.998565423428702914e-01
9.059844136238098811e-01,2.944108356444705699e-01
8.998273313045501709e-01,-1.493670723895390573e-01
9.008722662925719993e-01,2.153763704217572794e-01
9.099480271339416282e-01,2.872892099944621691e-01
8.989780426025391069e-01,1.484991523514711531e-01
9.018475055694580300e-01,6.105820276608420194e-01
9.077322840690612571e-01,4.724668316828339876e-01
9.001240968704223855e-01,2.482786853923850678e-01
9.061793088912963867e-01,5.267512509267882059e-01
9.025772809982299805e-01,3.444434765962212097e-01
8.943139374256133811e-01,4.499735650565646061e-01
9.034689426422118919e-01,4.255058973771377318e-01
8.926113963127136897e-01,5.441650787283278667e-01
8.929469108581543635e-01,5.996452989136193956e-01
9.019576430320740412e-01,4.673064993399931311e-01
8.995880782604217529e-01,1.501046639817609218e-01
8.994905054569244385e-01,3.178796930794414166e-01
9.050982117652893733e-01,1.863389679831062296e-01
8.992066264152527300e-01,1.993984025666906135e-01
9.015325069427490012e-01,2.574327606849360350e-01
9.022366881370544878e-01,1.011771932705012311e-01
8.927949309349060281e-01,9.873578195306320637e-02
9.033496856689453569e-01,3.693043766553549823e-01
9.011749863624572976e-01,1.002607745722694510e-01
8.946940183639526811e-01,2.936281159553395526e-01
9.059638261795044389e-01,2.829306971991956132e-01
8.997977793216705988e-01,-1.558685144006948242e-01
9.008416771888733132e-01,2.111436919879965401e-01
9.099262475967407893e-01,2.805031426418040930e-01
8.989172339439391868e-01,1.433257122626403479e-01
9.017911195755005105e-01,6.005729528226995129e-01
9.076250195503234863e-01,4.607934476109600830e-01
9.000804424285888672e-01,2.419386559104235168e-01
9.061130046844482200e-01,5.188738700936861292e-01
9.025574445724487971e-01,3.357178373440365959e-01
8.942566692829132524e-01,4.419864536641728847e-01
9.034031510353088823e-01,4.169060924864593787e-01
8.925984799861907959e-01,5.354192160966153580e-01
8.929314017295837402e-01,5.915892782280218753e-01
9.018944382667541948e-01,4.580456895443787424e-01
8.995021820068359597e-01,1.408659501008155956e-01
8.994425475597381814e-01,3.090413272117409349e-01
9.050145983695984109e-01,1.752449462840006689e-01
8.991663694381714089e-01,1.909967118939790431e-01
9.014840722084045410e-01,2.520627044062515587e-01
9.022029757499695490e-01,9.259611373123766143e-02
8.927271783351898859e-01,9.196207333233852310e-02
9.032685041427612749e-01,3.567400403631735273e-01
9.011107563972473589e-01,9.044719240289600393e-02
8.946475327014923318e-01,2.874869497054008960e-01
9.059504628181457297e-01,2.700495279610786170e-01
8.997400581836700884e-01,-1.655010224218895765e-01
9.008155703544616921e-01,2.025139265350550666e-01
9.098919510841370073e-01,2.688514799775711950e-01
8.988904356956481934e-01,1.352408545358638747e-01
9.017339110374450462e-01,5.908376426222390343e-01
9.075283885002136675e-01,4.508491624887120963e-01
9.000201225280761719e-01,2.368202683547511178e-01
9.060252189636230913e-01,5.099077973293377752e-01
9.025358319282531516e-01,3.268060680987909805e-01
8.942096590995788352e-01,4.363782109154943356e-01
9.033252477645874468e-01,4.079703547914030892e-01
8.925447762012481689e-01,5.285852118443359338e-01
8.929068684577942117e-01,5.850676128373382134e-01
9.018464922904968484e-01,4.495395114107738621e-01
8.994388937950134055e-01,1.349262686320984450e-01
8.993772566318511963e-01,3.021605095809247743e-01
9.049577593803406206e-01,1.669559822268054106e-01
8.991246879100799339e-01,1.794536562679507341e-01
9.014278292655945046e-01,2.409664356649763306e-01
9.021409630775452104e-01,8.585011863060687531e-02
8.926809430122375488e-01,8.811214108149290070e-02
9.032297611236572710e-01,3.502056417335279725e-01
9.010680317878723145e-01,8.346825393066703569e-02
8.946198046207428645e-01,2.809918743137256314e-01
9.059379816055298518e-01,2.598045136951121492e-01
8.996761262416840266e-01,-1.751041316413628479e-01
9.007483601570129839e-01,1.880212535541958552e-01
9.098221540451050249e-01,2.583615381151012080e-01
8.988577187061309592e-01,1.319163556457123576e-01
9.016577005386352539e-01,5.855555954952031961e-01
9.074524402618407981e-01,4.402985504876588685e-01
8.999482691287994385e-01,2.320557899408153268e-01
9.059537172317505549e-01,4.986733354946224495e-01
9.025038003921509455e-01,3.133331777559718034e-01
8.941273748874664085e-01,4.241164763021729733e-01
9.032179951667785867e-01,3.963205646623113587e-01
8.924787282943725808e-01,5.228361544530195637e-01
8.928660809993743674e-01,5.788006122258932962e-01
9.018038868904113547e-01,4.421231487294994267e-01
8.993496835231781228e-01,1.238419841157285539e-01
8.992737531661987305e-01,2.891321590806890107e-01
9.048376441001891868e-01,1.513158197112582926e-01
8.990871071815490501e-01,1.722912093518589316e-01
9.013938665390014426e-01,2.339433053634092374e-01
9.021138787269592507e-01,7.675334291338442583e-02
8.926095426082610862e-01,8.163466752014736372e-02
9.031637191772461382e-01,3.370806684199925130e-01
9.009843707084655984e-01,7.036163146151830361e-02
8.945482730865478294e-01,2.687346337847440481e-01
9.058802723884582520e-01,2.432827616349646505e-01
8.996180295944213867e-01,-1.847598590983117184e-01
9.007038950920105425e-01,1.785780588358032439e-01
9.097810268402100053e-01,2.499542298369652471e-01
8.988053381443024126e-01,1.215548696939467987e-01
9.015597462654113547e-01,5.715992165788588153e-01
9.073424339294433594e-01,4.250205362684709165e-01
8.998899877071381281e-01,2.223440736831370224e-01
9.058915376663208008e-01,4.887586364276095274e-01
9.024843931198119895e-01,3.055790097351778201e-01
8.940693497657775657e-01,4.201328450422265881e-01
9.031072139739990678e-01,3.849198217070344263e-01
8.924124777317047341e-01,5.127413175053980865e-01
8.927940845489502619e-01,5.668178853486498525e-01
9.017400383949280007e-01,4.280046082699047183e-01
8.993071138858795832e-01,1.161593469373385368e-01
8.992257356643676980e-01,2.818817030129485701e-01
9.047770142555237038e-01,1.396098535279231001e-01
8.990216255187988281e-01,1.609084427339397827e-01
9.013345479965210183e-01,2.216890608906538773e-01
9.020225405693054199e-01,6.461107604208837785e-02
8.925427258014678733e-01,7.153383846007344005e-02
9.030987381935119407e-01,3.275996484917422791e-01
9.009415268898010032e-01,6.309507159156080291e-02
8.945052981376647727e-01,2.614931658856822771e-01
9.058282732963561790e-01,2.306761060485862380e-01
8.995717227458953635e-01,-1.958591238958131697e-01
9.006606936454772949e-01,1.672170136255251016e-01
9.097067952156067117e-01,2.381194332358975707e-01
8.987784564495087114e-01,1.160994258128114076e-01
9.015175700187683105e-01,5.650041478106295756e-01
9.072553753852844460e-01,4.153193062075848374e-01
8.998368501663208674e-01,2.160002991308922482e-01
9.058145284652709961e-01,4.836286391540607355e-01
9.024253129959106667e-01,2.980914907185283624e-01
8.940089225769043413e-01,4.158930509749287907e-01
9.030411243438720703e-01,3.793977155748633479e-01
8.923800885677337646e-01,5.105879020927166501e-01
8.927598297595977783e-01,5.648858035896893171e-01
9.016975641250610796e-01,4.253310025949250672e-01
8.993068158626557063e-01,1.143261350338469207e-01
8.991985976696014182e-01,2.806739178467054785e-01
9.047695159912109153e-01,1.370474764403466494e-01
8.990016996860504817e-01,1.660848788789972552e-01
9.013288497924805132e-01,2.247027189473227438e-01
9.020025610923767534e-01,6.645477414237177527e-02
8.925273358821869119e-01,7.484223354800834116e-02
9.030705571174622026e-01,3.273655815990594853e-01
9.009113669395446555e-01,6.464740322383288884e-02
8.945101082324982134e-01,2.652644516605868752e-01
9.057967543601990190e-01,2.336358350931808658e-01
8.995460987091065119e-01,-1.912736598414013223e-01
9.006490468978881614e-01,1.726593497606701000e-01
9.096538901329040971e-01,2.414008638177955746e-01
8.987649738788604514e-01,1.193344175232011750e-01
9.015093803405761497e-01,5.709370881528377240e-01
9.072113633155822754e-01,4.221866415853821053e-01
8.998297274112702082e-01,2.268052014041561648e-01
9.057666778564453791e-01,4.892222761286357802e-01
9.024202704429626909e-01,3.047768156805754636e-01
8.940581381320953369e-01,4.217406037146860243e-01
9.029916048049927424e-01,3.862702940510569505e-01
8.923790454864501953e-01,5.164998700413403476e-01
8.928029239177703857e-01,5.723677050009148282e-01
9.016977787017822488e-01,4.329477265363359528e-01
8.993030011653900813e-01,1.212496464658885387e-01
8.992202877998352051e-01,2.876700836422356744e-01
9.047641754150390625e-01,1.416973557036249609e-01
8.990278065204621027e-01,1.722237980867662444e-01
9.013503670692444292e-01,2.321467951486906323e-01
9.020130395889282005e-01,7.087657862542018350e-02
8.925490081310272217e-01,8.502096006996717747e-02
9.030883073806762473e-01,3.322562688815300369e-01
9.008766889572143999e-01,7.018636217227713914e-02
8.945403218269348811e-01,2.756210690209845993e-01
9.058456182479858176e-01,2.423199040652250780e-01
8.995517134666443093e-01,-1.844186831955370032e-01
9.006768226623534934e-01,1.785645765827847953e-01
9.096280217170715776e-01,2.467256047460568702e-01
8.987953186035156916e-01,1.266140851391486244e-01
9.015269875526428223e-01,5.826153408160794633e-01
9.071956396102905940e-01,4.304759801496063076e-01
8.998581588268280695e-01,2.351634492615857219e-01
9.057564377784729226e-01,4.950881797127792971e-01
9.024172902107239214e-01,3.100592373146398018e-01
8.941045522689820002e-01,4.325174179608279879e-01
9.029913783073425515e-01,3.942862424846271807e-01
8.923684418201446311e-01,5.239308384967182874e-01
8.928404211997985618e-01,5.803780358290606678e-01
9.017199397087097834e-01,4.409026303242944422e-01
8.993198394775391291e-01,1.293423688402586258e-01
8.992902338504791260e-01,2.975975159482104893e-01
9.047844648361206277e-01,1.509956162020684722e-01
8.990610599517822044e-01,1.813246933812995287e-01
9.013793349266052690e-01,2.398357989465615958e-01
9.019916892051696999e-01,7.915618000690827216e-02
8.925848543643951638e-01,9.578541558417574819e-02
9.031185865402221458e-01,3.407414746215509105e-01
9.008874535560608132e-01,7.735105613053905316e-02
8.945733487606049028e-01,2.830864921229649944e-01
9.058670163154601829e-01,2.486689217158657428e-01
8.995697498321533203e-01,-1.779885847732707305e-01
9.007294058799744096e-01,1.895350109625537627e-01
9.096463561058044656e-01,2.542408372828002250e-01
8.988265037536621316e-01,1.328810857505935417e-01
9.015225172042846680e-01,5.909518672658680138e-01
9.071951508522033691e-01,4.362164238792720639e-01
8.999070763587951882e-01,2.444317491977656687e-01
9.057649970054626465e-01,5.024873150707520608e-01
9.024258494377136453e-01,3.178310071657635127e-01
8.941221356391907404e-01,4.418036942343661622e-01
9.029903292655945268e-01,4.014138602470880279e-01
8.923455595970154475e-01,5.318992245376952255e-01
8.928749680519104670e-01,5.883430513067833267e-01
9.017017006874085139e-01,4.465037574394354891e-01
8.993148028850556086e-01,1.364812218135682542e-01
8.993205010890961137e-01,3.056467955072990073e-01
9.047933340072632502e-01,1.579389765066094853e-01
8.990791440010070801e-01,1.875935665278860576e-01
9.013773441314697488e-01,2.471042313516602640e-01
9.019838929176330344e-01,8.714404041335699347e-02
8.926032900810242365e-01,1.035740382515726310e-01
9.031280398368836115e-01,3.465879038402230883e-01
9.008986234664917436e-01,8.373115786452833831e-02
8.945869386196136919e-01,2.908945891558332164e-01
9.058698654174804910e-01,2.536685905435693833e-01
8.995809435844421831e-01,-1.698338814857183188e-01
9.007813811302185503e-01,1.979655386764438418e-01
9.096326351165772151e-01,2.599063796068072918e-01
8.988367199897766557e-01,1.404034339208748428e-01
9.015368700027466264e-01,6.000010805904971711e-01
9.071983098983764648e-01,4.412366905935312111e-01
8.999086499214172807e-01,2.530588931015094190e-01
9.057681560516357422e-01,5.092643942547314673e-01
9.024079680442810281e-01,3.234343813230742271e-01
8.941448509693146196e-01,4.480081521720862270e-01
9.029923081398010254e-01,4.057281812130164589e-01
8.923519253730773926e-01,5.345604714807410396e-01
8.928959429264068381e-01,5.970555828129775477e-01
9.016924858093261497e-01,4.535182740793519685e-01
8.993122458457947221e-01,1.433024928268862297e-01
8.993313610553741455e-01,3.124328628599570834e-01
9.047923326492309792e-01,1.632652154629838925e-01
8.990946531295777033e-01,1.965940939388368669e-01
9.014021158218383789e-01,2.551684911918803422e-01
9.019802808761596680e-01,9.361140228493836091e-02
8.925986409187317561e-01,1.116866094984421132e-01
9.031420707702636497e-01,3.525111069996955671e-01
9.008732914924622026e-01,8.815296234757674654e-02
8.945940017700195757e-01,2.977551834071214820e-01
9.058905720710754839e-01,2.617437110876097428e-01
8.996056854724884255e-01,-1.642087859207665979e-01
9.008088827133179377e-01,2.045504957549089120e-01
9.096453428268432839e-01,2.652206343382763620e-01
8.988370478153229204e-01,1.482437385581758527e-01
9.015633821487426536e-01,6.103513313314139488e-01
9.071585536003112793e-01,4.477905635886481051e-01
8.998971223831176980e-01,2.625822323239566103e-01
9.057327628135681818e-01,5.147512967262430905e-01
9.024012207984924983e-01,3.275273686352817570e-01
8.941686272621155451e-01,4.563884959441848466e-01
9.029727697372437190e-01,4.148032355225979018e-01
8.923454344272613303e-01,5.414158226336334145e-01
8.929009258747101496e-01,6.044955394370341573e-01
9.016980648040772151e-01,4.601118448194680965e-01
8.993224561214446799e-01,1.507270946627827790e-01
8.993631899356842041e-01,3.198814331456643067e-01
9.047995328903198908e-01,1.700673866178585847e-01
8.991033017635345903e-01,2.025337754075544616e-01
9.014128446578979492e-01,2.602089812856678286e-01
9.019649147987366389e-01,1.005086982249991934e-01
8.926082015037536399e-01,1.189816319025496227e-01
9.031497359275818537e-01,3.583991064985085906e-01
9.008622050285339800e-01,9.414694733539619165e-02
8.946286737918853760e-01,3.056273211418276681e-01
9.058907985687255637e-01,2.667958108992745103e-01
8.996124207973480447e-01,-1.578146401732163362e-01
9.008614659309387429e-01,2.095314392311977691e-01
9.096562027931213157e-01,2.725414977273361572e-01
8.988423526287079302e-01,1.541984003080250076e-01
9.015501260757446955e-01,6.173283972685013055e-01
9.071371912956237571e-01,4.537942857592036638e-01
8.998909711837769221e-01,2.690143905348785225e-01
9.057259202003479226e-01,5.216317398500311953e-01
9.024265170097350852e-01,3.337370696713981566e-01
8.941966593265533447e-01,4.655654161654618761e-01
9.029609560966491699e-01,4.208391652975862485e-01
8.923198163509369341e-01,5.464918908951084120e-01
8.929111778736115168e-01,6.110183283488028749e-01
9.016940474510193315e-01,4.653212375830153569e-01
8.993238806724548340e-01,1.568120848584775295e-01
8.994021296501160112e-01,3.282973550854508815e-01
9.048097252845764826e-01,1.756153337349819488e-01
8.991296172142029253e-01,2.090524447420119003e-01
9.014550685882568581e-01,2.669186492045541037e-01
9.019885540008545366e-01,1.063877095551331031e-01
8.926145255565643977e-01,1.275975405954445918e-01
9.031678080558777078e-01,3.634759237740405879e-01
9.008525133132935236e-01,1.003308073865603056e-01
8.946252465248107910e-01,3.130713973431955566e-01
9.058959841728210227e-01,2.711625628491636242e-01
8.996096849441528320e-01,-1.503355475647030204e-01
9.009013533592223899e-01,2.183892794643695900e-01
9.096661329269409846e-01,2.776909693663567325e-01
8.988757789134979026e-01,1.610406437149269898e-01
9.015558481216431330e-01,6.246237941796373150e-01
9.071113228797912376e-01,4.588295327545948155e-01
8.999132156372070535e-01,2.773913637437228630e-01
9.057291746139526367e-01,5.260071054615709230e-01
9.023851394653320535e-01,3.380210555680349671e-01
8.942331552505493608e-01,4.728533229360318835e-01
9.029374241828919123e-01,4.268170464831895217e-01
8.923038840293884277e-01,5.521061257562398517e-01
8.929456055164337602e-01,6.155060460688304147e-01
9.016767978668213113e-01,4.711231004653209098e-01
8.993164002895355225e-01,1.649815811736479176e-01
8.994024276733398882e-01,3.364616083022253790e-01
9.048015117645263894e-01,1.817003239306766993e-01
8.991145670413971391e-01,2.166070005167259893e-01
9.014355540275573730e-01,2.738151961305588244e-01
9.019614696502685769e-01,1.122067997607403278e-01
8.925843119621277300e-01,1.355172407227436260e-01
9.031763911247253640e-01,3.677984838945911328e-01
9.008636355400085893e-01,1.053933933950168544e-01
8.946611285209655762e-01,3.210543891582759990e-01
9.058987379074097124e-01,2.765723168728473347e-01
8.995952427387238215e-01,-1.429206829115421407e-01
9.009256482124329279e-01,2.262426918476609927e-01
9.096695661544800249e-01,2.830696393066918226e-01
8.988724052906036377e-01,1.686292796292159224e-01
9.015698671340942605e-01,6.354380591286084012e-01
9.070939421653747559e-01,4.641467835422901089e-01
8.999287426471710427e-01,2.850305581068308669e-01
9.057013273239136186e-01,5.322422729756111082e-01
9.023746490478515847e-01,3.433240750886552561e-01
8.942259252071380615e-01,4.804003885701799703e-01
9.029380798339844416e-01,4.332375949762341527e-01
8.923023521900177446e-01,5.598153529336387102e-01
8.929748117923737016e-01,6.220543014585229180e-01
9.016682028770447443e-01,4.768084916618278157e-01
8.993242025375366433e-01,1.725807032847286315e-01
8.994245409965515581e-01,3.434244429722372871e-01
9.047939777374267578e-01,1.858727067328822535e-01
8.991219639778137429e-01,2.248042103519898305e-01
9.014583706855774370e-01,2.803117695503467566e-01
9.019713521003723811e-01,1.185202392436934815e-01
8.926257908344269465e-01,1.443870651808207839e-01
9.032030463218688743e-01,3.750774024964820264e-01
9.008652925491332786e-01,1.101530032175848106e-01
8.946717202663422297e-01,3.275618232818846565e-01
9.059296250343322754e-01,2.820487331475667325e-01
8.996097981929779275e-01,-1.368113497590082162e-01
9.009567141532898171e-01,2.334283581995069135e-01
9.096679806709290217e-01,2.889123234550816655e-01
8.988695442676544189e-01,1.752445717769726130e-01
9.015753149986267534e-01,6.445097428749351209e-01
9.070765137672424094e-01,4.727787960374016940e-01
8.999186754226684570e-01,2.940595480519321292e-01
9.057107567787170410e-01,5.369090050551625914e-01
9.023561120033264382e-01,3.494746040143010823e-01
8.942682147026062012e-01,4.873385057763250927e-01
9.029498696327209473e-01,4.391461923616031271e-01
8.923200786113739680e-01,5.657726362326855885e-01
8.929900109767914262e-01,6.279348108167703835e-01
9.016524910926818626e-01,4.823197370901786130e-01
8.993182241916656272e-01,1.787967709403259775e-01
8.994317591190338357e-01,3.508906150882746822e-01
9.048014998435974787e-01,1.926029725383249236e-01
8.991476893424987793e-01,2.325396530213690305e-01
9.014810919761657715e-01,2.874891967475705634e-01
9.019702315330505593e-01,1.261643021981697643e-01
8.926222324371337891e-01,1.517457537797382017e-01
9.032256841659546120e-01,3.794246800809002451e-01
9.008506774902343972e-01,1.155249320314108985e-01
8.947048425674438699e-01,3.328341332261852692e-01
9.059156656265259233e-01,2.863372131285433220e-01
8.995848655700683372e-01,-1.301936233155673861e-01
9.009682178497314675e-01,2.409776708758251118e-01
9.096483230590820535e-01,2.932513618848773262e-01
8.988897681236267534e-01,1.819864473002921201e-01
9.015690684318542480e-01,6.505707646208191974e-01
9.070465803146362527e-01,4.758872043722286449e-01
8.999335706233978494e-01,2.994135005284004336e-01
9.056819438934325950e-01,5.417289105092857326e-01
9.023262619972228782e-01,3.536739513225435338e-01
8.942742824554443803e-01,4.932662030201369063e-01
9.029178977012634055e-01,4.440087916169517257e-01
8.923015415668488215e-01,5.702139150812053359e-01
8.930095732212066650e-01,6.351429475903138666e-01
9.016361713409424272e-01,4.869183088905808532e-01
8.993137180805206299e-01,1.855390209706739846e-01
8.994582951068877952e-01,3.563752705176166380e-01
9.047868251800537109e-01,1.968596194218963369e-01
8.991570174694061279e-01,2.370142629954066216e-01
9.014722228050232600e-01,2.926199430351763553e-01
9.019595384597778320e-01,1.322717628155620773e-01
8.926356732845306396e-01,1.603564193742368360e-01
9.032484889030456543e-01,3.854134219703237996e-01
9.008568763732910378e-01,1.198029258155948185e-01
8.947126209735870583e-01,3.405650818112251343e-01
9.059264302253723367e-01,2.916806794082189569e-01
8.995897114276886208e-01,-1.250432154089762271e-01
9.009914278984070268e-01,2.477386462575874582e-01
9.096655249595642090e-01,2.986787177388907644e-01
8.988882243633270486e-01,1.892642423810984020e-01
9.015562653541565608e-01,6.578373244907762540e-01
9.070167422294617143e-01,4.823006372317357737e-01
8.999529242515563743e-01,3.087600724334933489e-01
9.056589245796203835e-01,5.479659505584670853e-01
9.023504734039307085e-01,3.595720625111207269e-01
8.942853331565857600e-01,5.025524792936750806e-01
9.028821706771851252e-01,4.505297079935788318e-01
8.922813773155212624e-01,5.755277953056459062e-01
8.930444478988647239e-01,6.425417084412585744e-01
9.016340494155884455e-01,4.917696729350806706e-01
8.993067383766174538e-01,1.914554830036370170e-01
8.995078206062316895e-01,3.627819622506147645e-01
9.048004269599915217e-01,2.027513639909921395e-01
8.991499245166778564e-01,2.440396403391438263e-01
9.014899969100952370e-01,2.988408792821410920e-01
9.019405722618103471e-01,1.366677263136581999e-01
8.926457822322845237e-01,1.665271716794105572e-01
9.032715201377868874e-01,3.905224468502885848e-01
9.008366584777832697e-01,1.261938882534048290e-01
8.947150766849517600e-01,3.481915429353712454e-01
9.059523940086364746e-01,2.967773455562503493e-01
8.996035873889923762e-01,-1.189125353558297959e-01
9.010130167007446289e-01,2.567245678944352072e-01
9.096493482589721458e-01,3.051000152459919512e-01
8.988879442214966486e-01,1.973569647554684892e-01
9.015514731407165971e-01,6.661393962939619051e-01
9.069781661033630149e-01,4.888919609296817903e-01
8.999709069728851762e-01,3.172681231022402848e-01
9.056543231010437678e-01,5.546104542544307847e-01
9.023579955101013184e-01,3.652604497638538561e-01
8.943025052547455278e-01,5.095171864988286003e-01
9.028751730918884721e-01,4.580187250383418451e-01
8.922628700733185036e-01,5.813584952291304120e-01
8.930642604827880859e-01,6.484042414621473682e-01
9.016249656677246538e-01,4.971082706233884707e-01
8.993190348148346613e-01,1.991223908868389181e-01
8.995050311088562678e-01,3.684800866860835633e-01
9.047907233238220437e-01,2.082551192787773786e-01
8.991807699203491211e-01,2.512444065494325862e-01
9.014997005462647151e-01,3.057306850816363664e-01
9.019604206085205522e-01,1.443185303946434850e-01
8.926601290702820268e-01,1.769186181934396807e-01
9.032553553581238459e-01,3.975860239109114680e-01
9.008392333984375222e-01,1.301629137392472657e-01
8.947599709033966509e-01,3.555026691416953710e-01
9.059730768203735352e-01,3.019065938157425855e-01
8.996213495731354426e-01,-1.107538997444801332e-01
9.010323047637939231e-01,2.627915817527721742e-01
9.096450090408325639e-01,3.113037241696554602e-01
8.989255070686340554e-01,2.039434198620471150e-01
9.015477776527405229e-01,6.727779078774731580e-01
9.069431543350220393e-01,4.940399345405892539e-01
8.999830782413482666e-01,3.250196695738361008e-01
9.056484460830688255e-01,5.595850311112386954e-01
9.023509979248046653e-01,3.697474184698248401e-01
8.943256676197052224e-01,5.160336087911163716e-01
9.028819680213928667e-01,4.633408444174049734e-01
8.922914445400238481e-01,5.890130443803984761e-01
8.930549442768097590e-01,6.555389748581457177e-01
9.016025185585022639e-01,5.017199501697811037e-01
8.993290841579437700e-01,2.049384850362199195e-01
8.995434224605560747e-01,3.764072769539485996e-01
9.047695875167847124e-01,2.134937235905312036e-01
8.991773724555969238e-01,2.576263808185634829e-01
9.015133023262024148e-01,3.125729284885383485e-01
9.019399881362915039e-01,1.492594016189050521e-01
8.926897048950195312e-01,1.834938380891690812e-01
9.032972931861877885e-01,4.020733671239109519e-01
9.008358836174011897e-01,1.355584364958559718e-01
8.947640419006347434e-01,3.604263130426552664e-01
9.059874534606934260e-01,3.079294158447409835e-01
8.995995104312897173e-01,-1.039502305614923294e-01
9.010727763175964133e-01,2.709674446874235088e-01
9.096411347389221635e-01,3.159322565323212650e-01
8.989390254020691584e-01,2.095846192292154520e-01
9.015402317047119807e-01,6.798100263477193650e-01
9.069275140762329546e-01,4.989489726674456449e-01
8.999895334243774858e-01,3.347295132963727937e-01
9.056094884872436523e-01,5.659688779155107596e-01
9.023425817489624245e-01,3.755313050147726095e-01
8.943639934062957986e-01,5.234653262605508672e-01
9.028865337371826394e-01,4.690449609653266627e-01
8.922522604465484841e-01,5.949212672587393946e-01
8.930835545063019465e-01,6.620362972919906497e-01
9.015931487083435059e-01,5.080393817651871480e-01
8.993255078792572466e-01,2.113672726838871085e-01
8.995539009571075217e-01,3.828596585443979627e-01
9.047671556472778320e-01,2.198438647622569242e-01
8.991952598094939964e-01,2.648483743521539147e-01
9.015398740768433283e-01,3.177669664639255487e-01
9.019299626350403276e-01,1.536808315949249604e-01
8.926959514617920366e-01,1.914551084966089611e-01
9.033158063888550027e-01,4.072149741153374691e-01
9.008303284645080566e-01,1.410558251641598204e-01
8.947693228721619318e-01,3.683984441539154275e-01
9.059999346733093040e-01,3.117239210553996998e-01
8.996013879776001421e-01,-9.691492878150542722e-02
9.010922670364379661e-01,2.776902203523001766e-01
9.096265316009521928e-01,3.222224765795203005e-01
8.989275932312011941e-01,2.168253381142202230e-01
9.015422582626343440e-01,6.877649301356778544e-01
9.068913817405700462e-01,5.028303635086679435e-01
8.999867856502533625e-01,3.435105795887447577e-01
9.055814266204834651e-01,5.697869770689516500e-01
9.023347020149231623e-01,3.809515452352485454e-01
8.943802356719970925e-01,5.302929638933493450e-01
9.028667092323303667e-01,4.766706730754162180e-01
8.922526359558106135e-01,5.999007127069146961e-01
8.931130409240722878e-01,6.699316544624509540e-01
9.016035795211791992e-01,5.108530530687476201e-01
8.993067800998687522e-01,2.183417170717762978e-01
8.995752573013305886e-01,3.897464682876670139e-01
9.047491312026977317e-01,2.266808650707630157e-01
8.992221832275391069e-01,2.721595005584780402e-01
9.015675425529480203e-01,3.257757992639582767e-01
9.019208908081054465e-01,1.610320300532763760e-01
8.926952898502350520e-01,1.998320817054528575e-01
9.033259391784668191e-01,4.108731587676972552e-01
9.008349299430847834e-01,1.462775766596409177e-01
8.948033332824707475e-01,3.751777703800645014e-01
9.060081362724304865e-01,3.181463420835859424e-01
8.995880007743836115e-01,-8.875442063501415291e-02
9.011076331138611062e-01,2.859024104686955781e-01
9.096136212348938654e-01,3.267225530314816773e-01
8.989320158958434837e-01,2.232192966082564567e-01
9.015598893165588379e-01,6.953471994304858406e-01
9.068643093109131081e-01,5.084977783678170660e-01
9.000326037406921609e-01,3.521841623639963004e-01
9.055590987205505149e-01,5.766868945582110939e-01
9.023473024368285911e-01,3.866167130522275563e-01
8.943768560886383723e-01,5.376632622101435999e-01
9.028569459915161133e-01,4.834953146519884726e-01
8.922051787376403809e-01,6.065058931649076612e-01
8.931262195110321045e-01,6.761439770477650768e-01
9.015851855278015359e-01,5.167470446800135342e-01
8.993020951747894287e-01,2.261932569199260890e-01
8.995706200599670188e-01,3.957722863728916352e-01
9.047596096992492898e-01,2.298660473463898235e-01
8.992014467716217263e-01,2.784201345504420111e-01
9.015581846237182839e-01,3.313128856772613595e-01
9.018813371658325195e-01,1.664406605558750307e-01
8.926895439624786821e-01,2.068480963734828926e-01
9.033436298370361994e-01,4.148856270688221493e-01
9.008563160896301270e-01,1.504166283363281842e-01
8.948144912719726562e-01,3.823978913785137657e-01
9.060441255569458008e-01,3.251189139363335201e-01
8.995827496051788108e-01,-8.262037001861299856e-02
9.011475443840026855e-01,2.935344891982665239e-01
9.096154451370239702e-01,3.338932391021960377e-01
8.989335775375366655e-01,2.299746543845944124e-01
9.015640258789062722e-01,7.032841268810865465e-01
9.068491578102112483e-01,5.159208821756005037e-01
9.000515460968018244e-01,3.598757877110658754e-01
9.055520772933960405e-01,5.827628965852267307e-01
9.023378252983093040e-01,3.919186090517627896e-01
8.944026052951813410e-01,5.438126676147048144e-01
9.028342604637146218e-01,4.892780776758511863e-01
8.922024607658386453e-01,6.135046805096360245e-01
8.931616544723510742e-01,6.827686318712293811e-01
9.015909671783447488e-01,5.167725111579373198e-01
8.993106603622437190e-01,2.260906419941739465e-01
8.996061265468597856e-01,3.936413413819077611e-01
9.047537207603454368e-01,2.275253784195623297e-01
8.992354214191436990e-01,2.758199322530079378e-01
9.015645027160644753e-01,3.288973153447756204e-01
9.018968343734741211e-01,1.649827046947325293e-01
8.926986753940582275e-01,2.045186626575041799e-01
9.033439159393310547e-01,4.128659106652410316e-01
9.008780598640442339e-01,1.472048560616929791e-01
8.947936356067657249e-01,3.778086822538186951e-01
9.060008645057678889e-01,3.195136672438811942e-01
8.995922744274139626e-01,-8.782770299350461940e-02
9.011400103569030540e-01,2.858900517367621852e-01
9.096130490303039329e-01,3.268644911952045540e-01
8.989298105239867942e-01,2.222598096017711633e-01
9.015540599822998713e-01,6.938585339930236628e-01
9.068531990051269531e-01,5.091842497506768872e-01
9.000435590744019221e-01,3.519354896972104463e-01
9.055699110031127930e-01,5.748038732199569623e-01
9.023441791534424494e-01,3.839813070941340278e-01
8.943661808967590110e-01,5.337627715104784620e-01
9.028608918190003108e-01,4.802138840700904687e-01
8.922275066375732200e-01,6.038809734036063581e-01
8.931275129318237971e-01,6.732958510976012612e-01
9.015859842300415483e-01,5.137468688763631164e-01
8.993145227432250977e-01,2.222403352363002682e-01
8.995672881603241633e-01,3.925069595932102473e-01
9.047574758529662864e-01,2.264756352192587308e-01
8.992328166961670588e-01,2.735504196615559103e-01
9.015822172164916770e-01,3.261881315021084582e-01
9.019173264503479448e-01,1.618233634040580071e-01
8.926971256732940674e-01,2.002358002819524252e-01
9.033282160758971946e-01,4.107248539844934321e-01
9.008704900741577593e-01,1.438848512558807968e-01
8.947774410247802956e-01,3.748538218005914580e-01
9.060049891471863015e-01,3.173928339426614897e-01
8.996055603027344194e-01,-9.005620706535832909e-02
9.011212348937988059e-01,2.845744085463706163e-01
9.096195459365844505e-01,3.253252673089228608e-01
8.989377200603485552e-01,2.199468541950375666e-01
9.015644192695617676e-01,6.906969456601790291e-01
9.068621397018432617e-01,5.061829504259414136e-01
9.000316739082336870e-01,3.481833037807486875e-01
9.055802583694457786e-01,5.724227575340736784e-01
9.023532271385192871e-01,3.814885883138194878e-01
8.943833708763122559e-01,5.307655917630542675e-01
9.028658270835876465e-01,4.771380578467252498e-01
8.922535061836243120e-01,6.015575318000805360e-01
8.931311249732971635e-01,6.703035399415453455e-01
9.015926361083984597e-01,5.106553133578093373e-01
8.993200480937958430e-01,2.185682938238930895e-01
8.995643556118011475e-01,3.897921581451186945e-01
9.047534346580505815e-01,2.238514644720139835e-01
8.992498874664306419e-01,2.676328341075078221e-01
9.015932559967041460e-01,3.220056370101387344e-01
9.019366264343261497e-01,1.586452967619687016e-01
8.927128076553344505e-01,1.964113345090301443e-01
9.033291816711426225e-01,4.094964709316943896e-01
9.008660793304443803e-01,1.433391945156587965e-01
8.947744071483612061e-01,3.707919185717325483e-01
9.059997797012329102e-01,3.154203054246456084e-01
8.996125817298888938e-01,-9.506617483634016708e-02
9.011017322540283425e-01,2.806536944671775835e-01
9.096307039260864702e-01,3.228677521892677760e-01
8.989375770092010720e-01,2.167144840338459666e-01
9.015436768531799316e-01,6.868863366473041410e-01
9.068854331970215288e-01,5.034576627810580796e-01
9.000402212142945002e-01,3.435746202905827218e-01
9.055831551551819514e-01,5.702861949376654138e-01
9.023519277572632502e-01,3.799531094978210177e-01
8.943794846534729448e-01,5.288982997199882519e-01
9.028773427009583186e-01,4.753722572083263209e-01
8.922487497329711914e-01,5.987947934523676352e-01
8.931161761283874512e-01,6.675973521551044065e-01
9.015968918800354448e-01,5.084097692161679838e-01
8.993260145187378374e-01,2.149164757910142498e-01
8.995537281036377619e-01,3.868204448756182856e-01
9.047572374343871848e-01,2.204655464292222256e-01
8.992390632629394531e-01,2.656389586888789900e-01
9.015795350074767844e-01,3.185788977012635748e-01
9.019523024559020774e-01,1.562413361473597995e-01
8.927112579345702903e-01,1.924546677551211005e-01
9.033228278160095881e-01,4.073542907298621785e-01
9.008593201637268288e-01,1.399203198543776949e-01
8.947543561458587424e-01,3.683355269731625192e-01
9.059846639633178933e-01,3.125347287716526701e-01
8.996105790138244629e-01,-9.723700482583685911e-02
9.010865926742553933e-01,2.766599515174674728e-01
9.096133112907409668e-01,3.195234044266168638e-01
8.989293873310089111e-01,2.134937235905312036e-01
9.015413522720336914e-01,6.832835790351312610e-01
9.068841099739074485e-01,5.016701407350181441e-01
9.000124812126160112e-01,3.390292284881977203e-01
9.055669188499451128e-01,5.670223661860975817e-01
9.023450493812561479e-01,3.752406875608178538e-01
8.943631827831268755e-01,5.255060150577159916e-01
9.028699874877930132e-01,4.713140990497501903e-01
8.922442734241485818e-01,5.969829284494889698e-01
8.930917382240295410e-01,6.637178338490237195e-01
9.015903711318969949e-01,5.074997171374175942e-01
8.993077933788299339e-01,2.117226798537363841e-01
8.995447278022766779e-01,3.823904012379477635e-01
9.047470450401305930e-01,2.178859420183445472e-01
8.992200732231140359e-01,2.623953533168386087e-01
9.015513181686402033e-01,3.161262511729767688e-01
9.019327402114868386e-01,1.530070934510270320e-01
8.926974594593047874e-01,1.897009175760873134e-01
9.033116817474365901e-01,4.048020253320494533e-01
9.008422255516052024e-01,1.380717531627260186e-01
8.947296082973480447e-01,3.644848457082603410e-01
9.059634566307067649e-01,3.097060771869601936e-01
8.996233820915222612e-01,-1.000156597222523480e-01
9.010645151138305664e-01,2.729100126431758255e-01
9.096258997917175959e-01,3.167835110076295813e-01
8.989147007465362327e-01,2.102875689213199450e-01
9.015423774719238947e-01,6.805174701241636370e-01
9.069009542465210627e-01,4.997646489750664500e-01
9.000037670135497825e-01,3.350714382132040647e-01
9.055782437324524370e-01,5.652067561129356932e-01
9.023424625396728738e-01,3.732471866492170776e-01
8.943410813808441162e-01,5.227848469901434925e-01
9.028714299201965332e-01,4.685566038004331801e-01
8.922449350357055664e-01,5.948403737406282588e-01
8.930975139141082986e-01,6.605169222782083516e-01
9.016153693199158159e-01,5.041557438817947379e-01
8.993339419364929643e-01,2.080274190055755312e-01
8.995223402976989524e-01,3.796696076774033202e-01
9.047603487968445268e-01,2.165699243209249225e-01
8.991985678672790305e-01,2.592659725884276511e-01
9.015329003334046076e-01,3.139275204098721517e-01
9.019389986991882546e-01,1.506596833976900918e-01
8.926872730255127619e-01,1.865007550193285013e-01
9.033126115798950639e-01,4.029029001915787056e-01
9.008493661880493386e-01,1.348517417334682555e-01
8.947254180908202903e-01,3.615093873684771530e-01
9.059580564498901367e-01,3.080350268267193492e-01
8.996199846267700639e-01,-1.035365875487430642e-01
9.010661125183105913e-01,2.695918803725052548e-01
9.096436142921447976e-01,3.152457851494609997e-01
8.989310503005981667e-01,2.086071558853719310e-01
9.015288710594177024e-01,6.783213609102571873e-01
9.069095730781555620e-01,4.979621466478953984e-01
9.000016450881958008e-01,3.323877208484606882e-01
9.056083679199219416e-01,5.629750687313417323e-01
9.023439407348633479e-01,3.722652292210346658e-01
8.943647623062134233e-01,5.195509788008387808e-01
9.028724670410156472e-01,4.649969144965138135e-01
8.922461152076721635e-01,5.920293239862655099e-01
8.930869698524475098e-01,6.568879491740551302e-01
9.016142249107360618e-01,5.021045688878373880e-01
8.993131339550018977e-01,2.064631031483981083e-01
8.995263218879699929e-01,3.777614943682539028e-01
9.047590136528015359e-01,2.125170092607446826e-01
8.991847276687622292e-01,2.568867294376859789e-01
9.015202760696411355e-01,3.120040523125622300e-01
9.019275903701782227e-01,1.495387838620110266e-01
8.926801145076751487e-01,1.834945871032256370e-01
9.032915115356445757e-01,4.012857788434120998e-01
9.008499145507812278e-01,1.333788055911941939e-01
8.947429060935974121e-01,3.587893428219892655e-01
9.059644103050231712e-01,3.063306453409606611e-01
8.996224224567413996e-01,-1.063246051208657228e-01
9.010363936424256037e-01,2.663999569703694448e-01
9.096436858177184837e-01,3.144746751782072636e-01
8.989271879196166770e-01,2.060144437285038599e-01
9.015357136726379617e-01,6.753410339791061645e-01
9.069279670715332253e-01,4.958135998265817967e-01
8.999801993370056818e-01,3.280486824186650274e-01
9.056101083755493386e-01,5.596722912488307777e-01
9.023467183113098589e-01,3.706773194210750688e-01
8.943403661251068115e-01,5.153538785347655526e-01
9.028650879859924094e-01,4.622622641759228657e-01
8.922572851181030940e-01,5.898122423787746094e-01
8.930725991725921853e-01,6.546577598205738369e-01
9.016108393669128862e-01,4.996582889790315285e-01
8.993154525756835715e-01,2.020626455659626508e-01
8.995082020759582742e-01,3.731494403148327699e-01
9.047585129737854004e-01,2.100845861119857716e-01
8.991910457611084206e-01,2.549898513393848987e-01
9.015163898468018244e-01,3.097367867632803140e-01
9.019369125366211160e-01,1.469730362111798527e-01
8.926648497581481934e-01,1.804180118658038623e-01
9.032749652862549494e-01,3.991578299086548931e-01
9.008623719215392844e-01,1.301531765565120402e-01
8.947328984737396018e-01,3.569063214837351339e-01
9.059500098228454590e-01,3.030424736325536550e-01
8.996199011802673562e-01,-1.099524547039343325e-01
9.010490894317627619e-01,2.629852018863991781e-01
9.096547722816467063e-01,3.119089275273760897e-01
8.989274680614471880e-01,2.024431447067076562e-01
9.015472888946532981e-01,6.726385912629484487e-01
9.069377541542053001e-01,4.936613079349854161e-01
8.999819517135619895e-01,3.250260361933170472e-01
9.056313991546630637e-01,5.570559851491800885e-01
9.023528933525085671e-01,3.677355667138382245e-01
8.943188786506652832e-01,5.122626975232402735e-01
9.028622269630431907e-01,4.595463392067467012e-01
8.922767639160156250e-01,5.870240375531374788e-01
8.930691063404083696e-01,6.509756067184029327e-01
9.016110301017761230e-01,4.967393812005207465e-01
8.993231773376465510e-01,1.981999800761546915e-01
8.994908630847930908e-01,3.720517602149078229e-01
9.047533750534058061e-01,2.079940878800572435e-01
8.992115259170532227e-01,2.500216411020579343e-01
9.015272021293639915e-01,3.048865462398651083e-01
9.019353151321410911e-01,1.441455081475724320e-01
8.926757097244263361e-01,1.766886708780681658e-01
9.032718420028686968e-01,3.968898153453159772e-01
9.008638978004456233e-01,1.279851553697270994e-01
8.947169125080108865e-01,3.538334913165961382e-01
9.059388756752014826e-01,2.996273440415553324e-01
8.996348083019256592e-01,-1.136701859737927478e-01
9.010223388671875222e-01,2.589970765421134580e-01
9.096451520919800471e-01,3.090776543934854459e-01
8.989067494869232844e-01,2.000028569103542431e-01
9.015417575836182085e-01,6.684433635320168321e-01
9.069548249244689941e-01,4.907064474817586230e-01
8.999935150146484153e-01,3.217138960350989230e-01
9.056466102600098100e-01,5.549639888891388928e-01
9.023673892021178977e-01,3.654465797569148577e-01
8.943121314048767534e-01,5.093059645348718689e-01
9.028804540634155495e-01,4.568659924052580479e-01
8.922839522361755149e-01,5.836718251428925086e-01
8.930607438087463379e-01,6.489146945417099133e-01
9.016198992729187456e-01,4.945185545227466228e-01
8.993144631385803223e-01,1.958136212918755170e-01
8.995024740695953813e-01,3.671599494113526596e-01
9.047672033309936968e-01,2.074379449430430178e-01
8.991905570030213068e-01,2.476158079523078648e-01
9.015015840530395952e-01,3.018665215637152954e-01
9.019528388977050559e-01,1.404056809630445102e-01
8.926775872707367609e-01,1.710474715108998289e-01
9.032710552215575950e-01,3.932818146347472066e-01
9.008756637573241965e-01,1.258017793947825425e-01
8.947239756584167703e-01,3.494603727472260779e-01
9.059391498565674272e-01,2.977173581972638594e-01
8.996254920959473322e-01,-1.168008774768032332e-01
9.010201811790466975e-01,2.553433859740930068e-01
9.096514105796814631e-01,3.054097325583899902e-01
8.989050865173340288e-01,1.951016834310919101e-01
9.015521645545959695e-01,6.635343254051604411e-01
9.069680213928222878e-01,4.879541953308375035e-01
8.999753117561340998e-01,3.167816384724884138e-01
9.056524276733398660e-01,5.517402323895979066e-01
9.023845076560974565e-01,3.627999385879725480e-01
8.943171083927154985e-01,5.060589885995767645e-01
9.028761744499206321e-01,4.527628934032863484e-01
8.922702610492706521e-01,5.797192779662942996e-01
8.930607497692107932e-01,6.443430872473450144e-01
9.016246438026428445e-01,4.914217559057969531e-01
8.993189752101898859e-01,1.920719215722064277e-01
8.994956851005554421e-01,3.632624547679137450e-01
9.047749876976013406e-01,2.015413317825793804e-01
8.992074191570281760e-01,2.430558103758193589e-01
9.015197992324829324e-01,2.983405378923427165e-01
9.019573926925659180e-01,1.357344547991532480e-01
8.926702618598938432e-01,1.660882494422519784e-01
9.032819390296936701e-01,3.881918896132252605e-01
9.008855462074280007e-01,1.212590091415957083e-01
8.947120249271393044e-01,3.445723070139536937e-01
9.059407353401184304e-01,2.932948047001593395e-01
8.996347486972808838e-01,-1.218290088386568826e-01
9.010152459144592507e-01,2.505373372800168141e-01
9.096509337425232600e-01,2.999760100848956057e-01
8.989045083522796409e-01,1.893900767426046627e-01
9.015892624855041948e-01,6.571946704302265019e-01
9.069921612739563210e-01,4.820205059745727993e-01
8.999909639358520952e-01,3.118748473878012462e-01
9.056701779365540217e-01,5.453829755843346838e-01
9.023974895477294700e-01,3.582496781942201558e-01
8.943159580230712891e-01,5.003608641641079657e-01
9.028790116310120295e-01,4.478557278115711249e-01
8.923000097274780273e-01,5.735522707314033575e-01
8.930680871009827326e-01,6.390569205429978972e-01
9.016386270523071289e-01,4.880575592706462018e-01
8.993367910385131614e-01,1.876988030028359233e-01
8.994869470596313921e-01,3.592732059025434133e-01
9.047792077064514826e-01,1.967221753425127950e-01
8.992074191570281760e-01,2.376011155087409676e-01
9.015223741531371848e-01,2.931315196358235120e-01
9.019729018211365412e-01,1.320470585985864531e-01
8.926694810390473078e-01,1.606620171093231519e-01
9.032738327980042170e-01,3.838610903380521577e-01
9.008848190307617854e-01,1.177352725123927968e-01
8.947122395038604736e-01,3.391288473577236395e-01
9.059204459190368652e-01,2.895381246993582458e-01
8.996301889419555664e-01,-1.266906718264344534e-01
9.010176897048950417e-01,2.442358820219689974e-01
9.096466541290283425e-01,2.955545801088756974e-01
8.989044547080994318e-01,1.842432266527822549e-01
9.015716671943664329e-01,6.528930827032599638e-01
9.070254445075989214e-01,4.775020786782251392e-01
8.999828100204467773e-01,3.056621502954590675e-01
9.056623339653014915e-01,5.418723467011217210e-01
9.023861169815063921e-01,3.546210795970949903e-01
8.943073928356171098e-01,4.929546131725976998e-01
9.028692603111266868e-01,4.428246003934912522e-01
8.922953009605407715e-01,5.704917992961981987e-01
8.930737793445587824e-01,6.335632769449768276e-01
9.016658306121826394e-01,4.836365038016547935e-01
8.993518054485321045e-01,1.832043441562989372e-01
8.994605243206024170e-01,3.526732685429463388e-01
9.047831654548644797e-01,1.926782484510116689e-01
8.992050528526306374e-01,2.332103951090407357e-01
9.015310287475586382e-01,2.886846231818798181e-01
9.019912242889404075e-01,1.288506411121108641e-01
8.926746368408203791e-01,1.551058308375772299e-01
9.032572746276855691e-01,3.806804021467646848e-01
9.009004831314086914e-01,1.145890389677082233e-01
8.947196185588837114e-01,3.333217413770217519e-01
9.059350728988647683e-01,2.864218517169372369e-01
8.996371626853942871e-01,-1.307177459016628518e-01
9.010100841522217241e-01,2.403481245612657524e-01
9.096577167510986328e-01,2.919038855970810253e-01
8.989407062530517800e-01,1.800779594841142028e-01
9.015743374824524148e-01,6.476293864206104089e-01
9.070432186126708984e-01,4.727683098406094686e-01
8.999905049800872581e-01,3.008793210371365490e-01
9.056738376617431419e-01,5.389721642740252783e-01
9.024095535278320312e-01,3.507722708673339795e-01
8.943323016166687678e-01,4.892046742983060525e-01
9.028957247734069602e-01,4.389544447631177349e-01
8.923260509967804177e-01,5.651599427343994009e-01
8.930778682231903520e-01,6.286033058622719771e-01
9.016747951507568803e-01,4.800831811172163732e-01
8.993546009063720925e-01,1.779957004068086768e-01
8.994134962558746338e-01,3.451913671317208276e-01
9.048007369041443093e-01,1.871557678118120904e-01
8.992222607135772483e-01,2.268100699955239996e-01
9.015421271324157715e-01,2.821595872279414330e-01
9.020090341567993386e-01,1.225825169795813352e-01
8.926769733428955300e-01,1.490197171207978677e-01
9.032248735427856889e-01,3.759522509145734048e-01
9.009227037429810014e-01,1.126981529818600336e-01
8.947207987308501975e-01,3.321881086023807939e-01
9.059172987937927912e-01,2.823389760944934324e-01
8.996729791164398415e-01,-1.336087529065657087e-01
9.010210275650024636e-01,2.368183958196099503e-01
9.096872091293335405e-01,2.904511728343348587e-01
8.989385426044463889e-01,1.781563639219458928e-01
9.015889406204223855e-01,6.453538817167059349e-01
9.070859670639038752e-01,4.708905316007512276e-01
9.000258088111877663e-01,2.981413001532908780e-01
9.057114601135254350e-01,5.352278430051580216e-01
9.024292826652526855e-01,3.490622717761509008e-01
8.943340957164764848e-01,4.894439842893847370e-01
9.029379606246948908e-01,4.375874941098505388e-01
8.923848807811737283e-01,5.652146207605301953e-01
8.930889844894409624e-01,6.307567212749534136e-01
9.016814112663269487e-01,4.803958944858406355e-01
8.993760049343109131e-01,1.790252202275843807e-01
8.994875013828277366e-01,3.494386513395850713e-01
9.048358440399170144e-01,1.879867989075929557e-01
8.992288887500763384e-01,2.280148591055404239e-01
9.015348196029663308e-01,2.832542712716401567e-01
9.020330548286438210e-01,1.220780560124712366e-01
8.927112817764282227e-01,1.466779246728853181e-01
9.032331585884094682e-01,3.730992563730417544e-01
9.009360671043395996e-01,1.106076547499319496e-01
8.947675228118896484e-01,3.295025187024958058e-01
9.059667825698852761e-01,2.813693773982444135e-01
8.997068762779235618e-01,-1.334014632664057842e-01
9.010581374168395996e-01,2.344166822471707157e-01
9.097146272659302202e-01,2.886093472691930728e-01
8.989924490451812744e-01,1.753101105069236887e-01
9.016391754150391291e-01,6.410466763843150062e-01
9.071405291557311790e-01,4.703774569719909593e-01
9.000651121139526811e-01,2.953160191318531247e-01
9.057693123817444070e-01,5.345335069747041423e-01
9.024540424346924050e-01,3.473885998667123332e-01
8.943811655044555664e-01,4.894005414741027238e-01
9.030375003814697932e-01,4.362557471172427981e-01
8.924706280231475830e-01,5.640802389718322374e-01
8.931542873382568581e-01,6.281587660196890077e-01
9.017849445343018022e-01,4.802022743522136317e-01
8.994345963001251221e-01,1.759617527361525546e-01
8.994926095008850542e-01,3.491926002219969405e-01
9.048664450645447221e-01,1.883837763575830770e-01
8.992284893989562766e-01,2.287900886541058831e-01
9.015346407890320046e-01,2.829411833959878386e-01
9.020675301551819292e-01,1.233068135722987790e-01
8.927046060562133789e-01,1.477763537868668209e-01
9.032380461692810503e-01,3.752852538971844787e-01
9.009572625160217063e-01,1.121592373681474797e-01
8.947786271572113481e-01,3.286156860594995344e-01
9.059615969657898171e-01,2.821685753966205468e-01
8.997288107872009055e-01,-1.321740164811777696e-01
9.010556578636169656e-01,2.358667734607187150e-01
9.097575783729553445e-01,2.903964948082045083e-01
8.990025818347930908e-01,1.757763717571476647e-01
9.016776323318481667e-01,6.443142502061665056e-01
9.071650028228760432e-01,4.717178176262493139e-01
9.001110315322876643e-01,2.953104015264287341e-01
9.058160781860351562e-01,5.354109769419932441e-01
9.024909973144531472e-01,3.495169233084980398e-01
8.944646477699279563e-01,4.895207582301845939e-01
9.031587958335877131e-01,4.389312253273636166e-01
8.925882637500762717e-01,5.654018742746762527e-01
8.932595729827881303e-01,6.283778526312402413e-01
9.019044280052185281e-01,4.815999345818005040e-01
8.995433449745178223e-01,1.731671812910344777e-01
8.995048761367797630e-01,3.469223386164883571e-01
9.049047827720642090e-01,1.892443935085990070e-01
8.992264270782470703e-01,2.239409716517757332e-01
9.015183091163635476e-01,2.783231372301142592e-01
9.020681142807006614e-01,1.183015271391707479e-01
8.927164316177368386e-01,1.412846489584467236e-01
9.032433867454529031e-01,3.704080488677328198e-01
9.009618997573852761e-01,1.072296013547346938e-01
8.947786748409271018e-01,3.244485463556903149e-01
9.059765219688415971e-01,2.783721976508206630e-01
8.997549772262573020e-01,-1.371382943947074828e-01
9.011459350585937500e-01,2.326239171027348895e-01
9.098046422004699707e-01,2.862241120059989541e-01
8.990762352943421076e-01,1.702430304141278050e-01
9.017364263534546343e-01,6.360481310776964214e-01
9.073076486587524636e-01,4.667144037282628943e-01
9.002231717109679954e-01,2.896343730056294419e-01
9.059267640113830566e-01,5.323025686071662932e-01
9.025523304939270242e-01,3.445344818040960710e-01
8.945062220096587913e-01,4.791487860816268096e-01
9.031540751457214355e-01,4.288906918988444339e-01
8.925871610641479270e-01,5.563365571478304794e-01
8.932489454746246338e-01,6.197192501371198148e-01
9.019736051559448242e-01,4.751082297533804066e-01
8.995515882968903032e-01,1.642112202164502932e-01
8.995232462882996050e-01,3.389120077883425175e-01
9.049089550971984863e-01,1.792128482487589380e-01
8.992458641529083030e-01,2.140067982192919160e-01
9.015304207801818626e-01,2.662842342986269095e-01
9.020900964736938699e-01,1.063259158954648065e-01
8.927459001541138139e-01,1.254531133514422692e-01
9.032307147979736772e-01,3.563760195316731938e-01
9.009742498397826926e-01,9.431173042784513072e-02
8.947796642780304621e-01,3.114441643052652253e-01
9.059686660766601562e-01,2.702060718989049981e-01
8.997374415397644265e-01,-1.447308626327932224e-01
9.010617971420288308e-01,2.203797843197432549e-01
9.097239613533020242e-01,2.744147818828546193e-01
8.989549160003662553e-01,1.605653942960239000e-01
9.016479611396789329e-01,6.240830060307831495e-01
9.071704149246215820e-01,4.519910344179756123e-01
9.000465989112854670e-01,2.751540587567040674e-01
9.057802557945251465e-01,5.181244815300729556e-01
9.023872494697571245e-01,3.290759551972710639e-01
8.942811608314514826e-01,4.678304346725741247e-01
9.029951930046081765e-01,4.205290734781601536e-01
8.924228966236115168e-01,5.506586560918895756e-01
8.929988443851470947e-01,6.093967129162969343e-01
9.016991853713989258e-01,4.671551985005630847e-01
8.993441402912140115e-01,1.613960508847762654e-01
8.994001388549804910e-01,3.324562556346379871e-01
9.047441482543945312e-01,1.760044465373780120e-01
8.991256237030029741e-01,2.124132708139074843e-01
9.014334321022033913e-01,2.681080835264109119e-01
9.019635915756225586e-01,1.046432558173471250e-01
8.926231026649474876e-01,1.233888306114945266e-01
9.031931042671204057e-01,3.609817069656129362e-01
9.008366942405701128e-01,9.758641988323368821e-02
8.946037828922271951e-01,3.148106079825856440e-01
9.058098912239075373e-01,2.693971367177931953e-01
8.995095670223236528e-01,-1.469777175490336596e-01
9.007976293563842995e-01,2.211610059807616047e-01
9.095322847366332786e-01,2.788912643920338219e-01
8.987740159034729448e-01,1.681192010566814332e-01
9.014569520950317383e-01,6.311016422480109078e-01
9.070040225982666238e-01,4.572296387297298814e-01
8.998563766479492632e-01,2.725834425145050588e-01
9.056400418281554954e-01,5.254475919613024182e-01
9.023179054260254128e-01,3.393704043909724355e-01
8.941496968269347922e-01,4.719627452227523889e-01
9.028628468513488770e-01,4.226293088928239072e-01
8.921764731407165749e-01,5.528607574182489159e-01
8.928996562957763894e-01,6.086900181539092181e-01
9.015754103660583718e-01,4.722316412690665821e-01
8.991813898086548074e-01,1.606137057026737480e-01
8.992892801761627197e-01,3.349924172302340963e-01
9.046523213386535867e-01,1.803940434159927442e-01
8.989910542964935081e-01,2.243259648768605174e-01
9.013378739356995295e-01,2.832516497224419894e-01
9.019989252090454546e-01,1.223360913549647044e-01
8.924640178680419700e-01,1.369572202465278998e-01
9.030164122581482156e-01,3.639002402370956624e-01
9.007010579109192561e-01,1.163986569284172212e-01
8.944465458393097146e-01,3.524212253129057615e-01
9.055835723876953791e-01,3.058658821188497967e-01
8.993213236331939475e-01,-1.024851590668123258e-01
9.006862521171570268e-01,2.636110031306757584e-01
9.094832658767700861e-01,3.062190422465298489e-01
8.986955106258393000e-01,1.971955522262747174e-01
9.012421965599060059e-01,6.728700366064330751e-01
9.067527651786804199e-01,5.034887468644062558e-01
8.997926831245423029e-01,3.145005161631595492e-01
9.054829597473145197e-01,5.459705771117255857e-01
9.024003863334656428e-01,3.561842719331873575e-01
8.941623091697693537e-01,4.909648573312801467e-01
9.029551863670349787e-01,4.427897712398598529e-01
8.923681020736694558e-01,5.776179190305459343e-01
8.930647134780883567e-01,6.340797221369918191e-01
9.018785357475280762e-01,4.904929784756317801e-01
8.994889259338378906e-01,1.805846674933939688e-01
8.995610475540161133e-01,3.585871090267116479e-01
9.050759077072143555e-01,1.988276538555728834e-01
8.993636250495911089e-01,2.464806771495533511e-01
9.017083048820495605e-01,2.990981656105780040e-01
9.025187253952026145e-01,1.394027511412772036e-01
8.928596496582031916e-01,1.585771364828194585e-01
9.035230994224549006e-01,3.864257144677982758e-01
9.012020707130432573e-01,1.380181986576802800e-01
8.949005544185638650e-01,3.644605027514211670e-01
9.062433600425719993e-01,3.161910408888712887e-01
8.997770071029663752e-01,-1.022735625958270944e-01
9.010922670364379661e-01,2.604700126843875196e-01
9.097578763961792214e-01,3.064467425197312522e-01
8.988806545734405740e-01,1.901930198112635750e-01
9.016238570213318537e-01,6.507879786972288194e-01
9.072639226913452593e-01,5.031191084274815317e-01
9.001750349998474121e-01,3.086304930017043091e-01
9.059317588806152788e-01,5.547969587545207304e-01
9.027654051780701350e-01,3.630216467487219489e-01
8.945701420307159424e-01,5.025491087304203575e-01
9.034469485282897727e-01,4.765770463183431893e-01
8.925181448459625910e-01,5.963998210064374028e-01
8.932110965251922607e-01,6.356328027833204608e-01
9.022360801696777122e-01,5.023521180335386305e-01
9.000396251678467463e-01,1.969229111096777451e-01
9.007468461990356667e-01,3.768664225706350734e-01
9.060350775718689631e-01,2.361150716204765132e-01
8.993155360221862793e-01,2.458339035116923199e-01
9.017616987228393999e-01,2.971559721618537431e-01
9.022007107734680842e-01,1.679645296539966637e-01
8.929176509380341020e-01,1.912506276591612320e-01
9.036942958831787331e-01,3.936761705355391605e-01
9.013312935829163042e-01,9.874776617796854339e-02
8.953863680362701416e-01,2.771565478369835134e-01
9.064314603805542214e-01,2.392268505185581873e-01
9.004467844963074397e-01,-2.011321828541698942e-01
9.025178074836731623e-01,1.205455732526989898e-01
9.115633964538574219e-01,2.003320485882231772e-01
9.018369793891907182e-01,1.454633983801332242e-01
9.050609350204468218e-01,6.146536680724370427e-01
9.123509526252746582e-01,4.930025500722190479e-01
9.075523734092713068e-01,2.223294679090335180e-01
9.110598802566528542e-01,4.148305745356632990e-01
9.076672315597534846e-01,1.741124370304447666e-01
9.006835103034973589e-01,2.783853053968106117e-01
9.069878339767456499e-01,2.397481643019410136e-01
8.946168601512909380e-01,4.811175695293599119e-01
8.949342250823975053e-01,6.587683489631110945e-01
9.038993358612060769e-01,5.176806907015465420e-01
9.010963320732117143e-01,2.285305552834993037e-01
9.000469326972961870e-01,4.214533568239859918e-01
9.050433635711669922e-01,1.972255127885378378e-01
0.000000000000000000e+00,-3.000000000000000000e+00
0.000000000000000000e+00,-3.000000000000000000e+00
0.000000000000000000e+00,-3.000000000000000000e+00
0.000000000000000000e+00,-3.000000000000000000e+00
0.000000000000000000e+00,-2.999999999999999889e-01
1.000000000000000000e+00,0.000000000000000000e+00
1.000000000000000000e+00,0.000000000000000000e+00
1.000000000000000000e+00,0.000000000000000000e+00
1.000000000000000000e+00,0.000000000000000000e+00
1.000000000000000000e+00,0.000000000000000000e+00
