8.247067630290985107e-01,-3.486381425666098544e-01
7.208657860755920410e-01,-1.758829190066970583e-01
5.558345317840576172e-01,-6.633438885812736885e-01
6.918410807847976685e-01,-7.600032163159693432e-01
6.967851221561431885e-01,-3.141592653589793116e+00
7.190424948930740356e-01,-3.141592653589793116e+00
7.868216931819915771e-01,-1.684850382472689256e+00
7.995928525924682617e-01,-5.050412657501923697e-01
8.378137052059173584e-01,2.537442409632846285e-01
7.986774593591690063e-01,1.755820026094641051e-01
8.074890077114105225e-01,-8.728260801382337064e-03
8.001103401184082031e-01,-2.325819723155659879e-01
7.851763367652893066e-01,1.907551548607289149e-02
8.050808310508728027e-01,9.562250502686842069e-02
8.019798398017883301e-01,-2.243999300149481790e-01
7.867887914180755615e-01,-3.299650348824378909e-02
8.127864599227905273e-01,3.863526855972798657e-02
8.179397881031036377e-01,4.052315848934995302e-02
8.245733380317687988e-01,2.082214136462310350e-01
8.648476898670196533e-01,-4.270990502754923313e-02
8.166479468345642090e-01,-1.301992409209917767e-01
7.979031056165695190e-01,4.721971866224627945e-02
8.356408923864364624e-01,1.392634345267524942e-01
8.338797539472579956e-01,-1.877059186363734256e-01
8.184439539909362793e-01,-4.552881942950559591e-03
8.324913084506988525e-01,1.229132066855598282e-03
8.105975091457366943e-01,-1.596197640495855552e-01
8.166889846324920654e-01,5.120297541516416473e-02
8.369300961494445801e-01,-5.490160682657974078e-02
8.119640499353408813e-01,-7.057060638330536761e-02
8.110321611166000366e-01,6.122815405552328727e-02
8.025115430355072021e-01,-1.383601235745115510e-01
7.963388860225677490e-01,-1.659552994472068832e-02
7.991847991943359375e-01,-7.549312676318198356e-03
8.090279251337051392e-01,-2.016551819191803041e-01
7.974506616592407227e-01,-7.163121028742924778e-02
8.021047413349151611e-01,1.660448066269699652e-01
8.108693063259124756e-01,-1.258414771397817766e-01
7.815061360597610474e-01,-3.530702459929369041e-02
7.864299118518829346e-01,1.377972395109878789e-01
7.959944009780883789e-01,-2.897871718731725998e-01
7.811495810747146606e-01,-8.398263933402683179e-02
8.000029623508453369e-01,1.941807706485207952e-01
8.218717277050018311e-01,6.581099656073741144e-02
8.049657642841339111e-01,1.400180661887620026e-01
8.448433279991149902e-01,1.347790873699796776e-01
8.363127410411834717e-01,-7.316369304720016231e-03
7.863989770412445068e-01,-1.614851835575099592e-01
8.225397765636444092e-01,1.755673968353606007e-01
8.464083969593048096e-01,-5.274182479441780202e-02
8.233717978000640869e-01,4.291962896339329703e-02
8.303373157978057861e-01,4.205713927723575551e-02
8.109704256057739258e-01,-2.267836672500291861e-01
8.131185173988342285e-01,2.775396685269271302e-02
8.313734531402587891e-01,1.592164199801149316e-01
8.260615617036819458e-01,-2.136549488662109475e-01
8.077210634946823120e-01,2.945872284547945696e-02
8.138756155967712402e-01,-4.003405231040035872e-02
8.118659257888793945e-01,4.203354533445313734e-02
7.982356548309326172e-01,-9.774034227186190193e-02
8.132779300212860107e-01,1.732769118503263428e-02
8.088462948799133301e-01,-2.709790544053003458e-01
7.986479103565216064e-01,1.107237519287025407e-01
8.185778856277465820e-01,1.908899773909134012e-02
7.971235215663909912e-01,-5.724246300692170664e-02
7.783175259828567505e-01,1.250819768864044335e-01
8.024257570505142212e-01,-1.736823157084508296e-01
7.862029522657394409e-01,-1.615398615836407537e-01
7.815356403589248657e-01,1.837177932920881496e-01
8.246712386608123779e-01,3.097809785926175508e-02
8.074289262294769287e-01,8.247056720729606383e-02
8.230088055133819580e-01,3.195365121726072566e-01
8.599900305271148682e-01,-7.751733725110288020e-03
7.917103767395019531e-01,-2.094282625449030988e-01
7.930824160575866699e-01,1.228379307728766356e-01
8.468513190746307373e-01,1.480516164526619605e-01
8.322849571704864502e-01,-9.912414574140226975e-02
8.174353986978530884e-01,1.127977718513850647e-02
8.343791812658309937e-01,-4.435249285363962457e-02
8.112026602029800415e-01,-4.126580592645368029e-02
8.245152235031127930e-01,1.031103985505463783e-01
8.347463309764862061e-01,-1.454474818314306361e-01
8.112250566482543945e-01,7.300265502503400228e-03
8.165041357278823853e-01,1.187928803602904537e-01
8.035455346107482910e-01,-5.828490332017333131e-02
7.956082969903945923e-01,-4.567974576190803049e-02
7.956758439540863037e-01,3.342849734537889361e-02
8.082804381847381592e-01,-2.667106105503376234e-01
7.968422025442123413e-01,-6.128002327894188639e-02
8.025263398885726929e-01,1.550545233747011586e-01
8.108063191175460815e-01,-6.531589826933492660e-02
7.766432464122772217e-01,-5.447298353269935944e-02
7.882870733737945557e-01,1.029654643305972783e-01
7.977342605590820312e-01,-2.493675645771453731e-01
7.761946916580200195e-01,-4.174442590861149327e-02
8.055621534585952759e-01,1.686229130097349760e-01
8.206366598606109619e-01,5.142543258997012146e-02
8.046152442693710327e-01,1.637558196700470425e-01
8.532837033271789551e-01,1.217499878556873583e-01
8.268052041530609131e-01,-4.414688849510906010e-03
7.807995080947875977e-01,-1.251589380807187624e-01
8.273353874683380127e-01,2.192146929547256207e-01
8.430850505828857422e-01,-1.066749564458335797e-01
8.186416327953338623e-01,7.996586420207663082e-02
8.275832235813140869e-01,4.179049027309167386e-02
8.161831200122833252e-01,-2.119539379437069826e-01
8.150293678045272827e-01,8.851099106662374538e-03
8.335478305816650391e-01,1.605328121845626121e-01
8.265027403831481934e-01,-1.918039617934632624e-01
8.097636997699737549e-01,3.440745871733508210e-02
8.145566731691360474e-01,-6.304769645248198273e-02
8.138792365789413452e-01,2.764873037774240316e-02
7.999915182590484619e-01,-7.648407236004217680e-02
8.170432597398757935e-01,-5.404510925287375755e-03
8.084616214036941528e-01,-2.142944196170204485e-01
7.966154217720031738e-01,1.378204589467419972e-01
8.172481358051300049e-01,-2.248895979544407453e-02
7.919841855764389038e-01,-4.575745597027891520e-02
7.761116325855255127e-01,1.494264317535232145e-01
7.999117225408554077e-01,-2.193051364020583982e-01
7.828759849071502686e-01,-1.443222754649262640e-01
7.858577072620391846e-01,2.155602533726486136e-01
8.228484541177749634e-01,3.982994597998068542e-02
8.045472502708435059e-01,8.418393686173386570e-02
8.242585808038711548e-01,2.997007474191004661e-01
8.578782379627227783e-01,-5.615171128702023395e-03
7.910117954015731812e-01,-2.082285292797685372e-01
7.960832715034484863e-01,1.468880231157574379e-01
8.485668152570724487e-01,1.271964435681436356e-01
8.310457319021224976e-01,-7.326967853620880433e-02
8.170148730278015137e-01,2.771426910769347884e-02
8.338957130908966064e-01,-9.722015200956368730e-02
8.108689934015274048e-01,1.672173881325456080e-03
8.244290351867675781e-01,1.104975496836138049e-01
8.319114148616790771e-01,-1.812975416217481595e-01
8.103070706129074097e-01,3.585530288871208171e-03
8.193230926990509033e-01,1.250235537899908600e-01
8.020656704902648926e-01,-2.490097231116106258e-02
7.922929525375366211e-01,-4.609469954925593527e-02
7.927002906799316406e-01,2.800750811084640191e-02
8.064074516296386719e-01,-2.890986407016571391e-01
7.952132523059844971e-01,-2.497718449141883568e-02
8.019581139087677002e-01,1.303606534501859926e-01
8.088537156581878662e-01,-7.213791829670901379e-02
7.765420377254486084e-01,-6.116242807205818366e-02
7.920938432216644287e-01,7.636685166018652993e-02
7.975628226995468140e-01,-2.431690987518781988e-01
7.763992547988891602e-01,-1.435560340850416949e-02
8.077805191278457642e-01,1.582243508621683503e-01
8.188700675964355469e-01,3.597626865885228398e-02
8.056170940399169922e-01,1.870711292234181755e-01
8.578528463840484619e-01,1.008506231418300203e-01
8.219761103391647339e-01,1.821602185614201730e-02
7.832887768745422363e-01,-9.298035794226544581e-02
8.288649618625640869e-01,2.349278843407898165e-01
8.396773040294647217e-01,-1.291927532824561631e-01
8.166561722755432129e-01,8.376561251113123774e-02
8.306165337562561035e-01,3.274090244143401662e-02
8.152326345443725586e-01,-1.599882789654252235e-01
8.136895596981048584e-01,-2.359113397970835635e-02
8.337464034557342529e-01,1.418857327388560741e-01
8.257436752319335938e-01,-1.899065219346196542e-01
8.110202699899673462e-01,5.453271740371201659e-02
8.121223896741867065e-01,-6.709349587912472046e-02
8.090162128210067749e-01,1.996122460798943621e-04
8.013808131217956543e-01,-6.544285615192579897e-02
8.177998661994934082e-01,-2.652221323663894736e-02
8.072294592857360840e-01,-1.675407749514836730e-01
7.983500957489013672e-01,1.562042599515591768e-01
8.163144141435623169e-01,-7.722016592415092973e-02
7.905347645282745361e-01,-2.160006736379216363e-02
7.814091295003890991e-01,1.774710160601706832e-01
8.012328892946243286e-01,-2.392661737565289215e-01
7.819805741310119629e-01,-1.502458531314272427e-01
7.853175997734069824e-01,2.243900055786984815e-01
8.219677954912185669e-01,4.686281346428389227e-02
8.016783595085144043e-01,7.656159531489858949e-02
8.269430696964263916e-01,2.924383071264546885e-01
8.550792187452316284e-01,-5.885752456643356112e-03
7.906070053577423096e-01,-2.166573717120310327e-01
8.003407865762710571e-01,1.405906874350209002e-01
8.513564467430114746e-01,1.192310535833924767e-01
8.334548473358154297e-01,-5.284968281856583516e-02
8.163652867078781128e-01,3.262180920643720228e-02
8.320596516132354736e-01,-1.351760648199693549e-01
8.075751960277557373e-01,6.168767417923826102e-02
8.237068951129913330e-01,1.014528304433244266e-01
8.304217159748077393e-01,-2.094342546573559893e-01
8.105634450912475586e-01,6.420923000073130993e-03
8.196837604045867920e-01,1.277132632671871271e-01
8.002314865589141846e-01,-2.309154160396653666e-02
7.896187007427215576e-01,-4.159612112540767015e-02
7.928077578544616699e-01,2.940591735449027411e-02
8.055377900600433350e-01,-3.087198129279520309e-01
7.950780689716339111e-01,1.282686571901336947e-03
8.031061440706253052e-01,1.145826723482272769e-01
8.065716028213500977e-01,-7.340525008045029054e-02
7.753722816705703735e-01,-7.489672432062510765e-02
7.954623401165008545e-01,7.290603221173652670e-02
7.971120774745941162e-01,-2.321215159242808745e-01
7.763714492321014404e-01,-3.977826401007522605e-03
8.113846480846405029e-01,1.497773448390331552e-01
8.180864155292510986e-01,3.938203557414299283e-02
8.083452135324478149e-01,2.158538668828300366e-01
8.591268062591552734e-01,8.238929918215687209e-02
8.167263567447662354e-01,-1.181026639071491857e-02
7.862940579652786255e-01,-5.191922010677352262e-02
8.308053612709045410e-01,2.427689379921473822e-01
8.386663794517517090e-01,-1.441900744839390569e-01
8.163036406040191650e-01,8.631076227540646073e-02
8.329106271266937256e-01,4.465434551844360556e-02
8.106238842010498047e-01,-1.759439636523087991e-01
8.119887709617614746e-01,-2.852657485206000487e-02
8.362035751342773438e-01,1.281124877593464717e-01
8.234448432922363281e-01,-1.682731234453096469e-01
8.099063038825988770e-01,6.692890004019025341e-02
8.089635968208312988e-01,-7.661945665077007916e-02
8.052863776683807373e-01,-1.146721795279903588e-02
8.002400696277618408e-01,-5.085037704802708447e-02
8.163171410560607910e-01,-4.864228360921485361e-02
8.054352402687072754e-01,-1.473460452113588559e-01
7.996168136596679688e-01,1.605755059857876255e-01
8.153000473976135254e-01,-9.608296141815397817e-02
7.874768674373626709e-01,-2.227605254985975947e-02
7.808680385351181030e-01,1.853139422466703046e-01
8.011638671159744263e-01,-2.354922664324266002e-01
7.820544242858886719e-01,-1.468666762151449312e-01
7.868948280811309814e-01,2.245544141641189206e-01
8.222175985574722290e-01,4.704295134489244745e-02
8.031607717275619507e-01,9.103928801462624065e-02
8.277492523193359375e-01,2.794440367657933244e-01
8.525336682796478271e-01,-2.304734977462796763e-02
7.896428406238555908e-01,-2.202533881976949104e-01
8.037453591823577881e-01,1.494522727384755001e-01
8.509965837001800537e-01,1.176865865987148929e-01
8.332981169223785400e-01,-4.924786147396398306e-02
8.167004287242889404e-01,4.006775794294670234e-02
8.308331668376922607e-01,-1.546605419809377047e-01
8.079855740070343018e-01,6.916732854829366062e-02
8.248644471168518066e-01,1.044103124457493870e-01
8.299445062875747681e-01,-2.092048691025265583e-01
8.104826211929321289e-01,1.881148803112520085e-03
8.205655813217163086e-01,1.314167632699705379e-01
8.009043186902999878e-01,-2.404335121637179995e-02
7.891483306884765625e-01,-3.177092923815694192e-02
7.939377725124359131e-01,1.268492755529182503e-02
8.053342103958129883e-01,-3.020532133173192690e-01
7.941981703042984009e-01,1.416984792247077962e-02
8.040108978748321533e-01,9.840696478222232813e-02
8.067834973335266113e-01,-7.985351209358881874e-02
7.751472443342208862e-01,-6.265184252357691719e-02
7.964769750833511353e-01,5.162766638524773910e-02
7.966161370277404785e-01,-2.230653742196282430e-01
7.770945727825164795e-01,1.693183725612756874e-02
8.153547197580337524e-01,1.478763471634212401e-01
8.176812231540679932e-01,2.389242488396980946e-02
8.103377819061279297e-01,2.321052248685497865e-01
8.621693253517150879e-01,8.352031040759966274e-02
8.144382536411285400e-01,-1.115562810525982940e-02
7.881557345390319824e-01,-2.180379918718289289e-02
8.308781385421752930e-01,2.309199101240047014e-01
8.372063636779785156e-01,-1.499926863803016097e-01
8.160549998283386230e-01,9.007380889568850080e-02
8.329090178012847900e-01,3.960748880517517279e-02
8.095188140869140625e-01,-1.664792347797892091e-01
8.122832328081130981e-01,-2.601213466410490227e-02
8.388544023036956787e-01,1.144838024927583575e-01
8.229030370712280273e-01,-1.535233513895279955e-01
8.101445734500885010e-01,8.440901558573754571e-02
8.074662536382675171e-01,-9.048183430301293129e-02
8.038306534290313721e-01,-2.324640026016533412e-02
8.009874224662780762e-01,-3.624984604301983993e-02
8.161662220954895020e-01,-6.903643834190553719e-02
8.040191233158111572e-01,-1.204892099449406118e-01
8.012712001800537109e-01,1.658421983246638476e-01
8.143964111804962158e-01,-1.184771709354399682e-01
7.851948440074920654e-01,-2.350481010968730189e-02
7.799099087715148926e-01,1.769703001633438078e-01
8.011639118194580078e-01,-2.347080487151820272e-01
7.819244265556335449e-01,-1.371697529850841590e-01
7.907909154891967773e-01,2.284459166951049447e-01
8.236840069293975830e-01,6.114426448118592816e-02
8.042617291212081909e-01,1.024089468865549968e-01
8.300844728946685791e-01,2.494857215445716037e-01
8.496978580951690674e-01,-1.700673866178581406e-02
7.898764610290527344e-01,-2.153565215492574403e-01
8.074135482311248779e-01,1.486583178384957016e-01
8.504323363304138184e-01,1.031763117875259539e-01
8.320033252239227295e-01,-4.281102192518826399e-02
8.189193308353424072e-01,4.731409443337586396e-02
8.291230797767639160e-01,-1.840114068022691285e-01
8.113010525703430176e-01,8.826943403337539351e-02
8.238421231508255005e-01,9.805118310534455262e-02
8.301960974931716919e-01,-1.996613065005519161e-01
8.115867078304290771e-01,1.747936653149073649e-02
8.211241066455841064e-01,1.075314540195382307e-01
8.022408187389373779e-01,-3.033619281276855872e-02
7.890239655971527100e-01,-2.540693130638427277e-02
7.967177033424377441e-01,8.114069274983037872e-03
8.072716593742370605e-01,-2.969621647747122672e-01
7.934982478618621826e-01,1.871486521782728119e-02
8.056045323610305786e-01,8.947122708716603867e-02
8.070977628231048584e-01,-9.825997077361758869e-02
7.752243578433990479e-01,-1.479901973000208315e-02
7.989682555198669434e-01,4.548762365639280603e-03
7.973209321498870850e-01,-2.008557966672901429e-01
7.768592536449432373e-01,3.674026299656851791e-02
8.189451694488525391e-01,1.149294658564259386e-01
8.166618049144744873e-01,3.058823604280958008e-02
8.138371706008911133e-01,2.716696453654714460e-01
8.625940978527069092e-01,6.233332429601423641e-02
8.070112168788909912e-01,-8.217414489440288961e-02
7.892028242349624634e-01,3.475050715525096479e-02
8.357108533382415771e-01,2.181922887674874190e-01
8.396504819393157959e-01,-1.495713659734723144e-01
8.162074387073516846e-01,9.620561246991954363e-02
8.346825838088989258e-01,2.691394758823273392e-02
8.106460124254226685e-01,-1.416048524676365439e-01
8.128418475389480591e-01,5.730332039902030772e-03
8.413173854351043701e-01,7.241205744141909761e-02
8.217280507087707520e-01,-1.549584623219444346e-01
8.120838999748229980e-01,9.580676248478825485e-02
8.058542013168334961e-01,-9.739598305934693556e-02
8.019422888755798340e-01,-2.107557027066864208e-02
8.001514673233032227e-01,-1.910697407644956769e-02
8.141867518424987793e-01,-1.089939039650200669e-01
8.020697832107543945e-01,-9.496580695275769202e-02
8.022435456514358521e-01,1.838091730069915108e-01
8.135102093219757080e-01,-1.319305869127873621e-01
7.856290936470031738e-01,-2.464705654597887374e-02
7.849074900150299072e-01,1.870374235908718319e-01
8.005871474742889404e-01,-2.651079077227604941e-01
7.831904739141464233e-01,-1.106995962253778387e-01
7.937941402196884155e-01,2.214531214628294720e-01
8.252617716789245605e-01,7.361534852332241030e-02
8.043315112590789795e-01,1.242325949462372847e-01
8.346842825412750244e-01,2.063177944214205084e-01
8.427032828330993652e-01,-1.832743769705880155e-02
7.878984212875366211e-01,-2.006275346335462118e-01
8.150082230567932129e-01,1.577026625717570241e-01
8.498189151287078857e-01,4.122573367442639025e-02
8.306918144226074219e-01,1.537725858168581539e-03
8.248768746852874756e-01,3.309031749883084572e-02
8.161031007766723633e-01,-1.938416545344021635e-01
8.156537413597106934e-01,7.226262913713021874e-02
8.284155130386352539e-01,1.309392668088977807e-01
8.279105871915817261e-01,-2.189323146553934230e-01
8.113673031330108643e-01,3.137619883033648804e-02
8.256592303514480591e-01,1.044732296265022953e-01
8.036849647760391235e-01,-3.963014648038676313e-02
7.891813665628433228e-01,-1.132284549339201973e-02
8.046578913927078247e-01,-4.135344057107426252e-02
8.082871437072753906e-01,-2.615326763771670393e-01
7.895731031894683838e-01,2.128211089677201073e-02
8.124941438436508179e-01,9.162614052796014263e-02
8.059486597776412964e-01,-1.261940755069188569e-01
7.766267955303192139e-01,5.062136600022615340e-02
8.036528229713439941e-01,-4.428995017991477212e-02
7.928651571273803711e-01,-1.970157888526942180e-01
7.784145325422286987e-01,1.101578718089526454e-01
8.267816007137298584e-01,7.699976853800105658e-02
8.143448680639266968e-01,1.878302549697652424e-02
8.165342658758163452e-01,3.111748937519229763e-01
8.639681935310363770e-01,4.983565025486891287e-02
7.973691225051879883e-01,-1.427965338316630195e-01
7.914290130138397217e-01,7.661365179183121654e-02
8.415463566780090332e-01,2.129091181193669691e-01
8.386129140853881836e-01,-1.492970395752482027e-01
8.128813207149505615e-01,6.088959970194718352e-02
8.376376628875732422e-01,1.494470296400773890e-02
8.151636123657226562e-01,-1.336093146671082366e-01
8.158423900604248047e-01,6.020387733314347400e-02
8.412821590900421143e-01,-2.163733081310725836e-02
8.166108429431915283e-01,-7.451472715176654660e-02
8.118813037872314453e-01,1.089231221366726565e-01
8.072808682918548584e-01,-7.488698713788943806e-02
7.996294200420379639e-01,-4.085272467424738707e-02
7.994350939989089966e-01,2.374561812887909795e-02
8.124502450227737427e-01,-1.912369581526283113e-01
8.005487918853759766e-01,-7.727784000650794738e-02
8.013529181480407715e-01,1.678207189551326195e-01
8.146181404590606689e-01,-8.700622182694539575e-02
7.825703024864196777e-01,-3.864200968623743293e-02
7.865890562534332275e-01,1.637711744582066586e-01
7.992278486490249634e-01,-2.770790248821266566e-01
7.824762016534805298e-01,-7.037455195399422436e-02
8.015992790460586548e-01,1.983745003513388561e-01
8.256381750106811523e-01,4.953379759006493188e-02
8.069018721580505371e-01,1.597549610867989855e-01
8.452714532613754272e-01,1.755913652851712747e-01
8.339678645133972168e-01,-3.758234204968413650e-02
7.792191505432128906e-01,-2.287047010516549683e-01
8.264277279376983643e-01,2.256004122941392964e-01
8.508756160736083984e-01,-1.602852630388618138e-02
8.267618417739868164e-01,3.504000108812110881e-02
8.314587473869323730e-01,4.162870323686940210e-02
8.133254051208496094e-01,-2.197154088515529402e-01
8.141612261533737183e-01,4.318290740428265551e-02
8.331094682216644287e-01,1.715294620563119210e-01
8.270713686943054199e-01,-2.125722490474180049e-01
8.083380162715911865e-01,2.680534055002814497e-02
8.147742003202438354e-01,-5.498287485171937661e-02
8.142193406820297241e-01,4.517378676668482029e-02
8.000176250934600830e-01,-8.428243221017472919e-02
8.150716125965118408e-01,2.377258263491643930e-02
8.112808465957641602e-01,-2.628610528065205010e-01
7.982320338487625122e-01,1.139287830768287435e-01
8.198608756065368652e-01,1.305980909061243977e-02
7.976628243923187256e-01,-5.466959972255258648e-02
7.798384726047515869e-01,1.362868526658846946e-01
8.052127957344055176e-01,-1.702381618227599702e-01
7.872907221317291260e-01,-1.639024391716232820e-01
7.849462479352951050e-01,2.017514302254515002e-01
8.308783173561096191e-01,2.988191578744991972e-02
8.097863197326660156e-01,6.657836146170836855e-02
8.253451436758041382e-01,3.343935804919948573e-01
8.608896434307098389e-01,1.244486855015658477e-03
7.881105840206146240e-01,-2.514348433733193389e-01
7.942204326391220093e-01,1.280907663517054651e-01
8.531138300895690918e-01,1.577483524292087047e-01
8.353365063667297363e-01,-6.303608673460470158e-02
8.210378736257553101e-01,3.621969822724224741e-02
8.368677794933319092e-01,-8.406577989430763509e-02
8.141594827175140381e-01,-2.163246222173942357e-02
8.269932270050048828e-01,1.220578326329433416e-01
8.347651958465576172e-01,-1.652330626431459670e-01
8.125911951065063477e-01,-4.756988273369788800e-03
8.197113424539566040e-01,1.281915087423164401e-01
8.055761903524398804e-01,-2.037674015587498388e-02
7.957483530044555664e-01,-4.487099783431069966e-02
7.961044609546661377e-01,3.906445361415133988e-02
8.098323643207550049e-01,-2.846758999510381472e-01
7.980975210666656494e-01,-3.066201392738321374e-02
8.034941256046295166e-01,1.303688926048081065e-01
8.120695948600769043e-01,-7.404153752151909629e-02
7.807747423648834229e-01,-6.215299916189120921e-02
7.978886663913726807e-01,6.470058322185057165e-02
8.005282282829284668e-01,-2.461159073039969059e-01
7.823664098978042603e-01,-1.472486733840039363e-02
8.176647275686264038e-01,1.647819689275680233e-01
8.237408250570297241e-01,2.862057611616108943e-02
8.129429221153259277e-01,1.999586650810156740e-01
8.642300665378570557e-01,1.144744398170507438e-01
8.192156702280044556e-01,3.235253865309495325e-02
7.878906428813934326e-01,-6.221160951181925469e-02
8.330362439155578613e-01,2.361457811967966336e-01
8.431342691183090210e-01,-1.433464974027103267e-01
8.204476088285446167e-01,9.316124483693055680e-02
8.364080935716629028e-01,4.201856505332157710e-02
8.131290227174758911e-01,-1.709197646142519567e-01
8.146623075008392334e-01,-2.200809277111659412e-02
8.415544033050537109e-01,1.164349841101617322e-01
8.262287974357604980e-01,-1.539379306698474004e-01
8.125898540019989014e-01,8.266531086200812339e-02
8.107103407382965088e-01,-9.016125628679461101e-02
8.070425987243652344e-01,-2.693473272830315679e-02
8.041675388813018799e-01,-2.749574425668521727e-02
8.196112513542175293e-01,-7.614851406269229628e-02
8.065416514873504639e-01,-1.067311325000774858e-01
8.043628931045532227e-01,1.670855616585944503e-01
8.171570301055908203e-01,-1.175307916749450676e-01
7.889042943716049194e-01,-3.002628824685693587e-02
7.852425873279571533e-01,1.822815588385866548e-01
8.046576678752899170e-01,-2.459928817452028404e-01
7.866494059562683105e-01,-1.143967296086803032e-01
7.969932109117507935e-01,2.199633325042822385e-01
8.304040133953094482e-01,8.022502306565515440e-02
8.088175058364868164e-01,1.226821358491068104e-01
8.378360122442245483e-01,2.171852393684092775e-01
8.456670343875885010e-01,-2.181428538397511829e-02
7.890494465827941895e-01,-2.203511345320792181e-01
8.174900710582733154e-01,1.570199362591799819e-01
8.548806905746459961e-01,5.340919631883478402e-02
8.341356813907623291e-01,-5.104530795625450423e-04
8.290276825428009033e-01,3.581560514371462389e-02
8.175477385520935059e-01,-2.051622529856245158e-01
8.184063136577606201e-01,6.811159323553761524e-02
8.334005773067474365e-01,1.453255797937216265e-01
8.310386240482330322e-01,-2.189506654997797064e-01
8.132640719413757324e-01,2.932577285043569404e-02
8.204885125160217285e-01,-8.055271671540964462e-03
8.153228461742401123e-01,2.168845102246885759e-02
8.015420138835906982e-01,-8.117233859372063876e-02
8.149537295103073120e-01,4.086545791320927989e-02
8.130080103874206543e-01,-2.753210888913222298e-01
7.961841225624084473e-01,6.313514384358809295e-02
8.213979601860046387e-01,7.270417292348696492e-02
8.088600635528564453e-01,-7.739918028367487324e-02
7.814078330993652344e-01,8.692495380180575992e-02
8.081565201282501221e-01,-1.302256436664865902e-01
7.948917001485824585e-01,-1.766053430642728905e-01
7.871500849723815918e-01,1.845379636840482895e-01
8.353787958621978760e-01,3.849595194520327723e-02
8.136491030454635620e-01,6.175321290918933670e-02
8.258591890335083008e-01,3.244571600173409287e-01
8.652503788471221924e-01,1.924366914177610965e-02
7.925690412521362305e-01,-2.292104727933641506e-01
7.953715920448303223e-01,1.198441215887071642e-01
8.548327684402465820e-01,1.651819424337843678e-01
8.385652601718902588e-01,-5.451361754526917736e-02
8.245563507080078125e-01,3.187354416390908440e-02
8.402943015098571777e-01,-6.082424822551013577e-02
8.168728500604629517e-01,-3.557498437803685576e-02
8.296157121658325195e-01,1.226967416232103147e-01
8.382555097341537476e-01,-1.583840781097349826e-01
8.154567778110504150e-01,-4.374429343969143957e-03
8.219680190086364746e-01,1.273144132820553942e-01
8.078913390636444092e-01,-1.936500941894303551e-02
7.977495938539505005e-01,-4.707010310444337264e-02
7.985645383596420288e-01,4.159424859026650267e-02
8.123738467693328857e-01,-2.829874350139816030e-01
8.002356886863708496e-01,-3.041390302113944344e-02
8.065918087959289551e-01,1.252677323724378233e-01
8.144259601831436157e-01,-7.541766359697943400e-02
7.832564115524291992e-01,-6.861680321670382554e-02
8.015639185905456543e-01,6.129182025033319547e-02
8.030328303575515747e-01,-2.405973589885941344e-01
7.862364351749420166e-01,-4.098417664117892656e-03
8.254361152648925781e-01,1.666264160419079765e-01
8.266556262969970703e-01,1.911596224512868147e-02
8.174957931041717529e-01,2.137888351288257383e-01
8.690932691097259521e-01,1.099234304092417958e-01
8.177447021007537842e-01,-2.434857444443050412e-03
7.903387844562530518e-01,-3.055378139620668065e-02
8.377653360366821289e-01,2.237720689820159592e-01
8.462339639663696289e-01,-1.494992733705262644e-01
8.234022408723831177e-01,9.851819336962508444e-02
8.397788703441619873e-01,3.038487872644690668e-02
8.141040503978729248e-01,-1.367564844793633938e-01
8.168773651123046875e-01,-6.315873778636849067e-03
8.450850397348403931e-01,7.933032577506438088e-02
8.262984454631805420e-01,-1.596324972885474480e-01
8.159642964601516724e-01,1.023688746345277067e-01
8.116619884967803955e-01,-8.999254087054886497e-02
8.068888187408447266e-01,-2.765247544802562629e-02
8.046556115150451660e-01,-7.589384928343712033e-04
8.192196488380432129e-01,-1.154515286538657648e-01
8.063563108444213867e-01,-8.866453894822390325e-02
8.047243654727935791e-01,1.805610735506113507e-01
8.200865387916564941e-01,-1.190567205617223401e-01
7.886177450418472290e-01,-3.198926683565117557e-02
7.902487963438034058e-01,1.799285311798253240e-01
8.033074885606765747e-01,-2.468956309369012558e-01
7.868912518024444580e-01,-1.116081502760151167e-01
8.048312067985534668e-01,2.264535393045896683e-01
8.332845270633697510e-01,6.662068075590532601e-02
8.118885457515716553e-01,1.512367987282887682e-01
8.463486731052398682e-01,1.719923527432816179e-01
8.378936350345611572e-01,-3.148630389665463269e-02
7.817591130733489990e-01,-2.422848876580796507e-01
8.287270963191986084e-01,2.170114681072816687e-01
8.554304540157318115e-01,-9.770326607605905878e-03
8.315553069114685059e-01,3.485387109505966308e-02
8.339179754257202148e-01,4.326043035913906820e-02
8.173776865005493164e-01,-2.208896756387637161e-01
8.162598758935928345e-01,2.258015225683340788e-02
8.376006931066513062e-01,1.807966384714072561e-01
8.307029902935028076e-01,-1.972715771530180184e-01
8.121496140956878662e-01,1.969981870223636022e-02
8.181450664997100830e-01,-7.281577601791822119e-02
8.181790858507156372e-01,3.970336260441786891e-02
8.047150671482086182e-01,-7.179243556310943575e-02
8.206873536109924316e-01,9.730816116121143722e-03
8.129906207323074341e-01,-2.429466415770722421e-01
7.998093068599700928e-01,1.259676860083160932e-01
8.230878412723541260e-01,-4.437908285264136055e-04
7.988618165254592896e-01,-4.753730062223837649e-02
7.822454869747161865e-01,1.442249036375704563e-01
8.075432330369949341e-01,-2.041834788671823553e-01
7.896995693445205688e-01,-1.582934474088881771e-01
7.930139303207397461e-01,2.257681914428144587e-01
8.334836363792419434e-01,5.099250246526398911e-02
8.111939430236816406e-01,6.422121422563620285e-02
8.331287801265716553e-01,3.046985437116624951e-01
8.603544533252716064e-01,-3.627100569012497999e-04
7.911141216754913330e-01,-2.666804627345604750e-01
8.050675988197326660e-01,1.414396948681595489e-01
8.585571050643920898e-01,1.388990391882241049e-01
8.408257365226745605e-01,4.468617861584700535e-03
8.250270336866378784e-01,5.377846024873100816e-02
8.365399241447448730e-01,-1.618261722067702024e-01
8.139785230159759521e-01,7.343296360054418770e-02
8.311785459518432617e-01,1.097515316832553545e-01
8.366939723491668701e-01,-1.921101212890921062e-01
8.159181177616119385e-01,6.518669334457438680e-03
8.259562849998474121e-01,1.136673771710805525e-01
8.079820871353149414e-01,-2.770640446009942082e-02
7.936247140169143677e-01,-2.195416375904235551e-02
8.026589304208755493e-01,9.642057950415949819e-03
8.129620552062988281e-01,-2.839841854697819912e-01
7.964803278446197510e-01,6.616790175869802226e-03
8.114560842514038086e-01,8.398769517890869452e-02
8.119226992130279541e-01,-9.966643191836954685e-02
7.824420928955078125e-01,5.925824708670646146e-03
8.085692673921585083e-01,-7.315994797691960372e-03
8.003055155277252197e-01,-2.161615244065719921e-01
7.853880077600479126e-01,7.813864441103790526e-02
8.318563848733901978e-01,1.082138058250867729e-01
8.219078928232192993e-01,1.990954263807998004e-02
8.200379461050033569e-01,2.814880961262131720e-01
8.679266870021820068e-01,6.587503726257537551e-02
8.029743134975433350e-01,-1.245812609895775580e-01
7.939028143882751465e-01,6.397141803776529301e-02
8.457980155944824219e-01,2.115369243677034383e-01
8.436254262924194336e-01,-1.420495795637339853e-01
8.173908740282058716e-01,5.662246662158354482e-02
8.411864042282104492e-01,1.405449975775674432e-02
8.185070753097534180e-01,-1.255916809519104227e-01
8.200128227472305298e-01,6.824903731492071302e-02
8.452319800853729248e-01,-3.639740181216710724e-02
8.189749419689178467e-01,-5.662508817078171219e-02
8.170450031757354736e-01,1.112967476819899382e-01
8.119456768035888672e-01,-6.497022828222087654e-02
8.031178563833236694e-01,-4.460041650636936694e-02
8.014647662639617920e-01,3.709791720858790498e-02
8.159436881542205811e-01,-2.267128854216817757e-01
8.036999851465225220e-01,-7.206807273593263119e-02
8.061259984970092773e-01,1.636045188306165521e-01
8.181701004505157471e-01,-6.225261803141712846e-02
7.841570079326629639e-01,-4.539362239229260965e-02
7.926241159439086914e-01,1.233034430090440559e-01
8.024654090404510498e-01,-2.655457064388344612e-01
7.843524515628814697e-01,-5.618204635631141031e-02
8.147421479225158691e-01,1.893267850548232545e-01
8.294952362775802612e-01,5.550755919835692609e-02
8.126293718814849854e-01,1.497500058259677580e-01
8.589580059051513672e-01,1.408475992564293122e-01
8.298276960849761963e-01,3.740501297178777662e-02
7.847500443458557129e-01,-1.322221406343131456e-01
8.344655036926269531e-01,2.291170332898051498e-01
8.485759347677230835e-01,-1.163040939037731647e-01
8.244538009166717529e-01,7.308317403611885865e-02
8.362395167350769043e-01,4.050293510982250211e-02
8.206250369548797607e-01,-1.586632730993269291e-01
8.170603811740875244e-01,-2.957276023559485267e-02
8.390336632728576660e-01,1.409150105215219995e-01
8.298653364181518555e-01,-1.860809326406127617e-01
8.144360631704330444e-01,6.316210834962543430e-02
8.148895800113677979e-01,-8.392122018138659101e-02
8.112498670816421509e-01,-6.862092279401377226e-03
8.058134317398071289e-01,-4.313553226520383532e-02
8.225317299365997314e-01,-4.282544044577774045e-02
8.112180829048156738e-01,-1.481278286329192895e-01
8.041540384292602539e-01,1.641052347274434275e-01
8.211582601070404053e-01,-9.660933104641866720e-02
7.917825728654861450e-01,-2.454856119753801025e-02
7.852505445480346680e-01,1.807737935426816378e-01
8.068373650312423706e-01,-2.287979533016999412e-01
7.885076850652694702e-01,-1.492251342258161806e-01
7.992931157350540161e-01,2.375430669193554500e-01
8.335892260074615479e-01,7.974977364675206459e-02
8.109909445047378540e-01,1.034897741702067719e-01
8.374163806438446045e-01,2.327280300566001436e-01
8.496711254119873047e-01,-1.225349545869880430e-02
7.912339270114898682e-01,-2.288372765396706754e-01
8.164497315883636475e-01,1.478546257557802335e-01
8.559015840291976929e-01,6.455901956515575080e-02
8.357133120298385620e-01,1.115656437283174540e-03
8.289081454277038574e-01,3.761361338654634068e-02
8.202048242092132568e-01,-1.948855928757668998e-01
8.191888928413391113e-01,6.835052871958824383e-02
8.340003192424774170e-01,1.369722005276599042e-01
8.318334519863128662e-01,-2.180653308848965466e-01
8.139244318008422852e-01,2.495190526700907796e-02
8.315427452325820923e-01,1.014266149513440851e-01
8.084547817707061768e-01,-5.206434158023665049e-02
7.938699573278427124e-01,4.723657147851945126e-03
8.119365125894546509e-01,-5.821037642154314184e-02
8.135489672422409058e-01,-2.453283190234976097e-01
7.948548197746276855e-01,2.794721247929166097e-02
8.194487094879150391e-01,8.703318633298229301e-02
8.104779720306396484e-01,-1.082033196282945475e-01
7.797530889511108398e-01,6.775393902351822817e-02
8.092825114727020264e-01,-9.262944485675550510e-02
7.962211370468139648e-01,-1.925110310628790344e-01
7.863859236240386963e-01,1.646111937226666377e-01
8.364893198013305664e-01,5.060900726829231644e-02
8.150650411844253540e-01,4.522621775064594729e-02
8.252952098846435547e-01,3.269959431621352053e-01
8.651816248893737793e-01,2.979652818499944900e-02
7.932966351509094238e-01,-2.205445674121921940e-01
7.947642952203750610e-01,1.097122084452846202e-01
8.549990206956863403e-01,1.697838847974413312e-01
8.386865854263305664e-01,-5.194805714795203144e-02
8.244670331478118896e-01,3.137657333736498799e-02
8.400523662567138672e-01,-4.869827240994473172e-02
8.166521936655044556e-01,-4.622352996698841920e-02
8.292691707611083984e-01,1.230382920330130858e-01
8.391453325748443604e-01,-1.473048494382469542e-01
8.160703778266906738e-01,-1.576861842625287835e-03
8.219254612922668457e-01,1.284218305647160108e-01
8.087390065193176270e-01,-2.556796932854998872e-02
7.990644127130508423e-01,-4.372032498988209781e-02
7.992123365402221680e-01,3.827349477039776460e-02
8.123387992382049561e-01,-2.768687391857405089e-01
8.005424886941909790e-01,-3.983425281080643643e-02
8.059976100921630859e-01,1.353423459405314055e-01
8.147282004356384277e-01,-7.210290188956358648e-02
7.835805118083953857e-01,-6.628980379640925236e-02
8.010617196559906006e-01,6.058175492469075607e-02
8.031593859195709229e-01,-2.424910537771545194e-01
7.858334779739379883e-01,-1.096069719703329781e-02
8.232945948839187622e-01,1.684457711853526440e-01
8.269132077693939209e-01,2.533015736558441588e-02
8.165082931518554688e-01,2.076615256389335862e-01
8.678008019924163818e-01,1.125715696062972171e-01
8.185879439115524292e-01,1.080078269595263762e-02
7.900552302598953247e-01,-4.207343033296639945e-02
8.367162346839904785e-01,2.269580002716993228e-01
8.458361923694610596e-01,-1.475128880924634345e-01
8.235155642032623291e-01,9.863915913976351035e-02
8.389096558094024658e-01,3.230272921833199362e-02
8.138608634471893311e-01,-1.471696524010335239e-01
8.166416883468627930e-01,-1.195744765283368594e-02
8.452746719121932983e-01,9.371289368960544763e-02
8.263546824455261230e-01,-1.611906337797579525e-01
8.156330436468124390e-01,9.339905679989657372e-02
8.115837126970291138e-01,-9.345953968496578668e-02
8.073717504739761353e-01,-2.272471196975400787e-02
8.046735823154449463e-01,-7.223678815218015359e-03
8.194715976715087891e-01,-1.097032202766059505e-01
8.070062100887298584e-01,-9.335430321001547682e-02
8.061361908912658691e-01,1.898537164436304714e-01
8.194262683391571045e-01,-1.219243208773574949e-01
7.894904017448425293e-01,-2.757794854939543683e-02
7.896135151386260986e-01,1.829755203620124782e-01
8.036651611328125000e-01,-2.496222293563841177e-01
7.875586748123168945e-01,-1.229364261213174991e-01
8.038094639778137207e-01,2.337856379044978006e-01
8.339346498250961304e-01,7.775065512972689774e-02
8.112686872482299805e-01,1.493571479532893598e-01
8.439126908779144287e-01,1.705445085719028420e-01
8.382790684700012207e-01,-2.982798677537612519e-02
7.819429337978363037e-01,-2.499102252611411501e-01
8.275167495012283325e-01,2.123087833530141744e-01
8.564757108688354492e-01,4.415812370595517677e-03
8.318491429090499878e-01,2.718284363454692709e-02
8.350240290164947510e-01,3.853564969020251141e-02
8.166425824165344238e-01,-2.134613287325839437e-01
8.169945329427719116e-01,4.756276710016216214e-02
8.366125673055648804e-01,1.598403486892499004e-01
8.305547535419464111e-01,-2.033423360816377645e-01
8.116445541381835938e-01,2.079375373187852816e-02
8.184142708778381348e-01,-6.095719822055389869e-02
8.182315230369567871e-01,4.076920960693808382e-02
8.042009323835372925e-01,-7.662376348159538608e-02
8.198914974927902222e-01,2.000504193029462030e-02
8.141293078660964966e-01,-2.539798058840805339e-01
8.004443645477294922e-01,1.188131037398183487e-01
8.227910101413726807e-01,4.530411521252997176e-03
7.993919551372528076e-01,-5.053878720048787798e-02
7.817237973213195801e-01,1.374961358602408978e-01
8.079655468463897705e-01,-1.896630923662296908e-01
7.896621525287628174e-01,-1.671100918689476522e-01
7.916857898235321045e-01,2.210595145760940738e-01
8.347049802541732788e-01,4.966225350076935996e-02
8.117923438549041748e-01,6.533350009966465421e-02
8.319640755653381348e-01,3.068381023642969829e-01
8.617585003376007080e-01,2.991562141999803970e-03
7.915524840354919434e-01,-2.625906587320931962e-01
8.036460727453231812e-01,1.386582311690323088e-01
8.590721786022186279e-01,1.397019822568830172e-01
8.417871296405792236e-01,8.273609269035642200e-03
8.241181671619415283e-01,4.486556748240033698e-02
8.364778757095336914e-01,-1.442391349046454607e-01
8.138132989406585693e-01,6.654727737836019230e-02
8.316945135593414307e-01,1.155226849892412311e-01
8.363232910633087158e-01,-2.037187156450714909e-01
8.156734108924865723e-01,2.137311610464820433e-03
8.263823986053466797e-01,1.236311366587998783e-01
8.078800290822982788e-01,-2.240057613676693649e-02
7.940903007984161377e-01,-2.066230176494787685e-02
8.014572560787200928e-01,1.579520842525994340e-02
8.126101046800613403e-01,-2.884531778383951917e-01
7.971171736717224121e-01,2.214834565321233129e-03
8.097958415746688843e-01,8.851885571421824750e-02
8.128679990768432617e-01,-9.556801425425165419e-02
7.822376191616058350e-01,-1.012030342554526285e-02
8.079140484333038330e-01,2.454144556399917576e-03
8.016172498464584351e-01,-2.144116403168760954e-01
7.850724905729293823e-01,5.597007537829812307e-02
8.308825194835662842e-01,1.177315274421095737e-01
8.230610191822052002e-01,2.123679554634838595e-02
8.191188871860504150e-01,2.707352503298818824e-01
8.681654036045074463e-01,6.963658585474430396e-02
8.048126995563507080e-01,-1.105797539763240245e-01
7.934178262948989868e-01,5.451886064366506801e-02
8.454220145940780640e-01,2.186450677646929464e-01
8.435034751892089844e-01,-1.482810020074909474e-01
8.165507167577743530e-01,6.961860951738607639e-02
8.419994711875915527e-01,1.871074564051644629e-02
8.191723525524139404e-01,-1.389432310175626739e-01
8.194530904293060303e-01,6.301979567887405764e-02
8.453259468078613281e-01,-1.938635631955554217e-02
8.200439810752868652e-01,-7.022137857942256645e-02
8.158228099346160889e-01,1.081370318842869160e-01
8.119569867849349976e-01,-6.677816096130229084e-02
8.032636791467666626e-01,-4.640198256596983484e-02
8.021734058856964111e-01,3.101292701289315445e-02
8.168179988861083984e-01,-2.062406459735925957e-01
8.044124245643615723e-01,-7.263170581351241495e-02
8.059894293546676636e-01,1.648085589265768647e-01
8.181746602058410645e-01,-7.149975832049859648e-02
7.851350307464599609e-01,-3.952565901949345317e-02
7.931821495294570923e-01,1.359509198615063141e-01
8.026804774999618530e-01,-2.761916304785878573e-01
7.847686856985092163e-01,-6.131092010877603471e-02
8.139192909002304077e-01,1.971457427915117577e-01
8.297162950038909912e-01,6.194421149361817314e-02
8.120978474617004395e-01,1.436504098561695031e-01
8.573629856109619141e-01,1.437496542186673665e-01
8.308359384536743164e-01,2.609265367518753820e-02
7.833716124296188354e-01,-1.459420183622910372e-01
8.338915109634399414e-01,2.272650960348991944e-01
8.496569544076919556e-01,-1.034815350155842140e-01
8.246943056583404541e-01,7.367789119704726275e-02
8.350934982299804688e-01,3.753159634735059313e-02
8.213321566581726074e-01,-1.708203329982405094e-01
8.184028267860412598e-01,-1.196737208908338346e-02
8.385324478149414062e-01,1.382114442842792279e-01
8.299540281295776367e-01,-1.892940156898474946e-01
8.143724501132965088e-01,5.744113898543057317e-02
8.156339824199676514e-01,-8.484625254126898497e-02
8.119823336601257324e-01,-3.076762490936246763e-03
8.062124103307723999e-01,-4.505956212305584074e-02
8.228185474872589111e-01,-3.631444850540033187e-02
8.118122816085815430e-01,-1.566686486666415412e-01
8.038440644741058350e-01,1.604272012025842464e-01
8.216695785522460938e-01,-9.003991600962768516e-02
7.924902290105819702e-01,-2.821798106074702162e-02
7.855690121650695801e-01,1.845330950926804547e-01
8.070003092288970947e-01,-2.250234842170550920e-01
7.882570326328277588e-01,-1.526726586747617631e-01
7.978938519954681396e-01,2.336848955138872697e-01
8.337108641862869263e-01,7.909476085426847547e-02
8.110865205526351929e-01,1.017273440950625663e-01
8.370171785354614258e-01,2.426520917993202353e-01
8.504676520824432373e-01,-1.722582527333704761e-02
7.913155555725097656e-01,-2.346642313928719581e-01
8.155308961868286133e-01,1.486504531909016436e-01
8.560334146022796631e-01,7.524445409639435312e-02
8.359626233577728271e-01,7.119378607840509687e-04
8.281875252723693848e-01,3.972508401205887552e-02
8.233705461025238037e-01,-1.892339073118067816e-01
8.193930983543395996e-01,7.438982905783131372e-02
8.329595327377319336e-01,1.249445328070213357e-01
8.321116864681243896e-01,-2.131478663499031256e-01
8.143759369850158691e-01,2.111021217078556944e-02
8.305503726005554199e-01,1.080595089294305033e-01
8.085674345493316650e-01,-4.754797407254462982e-02
7.936611473560333252e-01,-5.518361061889187624e-04
8.112170547246932983e-01,-5.169151983357167524e-02
8.132512867450714111e-01,-2.490286357165407694e-01
7.941327244043350220e-01,2.107238696092794683e-02
8.189881294965744019e-01,8.715115604689449569e-02
8.108124434947967529e-01,-1.133677715484466830e-01
7.790244668722152710e-01,6.016867367248401877e-02
8.091832697391510010e-01,-7.908689620667441744e-02
7.968996018171310425e-01,-1.916080946176661470e-01
7.858155071735382080e-01,1.521135196815213142e-01
8.351530432701110840e-01,5.032850150410128620e-02
8.154758214950561523e-01,4.124333550475656196e-02
8.242373019456863403e-01,3.258956415130120909e-01
8.647659718990325928e-01,3.616651822922456461e-02
7.941847145557403564e-01,-2.057751337374251754e-01
7.950257211923599243e-01,1.082954483572544646e-01
8.541994094848632812e-01,1.724732197676086543e-01
8.391994237899780273e-01,-6.399913155785874608e-02
8.234591037034988403e-01,2.895950497676569313e-02
8.401368558406829834e-01,-3.799448703431984598e-02
8.165297955274581909e-01,-5.206022200292537150e-02
8.285329937934875488e-01,1.160308910266341087e-01
8.395134210586547852e-01,-1.386084217342693492e-01
8.164626955986022949e-01,4.437159271208468425e-03
8.204791247844696045e-01,1.248655118240513673e-01
8.089196532964706421e-01,-3.753234536140714894e-02
8.000145852565765381e-01,-4.262732622781095770e-02
8.001336753368377686e-01,4.121075339329483000e-02
8.124071955680847168e-01,-2.702738576710257412e-01
8.007394075393676758e-01,-5.008806799193799009e-02
8.058491051197052002e-01,1.447739309410467357e-01
8.156577199697494507e-01,-7.018149358090974843e-02
7.836629003286361694e-01,-6.217472056953221582e-02
7.994031757116317749e-01,6.194346247956161733e-02
8.037045896053314209e-01,-2.453258847278139143e-01
7.861121594905853271e-01,-2.082315253359956486e-02
8.214700222015380859e-01,1.703505139312477823e-01
8.274426758289337158e-01,3.136833418274243002e-02
8.161910772323608398e-01,1.984082059838851997e-01
8.669390082359313965e-01,1.140164177214493257e-01
8.203763961791992188e-01,2.749855305939741257e-02
7.901551872491836548e-01,-5.699004526985262942e-02
8.356940448284149170e-01,2.324314204901924974e-01
8.457361459732055664e-01,-1.455484114755556391e-01
8.226958811283111572e-01,9.641421288467855177e-02
8.382119238376617432e-01,3.771135972093064836e-02
8.143988251686096191e-01,-1.553091881539403474e-01
8.166061490774154663e-01,-2.245132183910047985e-02
8.454596996307373047e-01,1.102477534957428951e-01
8.271469622850418091e-01,-1.619570624131583259e-01
8.157005906105041504e-01,9.139057560716423723e-02
8.119535446166992188e-01,-9.273093626142259183e-02
8.080326020717620850e-01,-2.618796571388815053e-02
8.049257993698120117e-01,-1.486081338967037979e-02
8.197527825832366943e-01,-9.805230662642960837e-02
8.075995147228240967e-01,-9.471469999028769848e-02
8.064188957214355469e-01,1.818104289969948439e-01
8.190476298332214355e-01,-1.201193842545023038e-01
7.903094589710235596e-01,-2.451672810013327819e-02
7.900193333625793457e-01,1.838646000471784170e-01
8.045769333839416504e-01,-2.553270949183623628e-01
7.879254221916198730e-01,-1.214299716000111218e-01
8.028123527765274048e-01,2.347054271659838598e-01
8.342624604701995850e-01,8.128824851897720194e-02
8.103207945823669434e-01,1.455596466864044203e-01
8.429888486862182617e-01,1.783949248989680214e-01
8.396747112274169922e-01,-3.031596943324110782e-02
7.824334204196929932e-01,-2.549430379608486064e-01
8.265934437513351440e-01,2.069173801737167473e-01
8.573793470859527588e-01,1.699250739471080962e-02
8.315494954586029053e-01,1.973165179964109228e-02
8.350753486156463623e-01,3.239111287700913167e-02
8.169069141149520874e-01,-2.093616002938669673e-01
8.186269700527191162e-01,6.080608463463788027e-02
8.362876176834106445e-01,1.504919042490149295e-01
8.305602073669433594e-01,-2.102703415980187174e-01
8.115568906068801880e-01,3.135297939458236982e-02
8.186346143484115601e-01,-5.812835938234739430e-02
8.180381357669830322e-01,4.209047040275359919e-02
8.041364252567291260e-01,-8.058979291121159960e-02
8.192938566207885742e-01,2.389579544722453264e-02
8.146371841430664062e-01,-2.570771662615727315e-01
8.012710213661193848e-01,1.155474024531084609e-01
8.231827914714813232e-01,6.220936246964736682e-03
8.005120009183883667e-01,-5.087677979352145385e-02
7.819470465183258057e-01,1.339944951457070488e-01
8.082626909017562866e-01,-1.810651600106929493e-01
7.896382808685302734e-01,-1.687678472296840759e-01
7.912651300430297852e-01,2.138644855485405394e-01
8.352045416831970215e-01,4.990343602698965597e-02
8.128549903631210327e-01,6.361788340305718492e-02
8.311009407043457031e-01,3.105562081411838982e-01
8.623933792114257812e-01,2.999426789593861997e-03
7.913730442523956299e-01,-2.594504172998615132e-01
8.030239343643188477e-01,1.385084283577153741e-01
8.588900566101074219e-01,1.380586454167360699e-01
8.415027260780334473e-01,1.824972748868614048e-03
8.238595128059387207e-01,4.112985987518369413e-02
8.365759551525115967e-01,-1.356492544502168052e-01
8.139722645282745361e-01,6.318794933457727581e-02
8.314684927463531494e-01,1.149553068413782242e-01
8.362852036952972412e-01,-2.054815202272437524e-01
8.157343864440917969e-01,-1.820104157501667430e-04
8.262006342411041260e-01,1.308718555438050934e-01
8.077131509780883789e-01,-1.957566962235768315e-02
7.942717969417572021e-01,-2.364468848475453910e-02
8.006965816020965576e-01,1.461251522991258156e-02
8.125224411487579346e-01,-2.877610888501109798e-01
7.971419394016265869e-01,1.024276722379813265e-03
8.089247941970825195e-01,8.789043292074349978e-02
8.131401538848876953e-01,-8.797338622751027515e-02
7.820282280445098877e-01,-2.409166262302120387e-02
8.067186325788497925e-01,4.350273640644441997e-03
8.022351861000061035e-01,-2.090457036155024539e-01
7.850758880376815796e-01,4.283012178363110323e-02
8.300107121467590332e-01,1.200815590446446812e-01
8.233858793973922729e-01,2.782474868104012344e-02
8.189949244260787964e-01,2.685705997063521089e-01
8.679664731025695801e-01,6.656562822274647573e-02
8.052866905927658081e-01,-1.036596131075371297e-01
7.933425903320312500e-01,5.103332373134783495e-02
8.450735509395599365e-01,2.228863598601042995e-01
8.437807261943817139e-01,-1.549255057034546468e-01
8.163191974163055420e-01,7.055375356703219580e-02
8.421343863010406494e-01,2.537959229331887556e-02
8.189565241336822510e-01,-1.451128598016513394e-01
8.187669366598129272e-01,5.652472028719923713e-02
8.455710113048553467e-01,-3.219449668715679280e-03
8.212345242500305176e-01,-8.214661862782302038e-02
8.151469826698303223e-01,1.092466962091172000e-01
8.115150034427642822e-01,-7.043353681095032570e-02
8.035059720277786255e-01,-4.370702999037767711e-02
8.029019832611083984e-01,2.880146301082664451e-02
8.170143365859985352e-01,-1.972725134205886022e-01
8.045784533023834229e-01,-7.839424545784767773e-02
8.059964030981063843e-01,1.700419201399347990e-01
8.181164115667343140e-01,-7.660148031341185160e-02
7.855022251605987549e-01,-3.738947093011368850e-02
7.927245646715164185e-01,1.458776031534245732e-01
8.026671558618545532e-01,-2.809617264979480389e-01
7.851334214210510254e-01,-6.542525432159607135e-02
8.126029968261718750e-01,1.989598548365600905e-01
8.297779858112335205e-01,6.372049832880932740e-02
8.118741512298583984e-01,1.421688600522448276e-01
8.561888933181762695e-01,1.474333053489513823e-01
8.314288854598999023e-01,2.010540981387709536e-02
7.829388380050659180e-01,-1.566197754994496094e-01
8.324574232101440430e-01,2.253955569496635114e-01
8.508445918560028076e-01,-9.568130263031049410e-02
8.253083527088165283e-01,7.536467085247622322e-02
8.340925872325897217e-01,3.636126188393662417e-02
8.213204443454742432e-01,-1.831535984539653938e-01
8.182912468910217285e-01,-2.037692740938901181e-03
8.380018174648284912e-01,1.428029004511439659e-01
8.300133049488067627e-01,-1.893516897722045123e-01
8.138143718242645264e-01,4.658792530551725264e-02
8.166983723640441895e-01,-8.185787370900987625e-02
8.136561214923858643e-01,3.044742140017042686e-04
8.066081255674362183e-01,-5.142412181537103777e-02
8.233644217252731323e-01,-2.789272170667489448e-02
8.122724145650863647e-01,-1.617171906615371135e-01
8.032125830650329590e-01,1.564739050119294816e-01
8.218490183353424072e-01,-8.513986605144996389e-02
7.934785783290863037e-01,-3.188683916341350510e-02
7.863031327724456787e-01,1.915041689173149209e-01
8.070383518934249878e-01,-2.260694823470754677e-01
7.880035191774368286e-01,-1.549069676055543354e-01
7.966744303703308105e-01,2.312569664494676935e-01
8.332453668117523193e-01,7.230045434698784135e-02
8.110087811946868896e-01,1.024808522359870189e-01
8.364902138710021973e-01,2.478011889313123106e-01
8.516943156719207764e-01,-1.515536316742238654e-02
7.910020947456359863e-01,-2.392903294598536235e-01
8.137917518615722656e-01,1.465389825653891087e-01
8.564983308315277100e-01,8.965885510834015193e-02
8.360321819782257080e-01,1.670301346184288604e-03
8.272521495819091797e-01,4.282675122037638005e-02
8.276913613080978394e-01,-1.892567522405323999e-01
8.194404840469360352e-01,8.210617186876767448e-02
8.318996131420135498e-01,1.160297675055490529e-01
8.323292136192321777e-01,-2.087455362323260566e-01
8.150038421154022217e-01,1.885268380423887891e-02
8.297559916973114014e-01,1.102571161714500647e-01
8.085706532001495361e-01,-4.425231222357162153e-02
7.937281131744384766e-01,-5.493269090993013748e-03
8.104102909564971924e-01,-4.441391200627986535e-02
8.128162771463394165e-01,-2.514865253432239101e-01
7.939256131649017334e-01,1.712208682649984937e-02
8.186905831098556519e-01,8.584412651815398476e-02
8.112068176269531250e-01,-1.161018601084955471e-01
7.787857949733734131e-01,5.513117963492319973e-02
8.091285526752471924e-01,-6.693170884290244871e-02
7.973655462265014648e-01,-1.919573224215489482e-01
7.851789295673370361e-01,1.390387303097773142e-01
8.343676924705505371e-01,5.406570713943148476e-02
8.157099336385726929e-01,4.077183115613625120e-02
8.237147629261016846e-01,3.210233050749278227e-01
8.654143512248992920e-01,4.405026568180803181e-02
7.958218455314636230e-01,-1.917612679922378049e-01
7.953955084085464478e-01,1.072123740314330220e-01
8.530422598123550415e-01,1.718534106357849645e-01
8.396651893854141235e-01,-7.893522086021587114e-02
8.226697742938995361e-01,2.731092503822285522e-02
8.407937288284301758e-01,-2.998247092454642271e-02
8.172254264354705811e-01,-5.721306420520066993e-02
8.275237679481506348e-01,1.089800472049731184e-01
8.400495052337646484e-01,-1.294992872851135068e-01
8.164205849170684814e-01,3.742823240754145075e-03
8.196973502635955811e-01,1.260122523446827181e-01
8.093873411417007446e-01,-4.477418776749697571e-02
8.011629283428192139e-01,-3.951873063946997888e-02
8.009823262691497803e-01,3.792070914974621232e-02
8.130186945199966431e-01,-2.643171361325209467e-01
8.012476861476898193e-01,-5.740630983179961788e-02
8.062863498926162720e-01,1.525715417771227322e-01
8.161171376705169678e-01,-6.789606444075513281e-02
7.835589200258255005e-01,-5.932153877448653745e-02
7.983232289552688599e-01,5.945598679764385608e-02
8.038534969091415405e-01,-2.455241861992947250e-01
7.861103266477584839e-01,-2.317037533342203304e-02
8.203535526990890503e-01,1.707504874374636827e-01
8.274111598730087280e-01,3.483552025067337965e-02
8.162151277065277100e-01,1.942702778282825449e-01
8.664123117923736572e-01,1.153653920373582942e-01
8.211420327425003052e-01,3.491678827581301547e-02
7.896368056535720825e-01,-6.615142344945512676e-02
8.354221582412719727e-01,2.352331075688480766e-01
8.457791507244110107e-01,-1.417117742242139933e-01
8.224580585956573486e-01,9.229987867185807104e-02
8.379851877689361572e-01,3.801208886464957359e-02
8.144892156124114990e-01,-1.629128043493608402e-01
8.168486207723617554e-01,-2.281740245925645283e-02
8.451570123434066772e-01,1.173158246407051131e-01
8.275209069252014160e-01,-1.604783214119458457e-01
8.150985240936279297e-01,8.794773249607246157e-02
8.123290538787841797e-01,-9.353125778088378084e-02
8.082845062017440796e-01,-2.849773781088149605e-02
8.051351457834243774e-01,-2.034996290335211455e-02
8.202948570251464844e-01,-8.874543246633503912e-02
8.077287971973419189e-01,-9.623875634192335937e-02
8.063327074050903320e-01,1.781050564590698215e-01
8.189776241779327393e-01,-1.215024387099861158e-01
7.904153615236282349e-01,-2.153471588735511588e-02
7.902514785528182983e-01,1.850450462003561114e-01
8.050051927566528320e-01,-2.569535789422361383e-01
7.882570326328277588e-01,-1.197282116634506011e-01
8.018586933612823486e-01,2.300892535352518919e-01
8.341103792190551758e-01,8.638791072323437348e-02
8.098942339420318604e-01,1.443893122229904513e-01
8.424792289733886719e-01,1.796116982338902268e-01
8.410798311233520508e-01,-2.933345024451572414e-02
7.833651304244995117e-01,-2.506878891053903047e-01
8.261612951755523682e-01,2.016139861460684024e-01
8.575282990932464600e-01,2.417779923952867449e-02
8.318414092063903809e-01,1.578584574955277375e-02
8.352413773536682129e-01,2.972125227231270372e-02
8.172826915979385376e-01,-2.076079711338878475e-01
8.196040093898773193e-01,6.758765790295662157e-02
8.364025950431823730e-01,1.450428269873609288e-01
8.308409899473190308e-01,-2.111365763544590379e-01
8.115882277488708496e-01,3.465051377869698968e-02
8.188707828521728516e-01,-5.709266019560477190e-02
8.181670606136322021e-01,4.116431452178659356e-02
8.045048713684082031e-01,-8.035104468067544303e-02
8.191641718149185181e-01,2.605595198641497134e-02
8.147704899311065674e-01,-2.592013701260471592e-01
8.017110377550125122e-01,1.150822647239695407e-01
8.233632594347000122e-01,7.501375776696850295e-03
8.008308708667755127e-01,-5.073446712277052129e-02
7.821495532989501953e-01,1.337536871265148086e-01
8.083483874797821045e-01,-1.783617810269642057e-01
7.899498641490936279e-01,-1.726346322968028701e-01
7.909998595714569092e-01,2.126731786915425637e-01
8.357223868370056152e-01,4.917202380073470991e-02
8.131746202707290649e-01,6.563872332772291429e-02
8.306202441453933716e-01,3.100828312574224199e-01
8.625131845474243164e-01,3.044742140017042686e-04
7.911358475685119629e-01,-2.598932718608173431e-01
8.026291131973266602e-01,1.387582245455862839e-01
8.586196005344390869e-01,1.404966861709193715e-01
8.411915898323059082e-01,-4.060966961288769994e-03
8.236978650093078613e-01,3.855624757675846226e-02
8.368942439556121826e-01,-1.308325323058343592e-01
8.142996728420257568e-01,5.990015213319832554e-02
8.309754133224487305e-01,1.141302678580502494e-01
8.362582921981811523e-01,-2.050676899609809034e-01
8.158867806196212769e-01,-3.578414655334150041e-04
8.261798918247222900e-01,1.330481158852121482e-01
8.076709508895874023e-01,-1.971124116659916936e-02
7.945245504379272461e-01,-2.509983554318440113e-02
8.008388280868530273e-01,1.740221808366282374e-02
8.127035349607467651e-01,-2.892718502022422200e-01
7.971923649311065674e-01,3.677659017831125254e-04
8.089133501052856445e-01,8.813536051724701892e-02
8.131559789180755615e-01,-8.529135414439448226e-02
7.818157076835632324e-01,-2.816180500650311558e-02
8.060144186019897461e-01,4.880950099734882031e-03
8.025752902030944824e-01,-2.071840291778608290e-01
7.851196974515914917e-01,3.989473569587564938e-02
8.295663595199584961e-01,1.208110987357580157e-01
8.236423879861831665e-01,2.736822461355137293e-02
8.191407471895217896e-01,2.684264145004595647e-01
8.679476082324981689e-01,6.937817600522233619e-02
8.054065853357315063e-01,-1.016741640970453275e-01
7.932289540767669678e-01,4.576288632218883379e-02
8.450816869735717773e-01,2.292331304685757409e-01
8.437981605529785156e-01,-1.586108421153658021e-01
8.161870539188385010e-01,7.211881843826617455e-02
8.421361297369003296e-01,2.542303510860088878e-02
8.188825845718383789e-01,-1.450257869175737291e-01
8.188092708587646484e-01,5.326014252157440509e-02
8.459382057189941406e-01,3.732337043961919676e-03
8.216697573661804199e-01,-8.697363971548366379e-02
8.150141239166259766e-01,1.119090666732480699e-01
8.117444664239883423e-01,-7.121606924656731508e-02
8.039959669113159180e-01,-4.387649442067997896e-02
8.034729361534118652e-01,2.824794162301014211e-02
8.170384764671325684e-01,-1.930529427328182557e-01
8.044847995042800903e-01,-7.919999732921878532e-02
8.057852685451507568e-01,1.708942981363281710e-01
8.182003200054168701e-01,-8.071955959651511137e-02
7.855879664421081543e-01,-3.744957930815440150e-02
7.927081584930419922e-01,1.487481995252859512e-01
8.024991154670715332e-01,-2.789669148117486230e-01
7.852195650339126587e-01,-6.755657381960800123e-02
8.121211379766464233e-01,1.982246975400219213e-01
8.300209045410156250e-01,6.262918484836532684e-02
8.120703995227813721e-01,1.427980318597761311e-01
8.555925488471984863e-01,1.517461282867662575e-01
8.314100205898284912e-01,1.399382961917350343e-02
7.826046347618103027e-01,-1.638728531163882174e-01
8.321778476238250732e-01,2.243892565646419257e-01
8.513137996196746826e-01,-8.880666436546080789e-02
8.254868537187576294e-01,7.496806790951460187e-02
8.338542729616165161e-01,3.284913497261054971e-02
8.217275142669677734e-01,-1.842134533440327182e-01
8.186680972576141357e-01,-4.701935740212270787e-04
8.380365073680877686e-01,1.457469002005504777e-01
8.301038742065429688e-01,-1.905660288114425782e-01
8.139958679676055908e-01,4.599096110241918112e-02
8.168189376592636108e-01,-8.121035105709228930e-02
8.140666335821151733e-01,1.264710234543553469e-03
8.069870769977569580e-01,-5.093333035479385984e-02
8.235018402338027954e-01,-2.639375732593451929e-02
8.123785853385925293e-01,-1.636524557302383442e-01
8.030086457729339600e-01,1.543631834004735026e-01
8.219980597496032715e-01,-8.076169163719804089e-02
7.936206459999084473e-01,-3.358785008591747001e-02
7.861463576555252075e-01,1.924130974749806988e-01
8.069805502891540527e-01,-2.261009409374521439e-01
7.879687845706939697e-01,-1.578906650999596373e-01
7.964960187673568726e-01,2.317228531926636137e-01
8.335261046886444092e-01,7.293449474588697967e-02
8.111428469419479370e-01,1.002577785160432278e-01
8.360567688941955566e-01,2.505197354496870865e-01
8.516851961612701416e-01,-1.524711738935424776e-02
7.910774201154708862e-01,-2.402243499884151312e-01
8.137142807245254517e-01,1.446095223556267406e-01
8.564630597829818726e-01,9.314663906282749650e-02
8.361084014177322388e-01,1.183442209403917644e-03
8.272373974323272705e-01,4.336941190437215710e-02
8.281033039093017578e-01,-1.892848402676543529e-01
8.195830434560775757e-01,8.199868835164769720e-02
8.319671154022216797e-01,1.144422322126175118e-01
8.325151801109313965e-01,-2.067827448970458448e-01
8.153319656848907471e-01,1.796772369638421907e-02
8.298643976449966431e-01,1.108922800914342588e-01
8.088802695274353027e-01,-4.412067300312694229e-02
7.940841317176818848e-01,-5.669100140776262009e-03
8.106275498867034912e-01,-4.447739094757530154e-02
8.132041692733764648e-01,-2.507869462143736961e-01
7.941341996192932129e-01,1.648879544165726685e-02
8.189989030361175537e-01,8.765074842263631538e-02
8.112463355064392090e-01,-1.154777441458461062e-01
7.785635292530059814e-01,5.450013529225028464e-02
8.092526495456695557e-01,-6.576886452005448191e-02
7.972989827394485474e-01,-1.936787439770948360e-01
7.851892113685607910e-01,1.391289865035956197e-01
8.345607221126556396e-01,5.607755889541810035e-02
8.158409148454666138e-01,3.764956606126235172e-02
8.234948664903640747e-01,3.207693893097456339e-01
8.653004467487335205e-01,4.505506803871650590e-02
7.956992685794830322e-01,-1.936205081341952905e-01
7.954505383968353271e-01,1.069303702391288802e-01
8.533328771591186523e-01,1.728694482035422197e-01
8.395878970623016357e-01,-7.594384597173053919e-02
8.228688389062881470e-01,2.823633190513330504e-02
8.407403081655502319e-01,-3.089701708763659127e-02
8.174792975187301636e-01,-5.721662202196942104e-02
8.279179632663726807e-01,1.115671417564167989e-01
8.399969339370727539e-01,-1.318124299453611314e-01
8.167099058628082275e-01,6.977814951143912481e-03
8.197413384914398193e-01,1.214983191326748369e-01
8.099315166473388672e-01,-4.238314764536443846e-02
8.015789389610290527e-01,-3.962415436793431667e-02
8.012862652540206909e-01,3.905733798061383766e-02
8.132601380348205566e-01,-2.647908875233109249e-01
8.014860451221466064e-01,-5.461847951319098726e-02
8.062247931957244873e-01,1.488676672673108214e-01
8.159099817276000977e-01,-6.860481899179848853e-02
7.834796607494354248e-01,-6.104239856949034149e-02
7.989306151866912842e-01,6.055441591162535886e-02
8.039392381906509399e-01,-2.432865067052478736e-01
7.859897613525390625e-01,-2.326456385103758961e-02
8.208766281604766846e-01,1.709969130620803135e-01
8.273932784795761108e-01,3.320566566354488103e-02
8.160107880830764771e-01,1.947009609108190098e-01
8.665170967578887939e-01,1.156814759692372796e-01
8.207829743623733521e-01,3.084889293450077119e-02
7.899706959724426270e-01,-6.157550932426447687e-02
8.356019556522369385e-01,2.360248154266582077e-01
8.456959128379821777e-01,-1.460289039928546195e-01
8.226008415222167969e-01,9.548992953885271362e-02
8.381246626377105713e-01,3.559164994079599964e-02
8.146935105323791504e-01,-1.558531596125347640e-01
8.170840740203857422e-01,-2.387688284229572133e-02
8.453956842422485352e-01,1.132894995795337145e-01
8.274808526039123535e-01,-1.610677954744783591e-01
8.156342059373855591e-01,9.118684378377306388e-02
8.124270886182785034e-01,-9.177388355062143788e-02
8.086906820535659790e-01,-2.749892756642546843e-02
8.050989806652069092e-01,-1.717114724720625318e-02
8.200277984142303467e-01,-9.273917541604514980e-02
8.075556159019470215e-01,-9.571500826285639363e-02
8.061019033193588257e-01,1.802884324340143785e-01
8.189468681812286377e-01,-1.217220870820794332e-01
7.905091941356658936e-01,-2.572376425231936992e-02
7.898660004138946533e-01,1.872924628771386324e-01
8.046559691429138184e-01,-2.530409167641511914e-01
7.881423681974411011e-01,-1.252684813864943791e-01
8.024950474500656128e-01,2.321741341617555854e-01
8.343446254730224609e-01,8.466068430875006712e-02
8.100043833255767822e-01,1.433414415578284640e-01
8.426258563995361328e-01,1.821969202501927398e-01
8.400269746780395508e-01,-3.274577103280185142e-02
7.824294418096542358e-01,-2.592717774473660697e-01
8.266008645296096802e-01,2.071712959388989361e-01
8.575495779514312744e-01,1.990841911699536837e-02
8.317744433879852295e-01,1.946050871115767578e-02
8.351935446262359619e-01,2.774422966995704343e-02
8.173127770423889160e-01,-2.095995995103470122e-01
8.194668591022491455e-01,6.658809864444403814e-02
8.365367501974105835e-01,1.452986152876847292e-01
8.311079144477844238e-01,-2.080423992867070915e-01
8.125209212303161621e-01,3.188477937475786561e-02
