5.683627724647521973e-01,3.607139344403842429e-01
5.647051334381103516e-01,3.962220693138704952e-01
5.612405538558959961e-01,3.220022664468844553e-01
5.538386702537536621e-01,2.908425326789005894e-01
5.481760501861572266e-01,2.900010153863274986e-01
5.433351993560791016e-01,3.301129651586127700e-01
5.503972172737121582e-01,3.151750033211140334e-01
5.540564060211181641e-01,3.747414696921040900e-01
5.774710774421691895e-01,3.186594167123462107e-01
5.905426144599914551e-01,3.664985699993881241e-01
5.910941362380981445e-01,3.196248958312839505e-01
5.990928411483764648e-01,2.393440712184138341e-01
5.701708197593688965e-01,3.151652661383783638e-01
5.542040467262268066e-01,6.285276554425571760e-01
5.602813959121704102e-01,6.874181366274791927e-01
5.873026847839355469e-01,7.758208951629268491e-01
5.737536549568176270e-01,3.964516421222139542e-01
5.728320479393005371e-01,-1.683841647791983753e-01
5.918151736259460449e-01,-2.800101041390572476e-01
6.177350282669067383e-01,-3.306481357020425449e-01
5.662319064140319824e-01,-3.938027539111019770e-01
5.364001393318176270e-01,-6.997830479270952253e-01
5.617337226867675781e-01,-6.095774125574480173e-01
5.771358609199523926e-01,-4.097267927540944044e-01
5.834069252014160156e-01,-4.966648543018905571e-01
5.755639076232910156e-01,-5.217895945624562160e-01
6.182510554790496826e-01,1.598560779844380164e-01
5.848352015018463135e-01,2.029601891099680699e+00
5.000000000000000000e-01,3.141592653589793116e+00
5.336859673261642456e-01,2.537368257241242375e+00
5.883266329765319824e-01,2.903796794426340533e+00
7.465284317731857300e-01,5.553392449314880075e-01
7.086993753910064697e-01,-7.563075809607822109e-02
7.479315996170043945e-01,-4.450345663674446506e-01
7.424015104770660400e-01,-3.918322851817412911e-01
7.362970113754272461e-01,-2.653060219407272768e-01
7.382543087005615234e-01,-2.580390875637417203e-01
7.464835941791534424e-01,-2.981811851518041401e-01
7.483462840318679810e-01,-4.734214500979514462e-01
7.293511927127838135e-01,-1.466959010102435457e-01
7.146739065647125244e-01,1.586471692971103131e-01
7.062769532203674316e-01,9.238751331647865328e-02
7.133070081472396851e-01,2.972986593396331756e-02
7.257364094257354736e-01,8.868101725746901920e-02
7.467344254255294800e-01,1.034174943137462499e-01
7.470020800828933716e-01,-1.716403161366866215e-01
7.225327342748641968e-01,-5.351256025864348231e-02
7.254062891006469727e-01,3.319693964978580603e-01
7.115302979946136475e-01,4.829414187571439143e-01
7.059248536825180054e-01,3.978837569984041700e-01
7.119108289480209351e-01,-1.192636356948537646e-01
7.299494147300720215e-01,-5.705552782374936349e-01
7.239241153001785278e-01,-3.026806998432229889e-01
7.157327830791473389e-01,7.347827895096692430e-03
7.168035358190536499e-01,-8.511608485515242961e-03
7.278102934360504150e-01,-4.339510308651313153e-01
7.217225134372711182e-01,-2.995951364371221004e-01
7.216677069664001465e-01,-3.056321897331955029e-01
7.188508808612823486e-01,1.381930934398933886e-02
7.223951816558837891e-01,2.876700836422374508e-02
7.298254966735839844e-01,-1.396353200058468857e-01
7.282088547945022583e-01,-2.178909978632264099e-01
7.191421091556549072e-01,1.926913561970020616e-01
7.207451760768890381e-01,-1.808243519915007091e-01
7.133583277463912964e-01,-7.724263634584849214e-02
7.204023450613021851e-01,-1.429600061495128749e-01
7.174048721790313721e-01,9.372749946370895202e-02
7.310754358768463135e-01,4.341659978993828162e-03
7.431959062814712524e-01,3.884349446745849477e-02
7.531993389129638672e-01,-1.278233683335048276e-01
7.500910162925720215e-01,-4.789495483425731948e-02
7.280756831169128418e-01,1.560690629143453023e-01
7.045303285121917725e-01,4.842701696935254319e-01
6.953807473182678223e-01,-1.625622657708789554e-01
7.053602635860443115e-01,-7.909112813609406878e-01
7.135043740272521973e-01,-9.599776106921753538e-02
7.203653752803802490e-01,1.605676413381935674e-01
6.785306334495544434e-01,-3.296543813024683800e-01
7.010968625545501709e-01,-3.873127343643090192e-01
7.309461981058120728e-01,-6.814574827651775912e-01
7.727295160293579102e-01,-1.070406251082581583e+00
7.613468170166015625e-01,-5.949909255660017493e-01
7.814350426197052002e-01,-1.263549262755705449e-01
7.050999999046325684e-01,-6.574058923941836774e-01
7.398237138986587524e-01,-1.326199794504682172e+00
7.696559727191925049e-01,-1.432442944346894453e+00
7.740667760372161865e-01,-1.016813920826912021e+00
5.907395184040069580e-01,6.087188551950877269e-01
5.134051591157913208e-01,2.146868280812651797e+00
5.000000000000000000e-01,3.141592653589793116e+00
5.657639056444168091e-01,2.598606148479501776e+00
6.961111575365066528e-01,2.678162301992625949e+00
7.144946753978729248e-01,-7.832964299546718578e-02
7.260626852512359619e-01,-3.634920275762572039e-01
7.530659437179565430e-01,-5.643869602280040532e-01
7.488928586244583130e-01,-5.646182183179742076e-01
7.393109053373336792e-01,-4.543176593312421296e-01
7.502624094486236572e-01,-1.365935739220560663e-01
7.596883475780487061e-01,-3.045391909711239187e-01
7.518627345561981201e-01,-4.682568109242852827e-01
7.245150506496429443e-01,6.206255571455887576e-02
7.077413201332092285e-01,2.026412589246744389e-01
7.114088833332061768e-01,1.191831166837697964e-02
7.183063030242919922e-01,-2.167796482567707628e-02
7.345923334360122681e-01,2.192292987288291251e-01
7.512302398681640625e-01,-3.144342284191514736e-02
7.417614907026290894e-01,-1.795609525315566835e-01
7.225409746170043945e-01,7.393555203251267471e-02
7.146523594856262207e-01,6.072942304594635132e-01
7.057070732116699219e-01,4.410258431366029797e-01
7.094934880733489990e-01,-1.825189962945241717e-01
7.167059481143951416e-01,-2.768101288358129075e-01
7.281989455223083496e-01,-3.165741615788144614e-01
7.280079126358032227e-01,1.342117092221166708e-01
7.314612269401550293e-01,-1.338523697284701441e-01
7.328948527574539185e-01,-2.601642276957867317e-01
7.285470366477966309e-01,-2.032421554515693174e-01
7.275201082229614258e-01,-1.612786429314065906e-01
7.240140885114669800e-01,-4.442814327335486979e-02
7.265790104866027832e-01,3.251207864714755758e-02
7.301124632358551025e-01,-1.002383041505723327e-01
7.287227511405944824e-01,-2.019572218374983130e-01
7.247094362974166870e-01,6.761349888790846308e-02
7.257738411426544189e-01,-3.414212048779008413e-02
7.263914942741394043e-01,-1.142508591211601754e-01
7.233222126960754395e-01,3.580511894692239849e-02
7.280398011207580566e-01,-5.736511405868949254e-03
7.316220849752426147e-01,-1.639353957901130698e-01
7.313979417085647583e-01,-1.166316003000149593e-01
7.367572188377380371e-01,-7.183044802649973803e-04
7.407289147377014160e-01,1.138239211089064895e-02
7.394735217094421387e-01,-1.266039734493848989e-01
7.252910435199737549e-01,-1.625540266162563974e-01
7.112436294555664062e-01,-2.506483786139055425e-01
6.914729177951812744e-01,7.971981308448850001e-02
7.051329910755157471e-01,8.212115214989923473e-02
7.180940806865692139e-01,-1.875360796990430678e-01
7.219033241271972656e-01,-4.196061009069333991e-01
7.153173387050628662e-01,-1.965937194318088110e-01
6.955053806304931641e-01,-2.451558585369690846e-01
6.901927888393402100e-01,-4.586847857881597434e-01
7.230585068464279175e-01,-6.022076760011958463e-01
7.480685561895370483e-01,-8.445955530920561394e-01
7.555944919586181641e-01,-1.448795793737281734e+00
7.561485469341278076e-01,-1.717564694915114654e+00
7.693099081516265869e-01,-1.999473175180586093e+00
7.638021111488342285e-01,-2.363947534692053765e+00
7.833431363105773926e-01,-1.790730166870700746e+00
7.779344618320465088e-01,-1.527336658696705873e+00
8.029395341873168945e-01,-1.531940660849018254e+00
7.078628242015838623e-01,-1.773892611758946192e+00
6.237391158938407898e-01,-1.955675888996389666e+00
5.772335007786750793e-01,-2.204488808664633925e+00
6.609951555728912354e-01,-3.141592653589793116e+00
7.119150757789611816e-01,-3.141592653589793116e+00
6.463202089071273804e-01,-2.858640609489984996e+00
7.655712366104125977e-01,-2.223837714281362565e-01
7.562185525894165039e-01,-6.683238957899915178e-01
7.508195638656616211e-01,-6.715109506007599371e-01
7.299809753894805908e-01,-8.341159101728643499e-01
7.195255756378173828e-01,-2.908605090162588169e-01
7.243367433547973633e-01,1.770208586121633232e-01
7.327850759029388428e-01,3.782419868855528833e-01
7.484671175479888916e-01,-1.035826893639260060e+00
7.347193062305450439e-01,-1.776386079553318176e-01
7.395842075347900391e-01,5.304068140299502687e-01
7.376052737236022949e-01,-8.750281814646099221e-02
7.324594557285308838e-01,-3.827780160122302711e-01
7.094570398330688477e-01,2.360641386646289419e-01
6.911376714706420898e-01,9.296930998493095899e-01
7.189690768718719482e-01,-4.585259948081636949e-01
7.178394943475723267e-01,-5.773141938306007859e-01
7.353705763816833496e-01,-7.662507425619446977e-02
6.732878237962722778e-01,-6.067603706906323779e-01
6.578059643507003784e-01,-1.273511149708284051e-02
7.241638451814651489e-01,-4.025669673872003251e-01
7.592659294605255127e-01,-7.084555071812621563e-01
7.755956947803497314e-01,-1.053267311439808562e+00
7.763883769512176514e-01,9.917844926050456422e-02
7.584002315998077393e-01,1.010745783447490886e-01
7.141771763563156128e-01,-5.781128300684343913e-01
7.613641023635864258e-01,-1.009205436040123693e+00
7.594752609729766846e-01,-7.881017296346910506e-01
6.800797283649444580e-01,1.774291087237049425e+00
6.909907013177871704e-01,1.764215350147870787e+00
6.631574183702468872e-01,2.052588008975183342e+00
6.941008418798446655e-01,1.230399024132346142e+00
7.299517691135406494e-01,-3.875346297785720040e-01
7.483210116624832153e-01,-5.074521547448247460e-01
7.285410463809967041e-01,-4.510899705079043365e-01
7.402334064245223999e-01,-7.353821880084567830e-01
7.435046136379241943e-01,-4.919033719441809893e-01
7.454003840684890747e-01,5.262973484084976228e-01
7.679943740367889404e-01,4.055019789679277231e-01
7.687698006629943848e-01,-7.659797867269735328e-01
7.438572943210601807e-01,-3.795115657114642715e-01
7.177759408950805664e-01,4.236528366011471647e-01
7.030852884054183960e-01,7.412729963099820019e-01
7.299686819314956665e-01,-1.470215348713437287e-01
7.343985587358474731e-01,-1.984531468272803245e-01
7.257348448038101196e-01,5.801346062606707044e-01
7.259492278099060059e-01,1.005519163360641954e+00
7.563166022300720215e-01,-1.782473691298207541e-01
7.547572255134582520e-01,-2.116333599274886623e-01
7.304942458868026733e-01,-1.200984118609178530e-01
7.018391788005828857e-01,-4.646724041564986862e-01
6.924691349267959595e-01,-2.178402521608928666e-01
7.025415003299713135e-01,-1.017975641628674488e-01
7.065704464912414551e-01,9.842793717580455848e-03
7.106792777776718140e-01,-1.366677263136581999e-01
7.138926535844802856e-01,-7.210065484739391906e-02
7.175055146217346191e-01,5.314591787794498146e-02
7.139814496040344238e-01,-7.778698231147185282e-03
7.113193571567535400e-01,-1.354367217116614341e-02
7.142702043056488037e-01,9.755271425068734459e-02
7.187861502170562744e-01,-1.857777692012101411e-01
7.183947712182998657e-01,-1.287502732285283891e-01
7.099088132381439209e-01,4.915827939279626690e-01
7.247237861156463623e-01,-1.612509294113131375e-01
7.328501790761947632e-01,-3.952159561823633815e-01
7.450329214334487915e-01,-2.782418692049746234e-01
7.253970056772232056e-01,7.296348158987675525e-01
7.436330318450927734e-01,-2.916325552550835809e-01
7.464790791273117065e-01,-5.414596399559434836e-01
7.408892810344696045e-01,-6.540690347720978792e-02
7.358960062265396118e-01,7.356808573635200688e-01
7.304228246212005615e-01,-2.585523494460164606e-01
7.178546190261840820e-01,-7.892342388882456206e-02
7.056155055761337280e-01,7.044233772611518951e-01
7.030716091394424438e-01,1.444473608123741926e-02
7.119482606649398804e-01,-7.825103397022856733e-01
7.307729423046112061e-01,-2.067673901088857846e-01
7.141936868429183960e-01,-3.254595280785657074e-01
6.502175778150558472e-01,-1.085650934176252136e-01
7.217154502868652344e-01,-3.544613523495283580e-01
7.536021173000335693e-01,-8.164871153370847345e-01
7.839501798152923584e-01,-1.143832660810130575e+00
7.626851499080657959e-01,-2.036292084653097412e-01
7.692516744136810303e-01,-9.309626786752200900e-02
7.082621455192565918e-01,-6.062875555674134276e-01
7.582710087299346924e-01,-1.202662097349441295e+00
7.679513692855834961e-01,-1.337362538243479282e+00
7.094090729951858521e-01,6.347894129556941323e-04
6.782186329364776611e-01,1.314870582391808540e+00
6.531581133604049683e-01,2.025350487314505621e+00
6.100030392408370972e-01,2.270734233378190581e+00
6.282882392406463623e-01,3.141592653589793116e+00
6.994239240884780884e-01,1.067013966420309323e+00
7.313448637723922729e-01,-3.367893019519812015e-01
7.590630352497100830e-01,-8.508247284936434340e-01
7.394797205924987793e-01,-9.195312261436234813e-01
7.311912924051284790e-01,-6.788715117348185224e-01
7.306978553533554077e-01,-7.231637089569034060e-01
7.425421178340911865e-01,5.333886389892144031e-01
7.792464494705200195e-01,2.844283508053369047e-01
7.458637356758117676e-01,-3.249015126064098702e-01
7.424096614122390747e-01,-1.428163827041606382e-02
7.057776749134063721e-01,3.800826889296100575e-01
7.065077722072601318e-01,2.800084188574301081e-01
7.228780239820480347e-01,8.409555320305628356e-03
7.302390038967132568e-01,3.919635498951579144e-01
7.407763600349426270e-01,5.022348973336829836e-01
7.486398965120315552e-01,-3.430450673525773375e-01
7.378256618976593018e-01,-2.424712049046551243e-01
7.171575129032135010e-01,-2.047250160300930766e-01
7.033424675464630127e-01,-6.148862369370045045e-02
7.111578583717346191e-01,-1.759145648505877624e-01
7.184330821037292480e-01,-1.823470975685377304e-01
7.209573537111282349e-01,-1.210490979522380606e-01
7.167268544435501099e-01,-5.919664068055130457e-02
7.197645604610443115e-01,-2.038067247967401130e-03
7.206562161445617676e-01,2.419240501363217888e-02
7.144837379455566406e-01,-2.254888091997084842e-01
7.087288647890090942e-01,-2.950628523807274917e-02
7.156787812709808350e-01,4.144714222955308003e-01
7.276320606470108032e-01,-3.754217617089969927e-01
7.239367365837097168e-01,-2.360987805647458693e-01
7.207167446613311768e-01,4.869231774819486880e-01
7.186076492071151733e-01,1.970330161759958898e-01
7.384053170680999756e-01,-4.279789545384664606e-01
7.466807216405868530e-01,-2.024030724546803661e-01
7.257789671421051025e-01,-1.353554536865213542e-01
7.219018042087554932e-01,1.537429997616213129e-01
7.346346825361251831e-01,-2.639519917799360016e-01
7.375716716051101685e-01,-2.308315264653275634e-01
7.443692088127136230e-01,-9.076177830666054547e-03
7.285502851009368896e-01,8.761442124089224848e-02
7.095267176628112793e-01,-7.435262178457029414e-01
7.061158567667007446e-01,-5.166268279239316641e-02
7.188571393489837646e-01,-2.725888728664154215e-01
7.297815680503845215e-01,-3.809092259410511438e-01
7.390999495983123779e-01,-6.354586570151643521e-01
7.207731604576110840e-01,-7.263990751743212293e-01
7.162723690271377563e-01,-4.303186871977233707e-01
7.224975526332855225e-01,5.564462877071196800e-02
6.684224456548690796e-01,-1.903737194524146581e-01
6.970181167125701904e-01,-3.877366763203355937e-01
7.171330451965332031e-01,-6.659972708767250005e-01
7.529814541339874268e-01,-1.081777782489651951e+00
7.542109489440917969e-01,-1.567815625356717479e+00
7.569486796855926514e-01,-2.067910776784251947e+00
7.686264514923095703e-01,-2.209540159462241693e+00
