0.000000000000000000e+00,-3.000000000000000000e+00
0.000000000000000000e+00,-3.000000000000000000e+00
0.000000000000000000e+00,-3.000000000000000000e+00
0.000000000000000000e+00,-3.000000000000000000e+00
0.000000000000000000e+00,-3.000000000000000000e+00
0.000000000000000000e+00,-3.000000000000000000e+00
0.000000000000000000e+00,-3.000000000000000000e+00
0.000000000000000000e+00,-3.000000000000000000e+00
0.000000000000000000e+00,-3.000000000000000000e+00
0.000000000000000000e+00,-3.000000000000000000e+00
0.000000000000000000e+00,-3.000000000000000000e+00
0.000000000000000000e+00,-3.000000000000000000e+00
0.000000000000000000e+00,-3.000000000000000000e+00
0.000000000000000000e+00,-3.000000000000000000e+00
0.000000000000000000e+00,-3.000000000000000000e+00
8.000000000000000444e-01,-3.141592653589793116e+00
8.000000000000000444e-01,-3.141592653589793116e+00
8.260864138603211115e-01,-3.141592653589793116e+00
8.655461311340332253e-01,-3.141592653589793116e+00
8.939001202583313210e-01,-3.954033969500234669e-01
9.106079101562499778e-01,9.713326637900010496e-02
9.179122090339660867e-01,7.993294503428969300e-01
9.167241811752319114e-01,2.690495941955379777e-01
9.099815249443053977e-01,8.054664970155243076e-01
9.040796279907227229e-01,1.516271848545806655e+00
8.840848147869110329e-01,3.313589500417415401e-01
8.701529026031494807e-01,3.495528759832140508e-01
8.509896755218506748e-01,1.957639242092212406e+00
8.495523691177369052e-01,1.568115605486379849e+00
8.776804268360138828e-01,-1.277222514358659522e+00
8.933291196823119895e-01,-3.141592653589793116e+00
8.904370784759522151e-01,-1.622944932456499068e+00
9.039330601692200373e-01,-4.714107218630481100e-02
8.895268619060516802e-01,-1.294904114685428320e+00
6.872895836830139604e-01,-1.597891348531308653e+00
6.722784578800201638e-01,-1.511316184293928000e+00
6.818729341030120850e-01,-1.493299400176837599e+00
6.281909167766570601e-01,-1.782472755030638956e+00
5.733972311019897017e-01,-2.480228502786830269e+00
6.127758502960205522e-01,-2.360228867154624766e+00
6.092177927494049072e-01,-2.048510938211677512e+00
6.495679438114165816e-01,-2.031807269362537305e+00
7.380269289016723189e-01,-1.501752585565939269e+00
7.321876168251038042e-01,-1.461511056361865180e+00
7.454196333885192427e-01,-1.465244142419883655e+00
6.399119555950164573e-01,-1.406534922636655027e+00
6.697055935859680398e-01,-1.425312517781721411e+00
6.867646574974060059e-01,-1.290826107654352350e+00
6.096464991569519043e-01,-1.497134352146551661e+00
6.884487271308898926e-01,-1.413406003084735518e+00
8.000000000000000444e-01,-3.141592653589793116e+00
8.159996151924133745e-01,-3.141592653589793116e+00
8.818535923957825373e-01,-3.141592653589793116e+00
9.036139130592346635e-01,-8.373314275177827781e-01
9.153229713439942072e-01,-8.175720621980477887e-01
8.958052039146423562e-01,-6.354552864519096289e-01
9.001587867736816628e-01,-9.368624751454244226e-01
8.917898118495941606e-01,-6.521661645613447966e-01
9.025348305702209917e-01,-3.190960919073351221e-01
8.879460096359252930e-01,-6.416676090372241958e-01
9.022519707679749201e-01,4.120176522461571622e-02
9.225800037384033203e-01,1.489373255745736202e-01
9.223483800888061523e-01,1.022145777388710819e+00
9.199825167655945046e-01,1.166627592847689243e+00
9.054456472396851252e-01,9.440333484696532551e-01
8.832456946372986284e-01,1.024815637993406803e+00
8.662402808666229692e-01,1.742049402664327395e-01
8.707760214805603249e-01,7.728551740058793307e-01
8.831442475318909135e-01,3.812271824080717408e-01
8.904961526393890825e-01,1.026756333414018840e+00
8.924386501312255859e-01,-3.498358160430892205e-01
8.547947466373444492e-01,1.236115124905173168e+00
9.064232587814331499e-01,1.630778121460262575e+00
9.034359693527221902e-01,1.189696476776444634e+00
8.961781620979308860e-01,3.304612566949245434e-01
8.935729682445526789e-01,-7.868954424965624028e-02
8.943428635597229226e-01,-1.087671399593888033e-01
8.953596949577331543e-01,-2.223124278392463182e-01
8.960245788097381814e-01,-4.896552062533419125e-01
8.972091555595398393e-01,-5.776576167755447244e-01
8.975496113300324152e-01,-6.692176568130112635e-01
8.975150823593139870e-01,-6.953457014023727289e-01
8.982232689857483354e-01,-8.899526610490902101e-01
8.977258563041686790e-01,-1.040017627285851898e+00
8.977044880390167014e-01,-1.191794090641909998e+00
9.008464097976685014e-01,-1.033821783009782891e+00
8.989778161048889160e-01,-5.883288200397083223e-01
8.883266031742096391e-01,-6.263450284816691749e-01
8.897264719009400080e-01,-8.009012563406403551e-01
8.877214074134827104e-01,-1.046538918169507504e+00
8.794137716293335405e-01,-6.660467058044599042e-01
9.024248361587524636e-01,-2.531667511256330272e-04
8.947548806667328103e-01,-4.256085123028885420e-02
8.894569516181946023e-01,7.474298918551092186e-02
9.012263059616089089e-01,7.707414563381971284e-01
8.942595541477204035e-01,1.367602295496461728e-01
9.005463838577271174e-01,2.860200056755792808e-01
9.079916357994080034e-01,6.445340858317738508e-01
8.896202087402343972e-01,1.666968233632282193e-02
9.092019677162170854e-01,8.205381578621233629e-01
8.985004603862762895e-01,5.029157511111188583e-01
8.927231252193451594e-01,2.360128312017528707e-01
9.083247900009155940e-01,6.082653271838256437e-01
8.950734138488769531e-01,4.009659498412521117e-02
8.949414968490601030e-01,2.419817242186770301e-01
9.074295639991760698e-01,6.152525048106767258e-01
8.908204317092895952e-01,-1.241311035415701980e-01
9.016911387443542480e-01,3.699406640964237880e-01
9.045517086982727273e-01,3.330090280083974896e-01
8.926653802394867165e-01,4.548949619153530577e-02
9.143786191940307395e-01,6.231534795865614207e-01
9.228996634483337402e-01,6.993019936492537170e-01
9.254968166351318359e-01,1.235881058012490818e+00
9.291443347930907759e-01,1.495008088493421816e+00
8.965782523155212402e-01,9.485678795682170872e-01
8.891077280044555886e-01,9.703986432614373214e-01
8.568357050418854426e-01,1.281787755033558796e-02
8.733425974845886453e-01,7.291801643664204136e-01
8.815173923969269465e-01,2.777520140119684733e-01
8.864725530147552490e-01,1.043805016862973112e+00
9.032651782035827637e-01,-1.986124995678189009e-01
8.605806112289429155e-01,8.187495122949988158e-01
9.013082146644592063e-01,1.340943012687469071e+00
9.047929525375366655e-01,1.269370974510509953e+00
8.957950830459594505e-01,2.661666390917432068e-01
4.000000000000000222e-01,-3.141592653589793116e+00
4.000000000000000222e-01,-3.141592653589793116e+00
5.810259878635406494e-01,-2.758289204216868740e+00
6.819770753383636031e-01,-2.606154337634734475e+00
6.467026114463806374e-01,-1.874576485646429092e+00
6.856106281280518466e-01,-1.819242416828928510e+00
7.508898377418518066e-01,-1.848376161200607326e+00
7.566929578781127486e-01,-1.758236345441182680e+00
7.837867736816406250e-01,-1.484252808401406609e+00
7.219351768493652566e-01,-1.255934785856463343e+00
7.350007176399231401e-01,-1.591096386636728699e+00
6.982997298240661843e-01,-1.076946080064137501e+00
6.862021267414093462e-01,-1.485536618494392780e+00
7.038362026214599609e-01,-1.487122281252182932e+00
6.770246803760529009e-01,-1.389481557849846727e+00
8.180654048919677734e-01,-3.141592653589793116e+00
8.140686273574829768e-01,-3.141592653589793116e+00
8.674345433712006281e-01,-3.141592653589793116e+00
9.015496015548706277e-01,-1.560944919415665266e+00
9.162390708923340288e-01,-1.271127786980229102e+00
9.044540405273437944e-01,-1.326977458348931327e+00
8.961333453655243586e-01,-6.573075842992568418e-01
8.924267768859863725e-01,-1.172445934039240134e+00
8.871535122394561546e-01,-7.517792292281826327e-01
8.977700591087341975e-01,-4.132344255810806999e-01
8.816631019115448442e-01,-8.690705236585345439e-01
9.086922764778136985e-01,1.022160757669841047e-01
9.232063174247742143e-01,2.059627617585992887e-01
9.236195206642150435e-01,1.143325016533280447e+00
9.002648830413818581e-01,7.655193303356879753e-01
8.969528794288635920e-01,6.616329532225195820e-01
8.558039307594299538e-01,4.433178261497521255e-01
8.690466761589050737e-01,9.060972845317483149e-02
8.635835170745850276e-01,4.242378165793398992e-01
8.783988177776337336e-01,6.233916660565550494e-01
9.120321035385131614e-01,-1.068045358776226195e-01
8.790644049644470437e-01,1.492268195074433201e-01
8.772895455360413264e-01,1.079591784965509227e+00
9.249461531639099343e-01,1.940757963284904797e+00
8.957984924316406694e-01,2.600404531229361105e-01
8.947953820228576882e-01,7.807872328651122018e-02
8.923742651939392534e-01,-1.896247053958295403e-01
8.936250269412994163e-01,-1.963838082424507192e-01
8.949926793575286865e-01,-2.952001092065965615e-01
8.961871147155762163e-01,-3.736700050841594845e-01
8.955655753612518089e-01,-4.316491234157320278e-01
8.945917367935181108e-01,-5.970780532346751102e-01
8.961715459823608176e-01,-5.292937791418652616e-01
8.959037601947784646e-01,-7.677626274351596614e-01
8.946530103683472124e-01,-7.873396078321159841e-01
8.946754872798919900e-01,-9.198915019048405917e-01
8.987607061862945557e-01,-5.759214021923813043e-01
8.958147943019867387e-01,-8.848908240546902171e-01
8.843968212604522705e-01,-1.057402430792699022e+00
8.948218107223511186e-01,-8.545366549045634308e-01
8.926301121711731623e-01,-7.944132965825025927e-01
8.797463417053222878e-01,-1.263898865066615196e+00
9.056824684143066628e-01,-4.746284862501375379e-01
8.895683884620666504e-01,-1.046763435132968656e+00
8.937881946563720481e-01,-6.708437663298569831e-01
8.984591901302337869e-01,-3.024219154866729653e-01
8.864090204238891380e-01,-8.780676805062310741e-01
9.015674352645873801e-01,-1.347058712459485719e-01
9.004976511001586692e-01,-3.543570521421490760e-01
8.954805135726928711e-01,-2.731875223511406325e-01
9.077971458435059038e-01,2.633346169437977835e-02
0.000000000000000000e+00,3.000000000000000000e+00
0.000000000000000000e+00,3.000000000000000000e+00
0.000000000000000000e+00,3.000000000000000000e+00
0.000000000000000000e+00,3.000000000000000000e+00
0.000000000000000000e+00,3.000000000000000000e+00
0.000000000000000000e+00,3.000000000000000000e+00
0.000000000000000000e+00,3.000000000000000000e+00
0.000000000000000000e+00,1.799999999999999822e+00
1.000000000000000000e+00,0.000000000000000000e+00
1.000000000000000000e+00,0.000000000000000000e+00
1.000000000000000000e+00,0.000000000000000000e+00
1.000000000000000000e+00,0.000000000000000000e+00
1.000000000000000000e+00,0.000000000000000000e+00
1.000000000000000000e+00,0.000000000000000000e+00
1.000000000000000000e+00,0.000000000000000000e+00
1.000000000000000000e+00,0.000000000000000000e+00
1.000000000000000000e+00,0.000000000000000000e+00
1.000000000000000000e+00,0.000000000000000000e+00
1.000000000000000000e+00,0.000000000000000000e+00
1.000000000000000000e+00,0.000000000000000000e+00
1.000000000000000000e+00,0.000000000000000000e+00
