4.145789742469787598e-01,1.147882767067598841e+00
3.461167812347412109e-01,1.195691585285349134e+00
3.330353498458862305e-01,6.976481706123141002e-01
3.674942478537559509e-01,7.023381221276201458e-01
4.937679916620254517e-01,5.882599107465025234e-01
5.881428569555282593e-01,9.961063037115405194e-01
5.578476786613464355e-01,1.122410671538291993e+00
4.728481769561767578e-01,1.161585230218761033e+00
4.045671075582504272e-01,1.425509321225089110e+00
3.335760012269020081e-01,8.200104774592595902e-01
5.752602815628051758e-01,1.160603647297606678e+00
6.589185297489166260e-01,8.431497687093334470e-01
8.040664941072463989e-01,5.397545094561282397e-01
6.645988523960113525e-01,6.917133577349647844e-01
7.896430641412734985e-01,-1.000452457774874127e+00
7.882655262947082520e-01,-5.791430989032666510e-01
7.397353351116180420e-01,-7.689571176018978882e-01
7.680999636650085449e-01,5.529895878359836203e-02
8.009924292564392090e-01,9.845490168184367619e-02
7.789351493120193481e-01,-5.441343691520077464e-01
8.135170936584472656e-01,2.069229977791411379e-01
8.221990466117858887e-01,-2.475940865446668582e-02
7.693596184253692627e-01,2.801125318112962503e-02
8.014223426580429077e-01,-4.319992874871854127e-01
8.000073432922363281e-01,-1.439144373111158615e-01
7.922007292509078979e-01,1.063569999788134268e-01
7.742984145879745483e-01,8.835070205851502934e-02
7.350498735904693604e-01,-2.541359753148784151e-01
7.018309384584426880e-01,-1.948013287944014849e-01
7.014660239219665527e-01,-3.408088858866431536e-02
7.115835845470428467e-01,3.090446977749956581e-01
7.311842739582061768e-01,2.202715517885671659e-01
7.979459315538406372e-01,-4.008685780138954158e-02
7.495731413364410400e-01,2.066020452558947618e-01
5.695510506629943848e-01,9.051138290754510152e-01
7.336165010929107666e-01,2.509893672631657857e-01
7.177599072456359863e-01,-2.532163733069063838e-01
7.574145346879959106e-01,-3.874475568944939496e-01
7.443045675754547119e-01,3.261559238976752262e-01
6.643192619085311890e-01,2.250981983691993094e-01
7.298118770122528076e-01,1.210148305591491891e-01
7.361223548650741577e-01,2.601052428388306303e-01
7.410203367471694946e-01,3.161217570886369899e-01
4.790273234248161316e-01,2.807438102208606345e+00
2.500000000000000000e-01,3.141592653589793116e+00
3.553427085280418396e-01,3.141592653589793116e+00
6.248823627829551697e-01,1.668341082771232831e+00
8.093307912349700928e-01,-6.644048201790473396e-01
8.498269617557525635e-01,-8.452810413939667589e-01
8.403463363647460938e-01,-4.570818957070683641e-01
8.020318746566772461e-01,-7.231047240999477488e-02
7.372270673513412476e-01,3.854655252606351556e-01
8.010573387145996094e-01,9.727854701795020098e-01
7.670582383871078491e-01,1.042235645160913826e+00
8.035085201263427734e-01,1.183471233698654146e+00
9.001595079898834229e-01,8.101254580742387468e-01
7.667645364999771118e-01,1.589145766779867852e+00
6.719717383384704590e-01,9.792502105018856540e-01
7.130216956138610840e-01,1.049120020608498738e+00
8.055229485034942627e-01,9.878743583494027369e-01
7.531254142522811890e-01,8.260538973748139391e-01
5.341453775763511658e-01,8.099990619521904023e-01
5.305494517087936401e-01,8.516448988856040181e-01
7.413951754570007324e-01,5.872421878971176845e-01
6.683723479509353638e-01,1.106945403804957095e+00
6.610113382339477539e-01,1.092566580960699252e+00
6.816388666629791260e-01,6.711546071633396338e-01
7.005944848060607910e-01,5.771889212296370530e-01
6.927876919507980347e-01,5.654079600138861572e-01
6.770142912864685059e-01,4.453659114607262381e-01
6.465462297201156616e-01,5.690193781010881580e-01
6.175177767872810364e-01,6.938677094152168046e-01
5.942425057291984558e-01,7.744939699483084361e-01
5.818332657217979431e-01,8.451478573320301280e-01
5.750559940934181213e-01,9.252664267748929028e-01
5.797570347785949707e-01,9.104280838069200854e-01
6.963024586439132690e-01,2.375110840191393180e+00
7.895617485046386719e-01,7.655223263919141985e-01
6.973020732402801514e-01,1.987264620565282414e+00
7.421320229768753052e-01,9.687081185357255819e-01
8.410525619983673096e-01,-1.925159183795984053e+00
7.887837290763854980e-01,-8.290158734615782343e-01
9.887244403362274170e-01,1.117630089322139142e-01
9.449947774410247803e-01,-1.626566415420085399e-01
9.537256360054016113e-01,-5.048313545608342778e-01
8.999145328998565674e-01,-1.387456785601384190e-01
9.382907748222351074e-01,-1.396931438910153256e+00
9.171034693717956543e-01,-1.980791079327734128e+00
7.959602922201156616e-01,-3.526464912904234694e-01
7.262600064277648926e-01,-2.471090999430280988e-01
7.230325937271118164e-01,-3.985672323250355475e-02
7.355946302413940430e-01,2.150292024065301177e-01
7.551890611648559570e-01,1.502664510179831936e-01
8.248610943555831909e-01,-1.080632539997132824e-01
7.736015319824218750e-01,2.944823664868745361e-01
5.915339440107345581e-01,9.811271461009294370e-01
7.209271043539047241e-01,3.294478406763654554e-01
7.054040431976318359e-01,3.264615216327637626e-02
7.440569102764129639e-01,-2.715865048051906427e-01
7.298634648323059082e-01,-1.311826963772877441e-01
6.488797962665557861e-01,-8.644296325639366785e-02
7.269888520240783691e-01,-1.067816909488970012e-01
7.379009723663330078e-01,4.954933963173919764e-01
7.456049919128417969e-01,3.758687358472641016e-01
8.037725389003753662e-01,5.744113898543057317e-02
8.139076232910156250e-01,-6.853085385371082694e-02
8.453276455402374268e-01,-2.011181388406089177e-01
8.898959010839462280e-01,-4.524471839784358629e-01
9.088378399610519409e-01,-1.029518510001188769e+00
8.705579787492752075e-01,-1.309143995422189954e+00
8.852175921201705933e-01,-1.083650692138142357e+00
9.138888418674468994e-01,-9.028501213429378502e-01
9.240488708019256592e-01,-1.872306130414163494e+00
9.356571137905120850e-01,-8.953803914101317041e-01
9.458224177360534668e-01,2.821652048333658236e-01
9.064581394195556641e-01,1.085077938422964294e+00
8.257054984569549561e-01,9.422945123372912235e-01
7.536966800689697266e-01,-2.913116027318367607e-01
7.429854571819305420e-01,-2.453359964175776398e-01
7.669047713279724121e-01,-2.580226092544966043e-01
7.830607891082763672e-01,3.141664558939227803e-02
8.596456348896026611e-01,-1.065369506059075100e-01
8.368355929851531982e-01,1.877564770851929410e-01
7.239440083503723145e-01,-1.768330433374747379e-01
7.586794197559356689e-01,-2.502852940499757928e-01
7.872638553380966187e-01,-4.506804470724663503e-01
7.778590023517608643e-01,1.177483802583827455e-01
8.278890401124954224e-01,-1.442825777199274739e-02
8.115293979644775391e-01,-2.833778585909767500e-01
7.942246347665786743e-01,-4.250654771118522746e-03
7.745930999517440796e-01,-1.659543631796371876e-01
7.615281045436859131e-01,-6.047239887242916723e-02
7.755971401929855347e-01,-7.997672490589691208e-02
7.871416807174682617e-01,-1.908708775324727824e-01
7.663952857255935669e-01,-3.028615867378885440e-01
8.088958263397216797e-01,-1.751730409345686468e-01
8.155975043773651123e-01,9.479559350839883436e-02
8.066926598548889160e-01,2.585491661362757654e-01
8.237839639186859131e-01,9.532664447451733025e-02
8.597345054149627686e-01,2.454286869070800847e-01
8.475329577922821045e-01,5.281710070710454730e-02
8.456259965896606445e-01,-2.216467415964564758e-01
8.186816871166229248e-01,-6.319656299622833373e-02
7.411139011383056641e-01,1.746816877134489410e-01
6.762789189815521240e-01,1.644685065448872052e-01
6.909848004579544067e-01,2.367554786388565979e-01
7.167064249515533447e-01,4.871418895864714216e-01
7.679938375949859619e-01,1.922494379036177037e-02
8.507977873086929321e-01,-1.145804253060576094e-01
6.981727629899978638e-01,6.525500342653445252e-01
5.679229944944381714e-01,1.086948601029284589e+00
7.950683683156967163e-01,3.306222947170902593e-01
7.160109281539916992e-01,-2.980177128339533965e-02
7.673152387142181396e-01,-4.739936968371822879e-01
7.213066816329956055e-01,-1.507724100132059597e-01
6.994655877351760864e-01,-2.470177202281247375e-01
7.539038360118865967e-01,8.752416504707349887e-02
7.557864785194396973e-01,4.355145977082517383e-01
7.598505616188049316e-01,3.490562796636984544e-01
8.336932063102722168e-01,-8.015236870216622123e-01
8.657093048095703125e-01,-6.386827880217338382e-01
8.910383880138397217e-01,-4.165175414446062874e-01
9.134478420019149780e-01,-7.999327811654759479e-01
8.727497458457946777e-01,-7.856179990230560684e-01
8.262550830841064453e-01,-4.423751919595404480e-01
8.372739553451538086e-01,-4.134250496584819246e-01
8.365510106086730957e-01,7.121850354225101043e-02
8.087812960147857666e-01,5.560032458926502663e-01
7.933504581451416016e-01,6.289208878222662946e-02
7.855603843927383423e-01,2.837864457588423761e-02
7.760345190763473511e-01,6.142338456937213031e-01
7.792069911956787109e-01,4.131531575559415081e-01
7.628553509712219238e-01,-8.101879071212048089e-02
7.443985790014266968e-01,-3.342063269778483559e-01
7.681045234203338623e-01,-4.454266752260669371e-01
7.915524840354919434e-01,-2.247150776792561366e-01
8.348263502120971680e-01,-1.528119752892864724e-02
8.134039044380187988e-01,-1.756437962691315136e-02
7.809861898422241211e-01,-6.985679598738014917e-02
8.043309748172760010e-01,-4.507828747447062412e-02
8.004210293292999268e-01,-2.204346495993880772e-01
8.081159293651580811e-01,3.505161080599838996e-02
8.327109813690185547e-01,8.662347564403205524e-03
8.167673051357269287e-01,-1.287045833710767084e-01
8.270374834537506104e-01,-3.137058122491431789e-03
8.162702023983001709e-01,3.023395239404536028e-03
8.031672090291976929e-01,-5.978405495442773443e-02
8.193049430847167969e-01,-1.322552845063169613e-01
8.700158596038818359e-01,-3.013433352451908576e-01
9.390566349029541016e-01,-8.335492810390578988e-01
9.937918931245803833e-01,-1.651075091619111479e+00
9.688256680965423584e-01,-1.297586146768544335e+00
9.306822419166564941e-01,-1.180687335703842544e+00
9.626335203647613525e-01,-1.164908980094855773e+00
9.197644889354705811e-01,-8.944137887701093526e-01
8.953046202659606934e-01,-1.844671256796467818e+00
8.497421592473983765e-01,-5.566556371359356881e-01
7.627867758274078369e-01,-4.313630000461166070e-01
7.022491842508316040e-01,-7.754617429227961267e-02
7.069854736328125000e-01,2.220036467944193070e-01
7.200499325990676880e-01,3.362387766203913664e-01
7.496413588523864746e-01,3.804354745502624979e-02
8.032518774271011353e-01,-1.652399910231694413e-01
7.135674357414245605e-01,2.699821166959859298e-01
5.508021861314773560e-01,1.081665055874135639e+00
7.491072416305541992e-01,2.034603057955495231e-01
6.742416918277740479e-01,-2.088223101731259135e-01
7.266189754009246826e-01,-7.444634216840047003e-01
6.895731538534164429e-01,-4.511989520531374254e-01
6.437291055917739868e-01,-4.690844714568114249e-01
7.157953232526779175e-01,-2.640828819863241250e-01
7.484212219715118408e-01,3.709454664533318180e-02
7.774982005357742310e-01,-4.394465469983011019e-03
3.642921000719070435e-01,-2.919556424683912521e+00
4.353399276733398438e-01,-2.889806335370421309e+00
4.997738525271415710e-01,-2.734584969114615571e+00
5.113702043890953064e-01,-2.537310583158885358e+00
5.800410360097885132e-01,-1.906068875282293407e+00
6.447026580572128296e-01,-1.750680759772140549e+00
6.795766949653625488e-01,-1.927066360837563108e+00
6.003144681453704834e-01,-2.141263034120199027e+00
5.020750984549522400e-01,-2.465510751081967378e+00
6.703631281852722168e-01,-2.333485507517778945e+00
6.542850285768508911e-01,-1.735536538188809930e+00
5.373511314392089844e-01,-1.619420259559725350e+00
4.324320554733276367e-01,-1.277367074071580344e+00
3.492750599980354309e-01,-2.562588403167266105e+00
7.018962502479553223e-01,-2.200426718182260544e+00
6.286994814872741699e-01,-2.215193904814857895e+00
