4.479878991842269897e-01,2.220063432450229968e+00
3.226249143481254578e-01,1.664321217956299392e+00
4.436430931091308594e-01,1.344289607492289207e+00
5.191034674644470215e-01,6.891693314917746171e-01
5.525921881198883057e-01,8.187450182106594809e-01
5.216909795999526978e-01,1.700783222230846548e+00
6.200217977166175842e-01,3.141592653589793116e+00
7.875654697418212891e-01,1.607524231059531239e+00
8.407183587551116943e-01,1.912547472364723333e+00
8.153599053621292114e-01,2.393709608230450314e+00
7.964151501655578613e-01,-8.046901439458742367e-01
7.592467963695526123e-01,-8.601883404685239931e-01
8.399553596973419189e-01,2.702858418959310782e-01
8.123729526996612549e-01,5.060413867692492573e-02
7.703087180852890015e-01,-9.252757894505858616e-03
7.791722565889358521e-01,1.989883173707100994e-01
7.800802737474441528e-01,-2.666901999172965887e-02
7.837001383304595947e-01,-6.605824610081594273e-01
8.093374520540237427e-01,-7.852551017126407906e-01
8.829533159732818604e-01,-1.075547483566979601e+00
7.942903935909271240e-01,1.860281271496235789e-01
7.388869076967239380e-01,5.361068110005602350e-01
7.785468101501464844e-01,2.067728204607961473e-01
8.210611194372177124e-01,7.408711502686240458e-01
8.200580626726150513e-01,-2.262252772708452930e-01
8.058495074510574341e-01,-5.157710793642822367e-02
7.679120302200317383e-01,-1.488665437462262098e-01
7.509614527225494385e-01,-9.123710262697013462e-01
7.602280378341674805e-01,-7.882541539952061527e-01
7.653512805700302124e-01,-9.443842615551631958e-01
7.947309017181396484e-01,-9.766675164080238503e-01
8.037750422954559326e-01,-1.063918291324444265e+00
7.770746350288391113e-01,-8.626889238964321471e-01
7.469613403081893921e-01,-2.266904149999842133e-01
6.348715126514434814e-01,-1.983360197541820025e+00
6.010121554136276245e-01,-1.952514113410031227e+00
5.275337547063827515e-01,-1.945382282443502087e+00
5.289834439754486084e-01,-1.783895132724093502e+00
6.269976645708084106e-01,-1.383992782843193492e+00
7.166069597005844116e-01,-1.477208331199226565e+00
7.756292819976806641e-01,-1.507043620861654221e+00
6.460775136947631836e-01,-1.533128597142761729e+00
7.188038229942321777e-01,-1.434236458505386613e+00
7.683507055044174194e-01,-1.465750850429163199e+00
5.865289196372032166e-01,-1.780028722164002764e+00
6.640936434268951416e-01,-1.513192839012701185e+00
5.241855978965759277e-01,-1.694279533177520891e+00
7.574827969074249268e-01,-3.141592653589793116e+00
7.604723423719406128e-01,-1.407496094924767460e+00
8.078688979148864746e-01,-1.211716928279494621e+00
8.318069875240325928e-01,-7.871017958691504113e-01
8.498327732086181641e-01,3.492832309228437460e-01
7.948554456233978271e-01,1.196362701880047119e-01
8.102414906024932861e-01,-2.893915051977815622e-01
8.127326816320419312e-01,-2.118340956946536124e-01
8.249403089284896851e-01,3.380124419063839092e-01
8.161259889602661133e-01,-2.650090378672911307e-01
8.342824876308441162e-01,-2.123093451135567022e-01
8.607604503631591797e-01,2.115990925344002349e-01
8.501249551773071289e-01,6.989499570426582764e-02
8.051379621028900146e-01,-9.805530268265583160e-02
8.239024281501770020e-01,1.755441773996064825e-01
8.051250427961349487e-01,3.507071066444122920e-02
7.761290222406387329e-01,-2.930436977376893459e-01
8.350865244865417480e-01,4.209402821952252793e-01
8.605522215366363525e-01,-2.650839392729498201e-01
7.702450156211853027e-01,-2.750697946753399847e-02
7.432661950588226318e-01,-2.082277802657119814e-01
7.844286710023880005e-01,-3.052721012254924204e-01
7.748956084251403809e-01,-5.259483078581306259e-02
8.096942305564880371e-01,1.448904026268458267e-01
8.159374296665191650e-01,-3.438843376029803167e-01
7.979382872581481934e-01,-3.465350983492321291e-02
8.173865377902984619e-01,1.575513617323265336e-02
7.675223052501678467e-01,-1.687060535700157793e-01
7.661538422107696533e-01,-7.573767985265567049e-02
7.913499325513839722e-01,-1.383112504073191751e-01
7.700105011463165283e-01,-1.170791361988245960e-01
7.616670429706573486e-01,-3.496416341489192448e-01
7.916465401649475098e-01,-1.557930512344940510e-01
7.523507028818130493e-01,4.453038369207851233e-02
7.387275397777557373e-01,1.164087686181809467e-01
7.595005333423614502e-01,2.651094057508736057e-01
7.688351571559906006e-01,2.443351263844664167e-01
7.457065582275390625e-01,-1.233760973725326338e-01
7.796486616134643555e-01,-2.013462136208392650e-01
7.780231535434722900e-01,-1.548449866923715668e-01
7.314530313014984131e-01,-2.014492030536185752e-02
7.364437282085418701e-01,5.737867121311146512e-01
7.822344899177551270e-01,6.016410468673898393e-01
8.585481196641921997e-01,1.017173073067044520e+00
8.547226190567016602e-01,1.482968436547877467e+00
7.918260693550109863e-01,-4.260450002443647577e-01
7.894370257854461670e-01,-4.738686114897325830e-01
7.642934620380401611e-01,-3.147373918585540942e-01
7.319694906473159790e-01,-4.672576261728011993e-01
7.238305062055587769e-01,-7.904259202522738725e-01
7.454333752393722534e-01,-7.871044174183485787e-01
7.527064085006713867e-01,-6.993682813932613485e-01
7.540214061737060547e-01,-4.272507256219522098e-01
7.395403832197189331e-01,-2.713970042488744738e-01
7.447296530008316040e-01,-2.213593074522424153e-01
6.581450402736663818e-01,-2.041197096829398649e+00
6.430547982454299927e-01,-2.045879745457652277e+00
5.622503459453582764e-01,-2.272292369869401085e+00
5.381449759006500244e-01,-1.828616608627358309e+00
5.464323535561561584e-01,-1.885685206746395171e+00
6.018323749303817749e-01,-1.893526634904781236e+00
5.831456705927848816e-01,-1.871121002923132215e+00
6.691981554031372070e-01,-1.909400302552468398e+00
7.579621076583862305e-01,-1.763475792393750297e+00
7.196108996868133545e-01,-1.888864771416597588e+00
7.006422281265258789e-01,-1.590536779509702736e+00
4.514260739088058472e-01,-1.661633193760730487e+00
5.348549559712409973e-01,-1.729194448918192517e+00
6.016014143824577332e-01,-2.016054005724446263e+00
7.649786323308944702e-01,-2.283250632770750688e+00
7.867258936166763306e-01,-2.903412550215311860e-01
7.890278995037078857e-01,-1.058611526733539421e-01
8.007985502481460571e-01,-4.948061759204769317e-02
8.055330961942672729e-01,-3.796203600031828884e-01
8.098381757736206055e-01,2.166148651643196033e-02
8.218399882316589355e-01,1.405532367321917775e-01
8.053039908409118652e-01,-4.061614858447506471e-01
8.247107565402984619e-01,4.546515323471389536e-04
8.327509462833404541e-01,1.890612595717637845e-01
8.045824766159057617e-01,-4.260489325681615647e-01
8.470236510038375854e-01,-8.746855075337212071e-02
8.759943693876266479e-01,2.969627265352547951e-01
8.398638069629669189e-01,1.063191747689558042e-01
7.934404462575912476e-01,1.019790128180750877e-01
8.197380304336547852e-01,-3.729752945466779934e-02
7.871341705322265625e-01,-6.169123199600701213e-02
7.743298411369323730e-01,-1.007650482858655216e-01
8.435132205486297607e-01,3.429821501718239851e-01
8.402128517627716064e-01,-1.205219793099163716e-01
7.447285354137420654e-01,1.964439166204900999e-02
7.675120234489440918e-01,-3.227185111384933691e-01
7.829704433679580688e-01,-2.223058739662513439e-01
7.775767892599105835e-01,9.941813375861174862e-02
8.195973932743072510e-01,-8.419685735420978645e-02
8.064450919628143311e-01,-2.901530652398141008e-01
8.040655255317687988e-01,8.236270918314803069e-02
7.920137792825698853e-01,-1.415312618365773822e-01
7.771596163511276245e-01,-6.360571192463737589e-02
7.843578159809112549e-01,-2.517810751209736964e-02
7.948593795299530029e-01,-1.622358828957222165e-01
7.941751480102539062e-01,-3.375096662209013942e-01
8.327785730361938477e-01,-3.294251830011534210e-01
8.073162287473678589e-01,-3.415279393809633746e-02
7.756488621234893799e-01,-9.594439381768582464e-02
8.511868417263031006e-01,3.090993758011251202e-02
9.138394892215728760e-01,5.226312991085433346e-01
9.452483355998992920e-01,5.306727140200377946e-01
8.698152303695678711e-01,3.844647956676592315e-01
8.413957953453063965e-01,1.477516363229995910e-01
7.256807833909988403e-01,1.870258138729945507e-01
6.618176996707916260e-01,1.723275365336029985e-01
6.924808025360107422e-01,2.904684001576365304e-01
7.100129276514053345e-01,6.638957246874621632e-01
7.917680889368057251e-01,1.705692260357682954e-02
8.597118854522705078e-01,1.564315857177325242e-01
6.583331525325775146e-01,1.160563200538550888e+00
5.863215848803520203e-01,8.521922409074531579e-01
8.525021970272064209e-01,3.728865363809714673e-01
7.001170963048934937e-01,-1.425847501071637602e-01
7.683520019054412842e-01,-5.865549675002013075e-01
6.645279377698898315e-01,-3.124236874377639417e-01
7.184425741434097290e-01,-5.303326616383481351e-01
7.592007964849472046e-01,1.083119266664995806e-01
7.503859400749206543e-01,1.615443556679800885e-01
7.743124067783355713e-01,1.315830443905330327e-02
7.876945734024047852e-01,-8.341320139750818541e-02
8.094421923160552979e-01,-1.537220273680368621e-01
8.490219414234161377e-01,-3.066257568792529753e-02
8.803115189075469971e-01,-3.971399860402153870e-01
8.497125208377838135e-01,-6.100760686656192533e-01
8.406562209129333496e-01,-2.697238940999784340e-01
8.666206300258636475e-01,1.491227065535780660e-01
9.102704524993896484e-01,-6.710375737169984589e-01
8.870798945426940918e-01,-7.755705372145134113e-01
8.999183773994445801e-01,3.445097643402288412e-01
8.794435560703277588e-01,1.064025774841564242e+00
8.447342514991760254e-01,7.371545425198506862e-01
8.244978785514831543e-01,-3.510550236736951213e-01
7.797435671091079712e-01,-4.730398274361391486e-03
7.648896723985671997e-01,-3.925359838879027841e-01
7.943511456251144409e-01,-7.749861189968632047e-02
8.237930834293365479e-01,-1.971236468768422512e-02
8.676002621650695801e-01,-1.466275534775802747e-01
7.909841686487197876e-01,-3.713649143250208340e-02
7.797479033470153809e-01,-5.851747218474301349e-02
8.000080585479736328e-01,-4.314639296902416099e-01
7.971810996532440186e-01,-1.530947280956462819e-02
8.441651761531829834e-01,1.218585948938919472e-01
8.310237824916839600e-01,-2.582707201607403746e-01
8.143015950918197632e-01,1.790892609294214566e-03
8.482596576213836670e-01,-7.866108171550578732e-02
7.981783449649810791e-01,-3.085016625839718252e-01
7.984628379344940186e-01,-2.166111200940390447e-02
7.963378578424453735e-01,-3.492562664168064046e-01
7.748020440340042114e-01,-2.375187239625167201e-01
7.933024466037750244e-01,-3.648014914006814102e-01
7.766881734132766724e-01,7.729076049898253586e-03
7.537135332822799683e-01,1.794442935922435645e-01
8.261477053165435791e-01,2.136802280906207052e-01
9.254117906093597412e-01,4.752554110154991740e-01
8.803400397300720215e-01,1.118367868167875478e-01
8.113353848457336426e-01,3.067886674365638555e-02
7.926219254732131958e-01,-1.238968493953733763e-01
7.317881286144256592e-01,8.639165579351759661e-02
6.716152727603912354e-01,3.160356204721299633e-01
6.699421107769012451e-01,3.157397599197788729e-01
7.075320631265640259e-01,5.691016292071768845e-01
7.509611845016479492e-01,7.300265502503622272e-02
8.616864383220672607e-01,-1.695009447375661615e-01
7.627997398376464844e-01,5.730785193406138234e-01
5.443085581064224243e-01,1.198889500799937835e+00
7.583819627761840820e-01,4.109398210187333866e-01
7.077919244766235352e-01,-1.228622737297153655e-01
7.431324422359466553e-01,-7.011460662565651702e-01
7.459196150302886963e-01,-2.010482932798325351e-01
6.740755289793014526e-01,-2.511303691593176346e-01
7.567156851291656494e-01,2.595895466608721946e-02
7.699153721332550049e-01,5.541490615955746435e-01
7.670040130615234375e-01,2.961642775509356618e-01
4.469514563679695129e-01,-3.141592653589793116e+00
3.729785010218620300e-01,-2.867425139972368253e+00
2.500000000000000000e-01,-2.922591429641193894e+00
5.094990283250808716e-01,-2.005879960540340790e+00
4.723175764083862305e-01,-2.127655695754222975e+00
5.590689107775688171e-01,-2.150791054680500025e+00
5.699722021818161011e-01,-2.375953387378294313e+00
6.149510815739631653e-01,-2.024864751698810306e+00
6.971035003662109375e-01,-1.812244472125013939e+00
5.754826888442039490e-01,-2.172766565340155331e+00
5.216172933578491211e-01,-2.134728260983525416e+00
6.451428979635238647e-01,-1.756479626598220101e+00
7.236027419567108154e-01,-1.781251955745162929e+00
5.430102571845054626e-01,-1.571713588133941686e+00
4.958970323204994202e-01,-1.766654795303410186e+00
3.211596533656120300e-01,-3.141592653589793116e+00
6.520416289567947388e-01,-2.403378068926361077e+00
6.144569292664527893e-01,-1.919511149675549477e+00
4.783430248498916626e-01,3.141592653589793116e+00
6.585099101066589355e-01,3.122835094570739933e+00
7.404321730136871338e-01,2.179618920436821483e+00
6.447055190801620483e-01,1.545583390129167789e+00
8.213379681110382080e-01,-9.593534947295241366e-01
8.503124862909317017e-01,-1.844367906103550947e+00
8.322587609291076660e-01,-1.562697237801045302e+00
8.330508619546890259e-01,-1.086273739364302049e+00
8.595172464847564697e-01,-1.724818334292597122e-01
8.274762928485870361e-01,9.457987746010232399e-02
8.217233121395111084e-01,5.699697364987565962e-02
8.244676589965820312e-01,-4.867286210807506563e-01
8.121562302112579346e-01,1.295000362991700626e-01
8.016685694456100464e-01,-6.424424640787629315e-02
7.690630555152893066e-01,2.511814893686796779e-01
7.606192827224731445e-01,1.659582955034344387e-01
7.902852296829223633e-01,3.292104032204301589e-02
7.680750638246536255e-01,-1.034294785386524751e-02
8.294049799442291260e-01,-7.678423974321857415e-02
8.162786960601806641e-01,4.593650778050530903e-01
6.156585142016410828e-01,9.683991502373849869e-01
7.109035998582839966e-01,2.237102753223476626e-01
7.568699121475219727e-01,-2.781576051236100966e-02
7.446524500846862793e-01,-6.133739775567619290e-01
7.611054778099060059e-01,-6.177176973244113967e-01
6.630424410104751587e-01,-8.037033179263239902e-01
7.946835160255432129e-01,-5.276498805411757864e-01
8.038368225097656250e-01,7.245025715830477608e-02
7.609335035085678101e-01,1.975378516501340442e-01
7.575793117284774780e-01,-9.029177198615467859e-02
7.608964443206787109e-01,-1.381533956948941544e-01
7.636501789093017578e-01,1.006075680804663364e-02
7.696928828954696655e-01,-1.131649759926265375e-01
7.715485692024230957e-01,-9.418065296794253527e-02
7.718973904848098755e-01,-8.147437851203820358e-02
7.760211527347564697e-01,-8.980285306071866813e-02
8.232857435941696167e-01,-7.367513857038936465e-01
8.474671542644500732e-01,3.239575676415986649e-01
8.291227221488952637e-01,4.925583847366645784e-01
8.013644069433212280e-01,-1.511622718296568024e-02
7.722779065370559692e-01,8.344690703005452903e-02
7.773593068122863770e-01,4.278394506704277234e-01
7.797397673130035400e-01,1.101859598360745984e-01
7.425772696733474731e-01,-3.676910003774711555e-01
7.461939603090286255e-01,-6.645694628313605357e-01
7.790007740259170532e-01,-1.920850293181963764e-01
8.118825554847717285e-01,8.048567995734634550e-02
8.217337727546691895e-01,-1.056167868373933949e-01
7.872385978698730469e-01,-1.564147329014575760e-02
7.917289733886718750e-01,6.832431322760745829e-02
7.939457297325134277e-01,-1.603757064861937032e-01
7.885740697383880615e-01,4.668829318909928361e-02
8.059364557266235352e-01,2.067290031384856341e-01
8.059313148260116577e-01,-2.118781002704777094e-01
7.823983728885650635e-01,5.907848371312418578e-03
8.030833899974822998e-01,1.736105976125328354e-01
7.881714254617691040e-01,-2.775022178240993398e-02
7.775399088859558105e-01,-3.316109932717825615e-02
7.810228466987609863e-01,4.853835790886407153e-02
7.903465181589126587e-01,-2.568829843674031999e-01
7.844220101833343506e-01,-4.983771004352410827e-02
8.035947531461715698e-01,2.860694406033141846e-01
8.001599609851837158e-01,-1.475267448525099390e-01
7.700825184583663940e-01,-1.176341556147537659e-01
7.880431711673736572e-01,1.086916767931880301e-01
7.860221713781356812e-01,-2.269990087912971966e-01
7.682323753833770752e-01,-1.377438722594561682e-01
8.012702167034149170e-01,3.896371122353858851e-03
7.778721451759338379e-01,3.376854972706855307e-02
7.523123919963836670e-01,-4.671956452596193188e-02
7.569751441478729248e-01,9.501093504966684478e-02
7.437844872474670410e-01,2.095647703567156128e-01
7.263666689395904541e-01,2.516634799140917700e-01
7.458033859729766846e-01,1.516828365989830729e-02
7.739472687244415283e-01,1.455259410538580767e-01
7.625668793916702271e-01,3.710203678589918397e-02
7.351513952016830444e-01,1.177412646248452432e-01
7.447752952575683594e-01,1.285802470376840034e-01
7.470644265413284302e-01,6.074503998902969215e-04
7.741280496120452881e-01,-5.751023553215039996e-02
7.907995879650115967e-01,1.601354602275462113e-02
7.838758230209350586e-01,-8.087479275973308290e-04
7.762203514575958252e-01,3.937342191249237899e-02
7.852635979652404785e-01,7.182969901242453048e-02
7.441699206829071045e-01,1.907544901107550928e+00
7.030231356620788574e-01,1.780094635400982117e+00
6.799353510141372681e-01,1.574791380519205752e+00
6.739471852779388428e-01,1.568924634294248222e+00
7.653059512376785278e-01,1.626440487431823012e+00
7.350319027900695801e-01,1.505558606867718030e+00
8.158456534147262573e-01,2.453156794112929528e-01
7.318584024906158447e-01,6.444410676486218570e-01
7.166537642478942871e-01,9.474393962652154499e-01
7.834787666797637939e-01,7.227129897483535181e-01
7.350703030824661255e-01,3.388481075266400744e-01
7.169134020805358887e-01,6.822430580703993108e-01
6.693699955940246582e-01,8.082076075823536598e-01
6.872004270553588867e-01,1.123069054894029861e+00
6.754907071590423584e-01,1.201730698370078176e+00
6.442813277244567871e-01,1.022163379219040547e+00
6.067070886492729187e-01,8.636542157618558591e-01
6.056597977876663208e-01,6.472679871383082428e-01
6.031544357538223267e-01,6.154717786757419873e-01
6.221036836504936218e-01,9.699218958144215641e-01
6.518745720386505127e-01,1.003212668200145874e+00
6.379518061876296997e-01,1.007139655272062839e+00
6.351048201322555542e-01,1.083167203564616710e+00
6.396736502647399902e-01,1.020269122669937634e+00
6.336304545402526855e-01,1.040180444216402211e+00
6.157569512724876404e-01,7.528946984119513353e-01
6.177146062254905701e-01,4.344195859709034657e-01
6.189861521124839783e-01,2.807766732125933640e-01
6.306422948837280273e-01,5.180543550890250870e-01
6.474450826644897461e-01,2.656533772094684664e-01
6.590986102819442749e-01,2.473624539476679818e-01
6.652945131063461304e-01,3.086701907467033212e-01
6.594250351190567017e-01,3.180664784598024042e-01
