7.434387803077697754e-01,-3.141592653589793116e+00
8.200293779373168945e-01,-3.141592653589793116e+00
7.645203471183776855e-01,-3.141592653589793116e+00
8.203274011611938477e-01,-3.141592653589793116e+00
7.691060304641723633e-01,-3.141592653589793116e+00
6.181190013885498047e-01,-2.023591240549102110e+00
6.162772178649902344e-01,-1.186802286461800859e+00
6.499407291412353516e-01,-1.037750361736569982e+00
6.040489673614501953e-01,-1.623598447220868657e-01
6.217153668403625488e-01,-5.768756461004702629e-01
5.954006910324096680e-01,-6.907791499528892487e-01
5.723223090171813965e-01,-8.933146106420708499e-01
6.046963930130004883e-01,-8.276654011175561543e-01
6.283815503120422363e-01,-5.922162029933830674e-01
6.727973222732543945e-01,-4.944775460031487491e-01
6.201190948486328125e-01,-1.499745227894293542e-01
5.766818523406982422e-01,-1.589145673153113947e-02
5.592636466026306152e-01,1.160335125758304997e-02
5.313190817832946777e-01,1.524378427680224135e-01
4.779078662395477295e-01,7.362463629762414641e-01
4.968411922454833984e-01,9.183519035115308426e-01
5.274282693862915039e-01,8.766681477415021462e-01
5.422127842903137207e-01,8.678492562392730036e-01
5.477497577667236328e-01,8.025528323354094162e-01
5.501459836959838867e-01,8.517102503620406218e-01
5.591527819633483887e-01,7.960461472258577587e-01
5.694589614868164062e-01,7.031384436470808907e-01
5.787385106086730957e-01,6.557666751313475650e-01
5.910586118698120117e-01,5.911908027499186424e-01
6.647476255893707275e-01,3.141592653589793116e+00
7.361846566200256348e-01,4.536414868916605059e-01
7.247038781642913818e-01,5.306854472589996874e-01
7.274514734745025635e-01,4.859060163931063769e-01
7.271895408630371094e-01,4.499293732272260371e-01
7.344310581684112549e-01,2.463102764516804655e-01
7.337023019790649414e-01,2.981135866331974249e-01
7.318862974643707275e-01,4.858011544251845670e-01
7.326080352067947388e-01,3.232943156944929619e-01
7.408050745725631714e-01,2.311831885648940599e-02
7.406260818243026733e-01,2.902021256605205046e-01
7.341356575489044189e-01,4.325039357078095392e-01
7.334648966789245605e-01,1.947013354178470657e-01
7.364085763692855835e-01,5.098388880361337527e-02
7.320619672536849976e-01,3.161580842703815009e-01
7.328806519508361816e-01,3.542390824282368733e-01
7.313727438449859619e-01,1.950226624481219417e-01
7.279070466756820679e-01,2.681432871870703671e-01
7.277382463216781616e-01,1.268148209063135745e-01
7.240054309368133545e-01,2.355162348822372742e-01
7.370671480894088745e-01,1.389091508779878303e-01
7.408512979745864868e-01,-2.122114115256579225e-01
7.381612509489059448e-01,-3.107616252462022111e-01
7.392221391201019287e-01,1.210107109818379101e-01
7.294582426548004150e-01,-1.941656031138747629e-01
7.321763783693313599e-01,-4.496499909841200626e-01
7.539385259151458740e-01,-3.456271060591391553e-01
8.012907505035400391e-01,2.619264705174164654e-01
8.161267042160034180e-01,6.454875807258062537e-01
7.708777785301208496e-01,2.111954863100092616e+00
6.518945544958114624e-01,3.141592653589793116e+00
6.634118258953094482e-01,2.691956706619234474e+00
6.776454597711563110e-01,1.031776787381792015e+00
7.200858294963836670e-01,1.045753108797392805e+00
7.306367456912994385e-01,9.495726819251260054e-01
7.040001302957534790e-01,8.323034834094431567e-01
6.948609501123428345e-01,9.455080635203114703e-01
6.648639738559722900e-01,1.174651031421825920e+00
6.663712412118911743e-01,1.204929362898723433e+00
6.820716857910156250e-01,1.092727525356107954e+00
6.869645267724990845e-01,1.024739332186392460e+00
6.884259283542633057e-01,8.546236341618844712e-01
6.708149462938308716e-01,8.949038312166299747e-01
6.769497841596603394e-01,6.289498184901995970e-01
6.802006661891937256e-01,6.619487562741275255e-01
6.816002428531646729e-01,9.275002675718999612e-01
6.874776333570480347e-01,1.021666502019253464e+00
6.859410405158996582e-01,1.068343747251018439e+00
6.463995128870010376e-01,1.438086109875961416e+00
5.635079443454742432e-01,2.219114993401079428e+00
5.973234698176383972e-01,1.507069180966335242e+00
6.645126938819885254e-01,1.083166641804074182e+00
6.379764825105667114e-01,2.954702224007526024e-01
6.066061034798622131e-01,2.066280734943608532e-01
6.375718712806701660e-01,6.768486120214971535e-01
6.811774373054504395e-01,7.904166512033232728e-01
6.755965650081634521e-01,5.394546229532233284e-01
6.597754657268524170e-01,7.302627705584567863e-01
6.932573914527893066e-01,8.074481073289767608e-01
6.811189651489257812e-01,8.582186207532203071e-01
6.471845060586929321e-01,8.810935100413193055e-01
6.549164205789566040e-01,7.554383501481134466e-01
6.692057549953460693e-01,7.782323459181017533e-01
6.490605324506759644e-01,4.229921125764821710e-01
6.409288942813873291e-01,-3.141592653589793116e+00
7.177231013774871826e-01,-2.008024294157586098e+00
7.997414469718933105e-01,-7.291782918312792461e-01
7.768567502498626709e-01,-4.425899717402659306e-01
7.665393054485321045e-01,-1.598939031942947508e-02
7.547918260097503662e-01,-6.678362876391550351e-01
7.301308214664459229e-01,-8.856604359978303975e-02
7.100387513637542725e-01,-1.003688198499319562e-01
6.972579360008239746e-01,1.881523310140975624e-02
7.131740897893905640e-01,1.848978649382360118e-02
7.202498763799667358e-01,9.400463466464525908e-02
7.212092131376266479e-01,1.745970491250550261e-01
7.217866778373718262e-01,2.531326709860830526e-01
7.229819595813751221e-01,2.525922573442569430e-01
7.248121649026870728e-01,2.661617705003753720e-01
7.291646301746368408e-01,1.392885264976482240e-01
7.314069569110870361e-01,1.151399388063265583e-01
7.342614680528640747e-01,3.519324936409842230e-01
7.396219074726104736e-01,2.534034395675384133e-01
7.388539761304855347e-01,2.045182881504770123e-02
7.387994229793548584e-01,2.151569093031775459e-01
7.452175319194793701e-01,3.861744202518142544e-01
7.425622940063476562e-01,5.317213336992576700e-02
7.414132058620452881e-01,-9.211824276313640425e-02
7.337589710950851440e-01,1.213335360402258978e-01
7.318015843629837036e-01,-1.373380938943014051e-01
7.437072098255157471e-01,-1.405030527904003179e-01
7.439974695444107056e-01,-1.312557252478048220e-01
7.376061230897903442e-01,-1.378773840150424590e-01
7.378903627395629883e-01,4.242415616496231223e-02
7.284391373395919800e-01,6.185021022951708858e-02
7.276382744312286377e-01,1.866314579722025968e-01
7.278301119804382324e-01,3.377016010729012585e-01
7.250462025403976440e-01,3.647904434433466569e-01
7.225290834903717041e-01,1.839050468062342070e-01
7.225110083818435669e-01,1.912322768147749485e-01
7.225478440523147583e-01,2.147558122758765897e-01
7.269694209098815918e-01,2.307154292865569722e-01
7.285819202661514282e-01,1.404337689901664632e-01
7.286162674427032471e-01,1.339132271205674130e-01
7.252129316329956055e-01,1.739476539379958275e-01
7.255479991436004639e-01,1.287416595668777752e-01
7.271523326635360718e-01,7.861389382994099506e-02
7.280918657779693604e-01,6.301829765076094603e-02
7.285932004451751709e-01,1.034549450165753726e-01
7.289493978023529053e-01,1.009390068005071583e-01
7.319910377264022827e-01,1.252935733573896648e-01
7.289642989635467529e-01,2.173713693614720555e-02
7.272868752479553223e-01,2.819251458282323597e-02
7.217208445072174072e-01,6.627613428987633171e-02
7.093568295240402222e-01,7.483361988635772732e-02
6.915308237075805664e-01,1.651594720120868054e-01
6.987453103065490723e-01,3.750463184131325178e-02
6.775248199701309204e-01,3.389093862391443501e-01
6.941666007041931152e-01,4.962218124875406033e-04
7.040698528289794922e-01,-2.902062452378317836e-01
7.231601774692535400e-01,-3.773577757917547792e-01
7.312252521514892578e-01,-9.658779689229213261e-02
7.420887053012847900e-01,-5.672957563167502215e-02
7.480638176202774048e-01,-2.542805350277990151e-01
6.619937866926193237e-01,2.735791443506260023e+00
7.401099950075149536e-01,2.477388615991289456e+00
7.446552217006683350e-01,3.141592653589793116e+00
7.101433277130126953e-01,6.296545470906886877e-01
6.554439663887023926e-01,3.248104137717777729e-01
6.458829641342163086e-01,5.398440634492684964e-01
6.127134263515472412e-01,5.139230276197959135e-01
5.923506096005439758e-01,8.899957293573437234e-01
6.008083298802375793e-01,1.131030044421198255e+00
6.366329640150070190e-01,1.275606984665363264e+00
6.927997618913650513e-01,1.179190618365272059e+00
7.326540350914001465e-01,1.220400529117753319e+00
7.366132438182830811e-01,1.219240212717346505e+00
7.439428269863128662e-01,9.783918403930393914e-01
7.427662760019302368e-01,9.365432079038051860e-01
7.212105691432952881e-01,9.546445369825327099e-01
6.835356354713439941e-01,1.280031129817338353e+00
7.309101521968841553e-01,1.079805347598393084e+00
7.002675682306289673e-01,1.127154458438914375e+00
6.505353003740310669e-01,1.113923593263129508e+00
6.222349330782890320e-01,1.008062627843289594e+00
6.312305927276611328e-01,9.673821764020567038e-01
5.970644801855087280e-01,1.319165054485237576e+00
6.755057275295257568e-01,1.010459660077875021e+00
6.600900888442993164e-01,7.821510470220176536e-01
6.102074384689331055e-01,-6.614149901320542924e-02
6.251260191202163696e-01,7.659278238767979197e-01
5.903592258691787720e-01,5.749198299585915883e-01
5.699206814169883728e-01,2.240651207316548543e-01
5.999764204025268555e-01,2.691354499317739624e-01
6.022508665919303894e-01,5.105278873414329510e-01
5.899832472205162048e-01,6.508501936773036789e-01
6.179279759526252747e-01,3.968261491505062910e-01
6.057110279798507690e-01,7.047101092046883508e-01
6.431132256984710693e-01,1.120631014139846116e+00
5.990405082702636719e-01,1.188909637510001893e+00
5.673905536532402039e-01,1.316759314962244520e+00
6.438863277435302734e-01,1.055680260223096578e+00
6.673781573772430420e-01,-3.141592653589793116e+00
7.231078594923019409e-01,-2.807022118526930399e+00
8.319489955902099609e-01,-1.303748659919095498e+00
7.763122022151947021e-01,-7.344232627625140175e-01
7.397456169128417969e-01,-6.001684852321438335e-01
7.211604714393615723e-01,-4.329844282251071874e-02
6.988932490348815918e-01,-1.986976999167553437e-01
6.937622129917144775e-01,1.507476925493387299e-01
7.130901962518692017e-01,6.570613459281560154e-02
7.158665955066680908e-01,3.272236434353366086e-01
7.311754822731018066e-01,2.032981442522991955e-01
7.409805655479431152e-01,2.219070239811200551e-01
7.496549785137176514e-01,1.809764018449877554e-01
7.518779337406158447e-01,4.873913112673142756e-01
7.635093331336975098e-01,5.261898648913776455e-02
7.593389153480529785e-01,2.386137825132434997e-01
7.587105929851531982e-01,6.329970223181984323e-01
7.572954893112182617e-01,7.048858934410917598e-02
7.595459520816802979e-01,1.617323581961831458e-01
7.550165057182312012e-01,3.567400403631735273e-01
7.385670393705368042e-01,2.044879530811840596e-01
7.314068973064422607e-01,-6.080851893032157562e-02
7.434909641742706299e-01,1.011202682022007693e-01
7.312543392181396484e-01,1.847143564943740657e-01
7.434856295585632324e-01,1.775339332409240356e-01
7.518287897109985352e-01,-1.293270140520990097e-01
7.506143748760223389e-01,1.073464475475618407e-01
7.495404630899429321e-01,3.123426066661387779e-01
7.503488361835479736e-01,-7.428571610396605962e-02
7.529174983501434326e-01,-1.322779421815285517e-01
7.474014461040496826e-01,2.477940732977748084e-01
7.583830058574676514e-01,2.744799461057789713e-02
7.530845105648040771e-01,-2.848257027623550819e-01
7.521159052848815918e-01,1.351225103149236162e-01
7.460633814334869385e-01,1.669604763111447454e-01
7.422142177820205688e-01,-4.748215446232224579e-01
7.491057217121124268e-01,2.667130448460217629e-01
7.492472082376480103e-01,-1.447739309410467357e-01
7.406208813190460205e-01,-1.917050919379938989e-01
7.454697638750076294e-01,-2.775479076815488000e-01
7.504396438598632812e-01,8.288589550167246855e-02
7.506623864173889160e-01,-2.425901108861379107e-01
7.432826608419418335e-01,-2.797925155556195698e-01
7.421980351209640503e-01,1.205815259274150009e-01
7.483633756637573242e-01,5.081397496487691789e-01
7.412569969892501831e-01,2.913803247715285316e-01
7.372483909130096436e-01,-3.195202211168766127e-01
7.291747331619262695e-01,-2.035970008608765092e-01
7.294411957263946533e-01,1.568592727440423218e-01
7.027238011360168457e-01,2.078049618307695745e-01
7.006343007087707520e-01,1.420920861114449707e-01
6.947816908359527588e-01,-1.046700330698699943e-01
7.057233154773712158e-01,1.384926990625268139e-01
7.149456888437271118e-01,8.044785474748739063e-03
7.224902510643005371e-01,-2.470121026227003469e-01
7.346032559871673584e-01,-1.762555534998480056e-01
7.418998777866363525e-01,3.051820322851872547e-02
7.553910613059997559e-01,4.461314974533125977e-02
7.547011077404022217e-01,-1.188082351484505139e-01
5.034850239753723145e-01,3.141592653589793116e+00
7.003769576549530029e-01,2.844969043168656953e+00
6.562921255826950073e-01,2.270334634379002736e+00
7.107989042997360229e-01,4.187442197946971145e-01
7.022456526756286621e-01,8.164778462881345789e-01
6.844208538532257080e-01,3.788628727250831218e-01
6.139093339443206787e-01,1.026663081163973423e+00
6.578123122453689575e-01,7.782895050532947501e-01
6.560215801000595093e-01,1.379494204419345227e+00
6.705224961042404175e-01,1.362163610804843383e+00
7.138710618019104004e-01,1.464770578282608149e+00
7.525773942470550537e-01,1.115693419852082258e+00
6.950944811105728149e-01,1.123139555842105786e+00
7.333756387233734131e-01,1.000948211453576153e+00
6.936440318822860718e-01,9.895309901890541049e-01
6.549013555049896240e-01,9.764043315938915057e-01
6.411667019128799438e-01,1.389848293857302242e+00
6.853869855403900146e-01,7.720052303051696541e-01
6.329275816679000854e-01,1.143989860135256276e+00
6.308833360671997070e-01,1.075790725881855536e+00
6.049406975507736206e-01,1.010038058790774684e+00
5.838942527770996094e-01,1.346309885656412852e+00
6.798493862152099609e-01,9.116805289362872600e-01
6.937890499830245972e-01,4.568431006631534785e-01
6.418120861053466797e-01,3.620902477693586086e-01
6.400048583745956421e-01,7.464131052732949634e-01
6.094992011785507202e-01,5.838292117215320154e-01
6.117156222462654114e-01,2.145750190079684927e-01
5.873954966664314270e-01,5.091229242247941045e-01
6.108652055263519287e-01,4.811225317474847607e-01
6.056619659066200256e-01,6.394024969033544892e-01
6.402831822633743286e-01,5.530801249100711914e-01
6.623410880565643311e-01,7.913772617308936219e-01
6.665405780076980591e-01,1.019732641351908775e+00
6.178949624300003052e-01,1.098922620618120405e+00
6.129252314567565918e-01,1.141225717386187277e+00
6.642333865165710449e-01,1.075738201271137395e+00
6.507312208414077759e-01,-3.141592653589793116e+00
7.192354649305343628e-01,-3.007597783937058011e+00
8.336883783340454102e-01,-1.217337342506592757e+00
7.891897559165954590e-01,-6.890749557206450326e-01
7.280412018299102783e-01,-4.270067342930197185e-01
7.116665840148925781e-01,1.366272795546024099e-01
7.043754160404205322e-01,-1.193141941436732800e-01
7.029617726802825928e-01,1.593254015253480205e-01
7.184807658195495605e-01,2.962275692387184023e-02
7.167252004146575928e-01,2.621317003689207503e-01
7.264947742223739624e-01,3.922777612918952883e-01
7.354871481657028198e-01,2.669059159655922109e-01
7.540542483329772949e-01,1.103971818000317739e-01
7.518755495548248291e-01,2.657677891066119180e-01
7.480873614549636841e-01,5.581244537008984707e-01
7.658819556236267090e-01,1.246797563380184215e-01
7.715616822242736816e-01,2.788560607313743667e-01
7.614832222461700439e-01,3.567842321925120963e-01
7.501933872699737549e-01,4.389772896918433531e-01
7.589596509933471680e-01,1.437710011192798731e-01
7.506195306777954102e-01,-1.434120361326614024e-01
7.217840403318405151e-01,2.453384307132617792e-01
7.278228700160980225e-01,4.140115276647877707e-01
7.260842323303222656e-01,7.984489843195774483e-04
7.493576705455780029e-01,-1.663794286567492620e-01
7.384519577026367188e-01,7.031706512515123464e-02
7.243007421493530273e-01,4.417583788839425374e-01
7.360362112522125244e-01,7.005603372643154358e-02
7.432404756546020508e-01,-2.597133212337228159e-01
7.346954494714736938e-01,-2.076399914848070516e-01
7.326740920543670654e-01,4.085227526581345359e-01
7.439526319503784180e-01,-1.388320024301599176e-01
7.375348806381225586e-01,-3.337962417818682859e-01
7.325088977813720703e-01,3.669067826602270266e-01
7.309058457612991333e-01,8.053530213859518838e-01
7.488844543695449829e-01,-3.316218539756028427e-01
7.462987005710601807e-01,-3.563189072098587040e-01
7.435406446456909180e-01,-2.981519736035975754e-01
7.130167782306671143e-01,4.816752104944872492e-01
7.357110381126403809e-01,7.691475544257864172e-02
7.524460256099700928e-01,-5.189549508653112930e-01
7.480062544345855713e-01,-1.391797322059291631e-01
7.374494969844818115e-01,6.141263621766013259e-01
7.144532501697540283e-01,3.764604569519658384e-01
7.053237259387969971e-01,-4.843656689857400721e-01
7.130468934774398804e-01,4.823148684988107782e-01
7.105643749237060547e-01,-7.682496738254536162e-01
7.212017327547073364e-01,1.138081918137188175e-01
7.418983131647109985e-01,-1.486380944589678066e-01
6.612690538167953491e-01,-6.214652019030193486e-01
6.888784915208816528e-01,4.615312264566950873e-02
7.310200929641723633e-01,-3.143229998317487173e-01
7.651727795600891113e-01,-9.839969934587342593e-01
7.732771635055541992e-01,-9.589276802383559506e-01
7.837221622467041016e-01,-1.054484459281757047e-01
7.223612815141677856e-01,-1.266176429559173755e-01
7.275324463844299316e-01,-1.082573235417744861e+00
7.665330171585083008e-01,-1.530858897297795673e+00
7.593704462051391602e-01,-1.213869032917576973e+00
4.250994101166725159e-01,-2.652691423611161170e+00
5.038255527615547180e-01,-3.141592653589793116e+00
6.348139345645904541e-01,-2.360568825909556967e+00
7.917552143335342407e-01,-2.383194761650599069e+00
6.417033225297927856e-01,-2.233710562187961379e+00
6.964578032493591309e-01,-1.462595254208771678e+00
7.121217250823974609e-01,-1.346524665437138557e+00
7.030557245016098022e-01,-1.155953768034328144e+00
6.315229982137680054e-01,-1.437413401626391085e+00
6.524553894996643066e-01,-3.141592653589793116e+00
7.860491573810577393e-01,-8.089853650533598284e-01
7.700732052326202393e-01,-5.058831575497935162e-01
7.718226313591003418e-01,-8.600920921622527970e-01
7.605240345001220703e-01,-9.812527932089221139e-01
7.693212926387786865e-01,-6.037206843954971980e-01
7.541640996932983398e-01,-7.186565168714045271e-01
7.150461077690124512e-01,-1.055579892339513215e-01
7.224002778530120850e-01,7.304392569955395764e-01
7.357841730117797852e-01,-2.830280690265514210e-01
7.593361139297485352e-01,-7.425232880239360789e-01
7.344597280025482178e-01,-2.899167513049616396e-01
7.276434749364852905e-01,1.020126060985130145e+00
7.390342056751251221e-01,-5.023440661324305445e-01
7.189343869686126709e-01,-1.462292652529910697e-01
7.017594873905181885e-01,4.926242979736437100e-01
6.931018233299255371e-01,1.091068552847529460e+00
7.062379121780395508e-01,-1.000033009903186443e+00
7.287674248218536377e-01,-4.686526648531903483e-01
7.284001111984252930e-01,-4.875987881609900043e-02
6.303324699401855469e-01,-6.814786424122760700e-01
7.110618948936462402e-01,-6.807638957487816000e-02
7.340995967388153076e-01,-4.686936733727882221e-01
7.854211330413818359e-01,-1.090558474274995415e+00
7.696124613285064697e-01,-6.632734812599547780e-01
7.751894891262054443e-01,1.258901630534596805e-01
6.977902948856353760e-01,-1.674552000955191744e-01
7.267464995384216309e-01,-8.348222304282235662e-01
7.597945928573608398e-01,-6.490218035518018347e-01
7.518241405487060547e-01,-4.231708460557346285e-01
6.529619544744491577e-01,2.139104375609122144e+00
6.808968633413314819e-01,2.408393279795738806e+00
6.731957942247390747e-01,2.108997381097667656e+00
7.012621611356735229e-01,2.351705648951232241e-01
7.415706664323806763e-01,-5.710333364591089200e-01
7.375835031270980835e-01,-4.416743020560911503e-01
7.318360954523086548e-01,-3.114106459262329096e-01
7.496026754379272461e-01,-8.977566385046471531e-01
7.502871155738830566e-01,-4.647688397162852425e-02
7.565359175205230713e-01,7.646662033252380475e-01
7.665477693080902100e-01,-6.143544369568321173e-02
7.575661242008209229e-01,-8.350944970377920384e-01
7.402235418558120728e-01,-2.286013371118462700e-01
7.013024985790252686e-01,8.343810611488953199e-01
6.950623989105224609e-01,5.064331211208408234e-01
7.390168607234954834e-01,-1.416357492974706922e-01
7.335251271724700928e-01,-9.825042084439594703e-02
7.114048302173614502e-01,6.684358733914512740e-01
7.221894860267639160e-01,6.168962161578521730e-01
7.462397515773773193e-01,-4.806189134211886760e-01
7.396983653306961060e-01,-2.887162690257705222e-01
7.057685852050781250e-01,-4.985342061336117681e-01
6.894632726907730103e-01,-2.395944291668272719e-01
6.924339234828948975e-01,-5.084625747071580548e-02
7.030767798423767090e-01,7.578936182255979759e-02
7.153626382350921631e-01,-1.530917320394209469e-01
7.150060385465621948e-01,-1.620049993127796739e-01
7.167499363422393799e-01,3.586953415578886251e-02
7.134692370891571045e-01,8.490261584902691894e-02
7.144811153411865234e-01,-1.446761846066624280e-01
7.167868167161941528e-01,6.796703352261657116e-02
7.201717793941497803e-01,-5.067042642093255722e-02
7.216426283121109009e-01,-1.421278515326469538e-01
7.189996987581253052e-01,1.939047589686682116e-02
7.165962904691696167e-01,1.559091484132646421e-01
7.225069403648376465e-01,-1.067483598233787134e-01
7.362867593765258789e-01,-2.800687144889848490e-01
7.420622557401657104e-01,9.043932775530150181e-02
7.320363223552703857e-01,2.417768688742012451e-01
7.532831430435180664e-01,-1.881826660833900711e-01
7.483949512243270874e-01,-3.955385939872368972e-01
7.351384907960891724e-01,6.864039715948644371e-02
7.381826788187026978e-01,2.694641734758578266e-01
7.211533635854721069e-01,1.025475144870231503e-01
7.040743827819824219e-01,1.230225627378245257e-01
7.051934897899627686e-01,4.205159657321697608e-01
7.170476615428924561e-01,-5.062046718335824202e-01
7.193365246057510376e-01,-6.010307876647873471e-01
7.375694215297698975e-01,-3.426758034226828897e-02
6.719844341278076172e-01,-6.428641589926180622e-01
6.638216972351074219e-01,1.868411819080466607e-01
7.292081415653228760e-01,-2.400953323171681753e-01
7.584161758422851562e-01,-6.019584415738674643e-01
7.734985351562500000e-01,-9.086881241534738862e-01
7.737289965152740479e-01,1.902458253022532020e-02
7.534498274326324463e-01,1.110372143113833587e-01
7.120008766651153564e-01,-6.550807655090302717e-01
7.510693073272705078e-01,-9.915556688107596273e-01
7.511079609394073486e-01,-7.562384844140601636e-01
6.883069574832916260e-01,1.016435294221308183e+00
6.691722720861434937e-01,1.985326172186840488e+00
7.136443555355072021e-01,1.167585207319032925e+00
7.247418165206909180e-01,1.108005633202052920e+00
7.232569456100463867e-01,3.969280150622016556e-01
7.369487732648849487e-01,-3.417077027545452061e-01
7.503909468650817871e-01,-6.618570956789526782e-01
7.428166121244430542e-01,-3.399568823972787257e-02
7.434257119894027710e-01,1.678521775455088516e-01
7.461546510457992554e-01,-4.623731182562975661e-01
7.563221454620361328e-01,-7.505907311738968524e-01
7.568674385547637939e-01,-4.154372759214965960e-01
7.657791972160339355e-01,-1.266492887998080796e-01
7.436927407979965210e-01,2.898291166603415014e-01
7.124070823192596436e-01,2.354480746030880312e-01
7.088878601789474487e-01,-7.385428400737303889e-02
7.272629290819168091e-01,-4.397087019181000755e-02
7.656578123569488525e-01,3.250664829523728372e-01
7.542451918125152588e-01,2.995142429190109645e-01
7.323369681835174561e-01,6.948258856471030143e-01
7.191210687160491943e-01,7.058689743903605596e-01
7.094624191522598267e-01,5.185109727832704074e-01
7.158625423908233643e-01,-4.399839645838943269e-02
7.180529832839965820e-01,-5.507773748198583341e-01
7.178681790828704834e-01,4.536291281597248926e-02
7.287192344665527344e-01,1.608814782279028854e-01
7.317578345537185669e-01,-1.307130645638090449e-01
7.305289953947067261e-01,-5.247719812822628782e-01
7.206505089998245239e-01,1.239296187603486921e-01
7.260175049304962158e-01,9.319569948353345623e-02
7.327250242233276367e-01,-3.996519919324863501e-01
7.259652465581893921e-01,-2.340294419798993886e-03
7.292510569095611572e-01,4.769796413737559249e-02
7.282359749078750610e-01,5.248191691678272264e-02
7.303113937377929688e-01,-2.766198792654401828e-01
7.301004827022552490e-01,-6.124650489990957070e-02
7.343519032001495361e-01,8.496291148058210396e-02
7.298163771629333496e-01,1.019194662005764584e-01
7.300306558609008789e-01,-1.760808459711493690e-01
7.309558093547821045e-01,-1.839735815924115059e-01
7.287673503160476685e-01,9.948142544639315688e-02
7.264315336942672729e-01,1.549152067601764493e-01
7.314946353435516357e-01,-8.845687480103592293e-02
7.383408844470977783e-01,-2.510507864158073588e-02
7.361687421798706055e-01,8.488576303275374713e-02
7.314115464687347412e-01,1.035811538851101332e-01
7.342862188816070557e-01,9.881967152740056548e-02
7.374270707368850708e-01,6.251196414850967997e-02
7.357100695371627808e-01,-2.690327413792648059e-02
7.264739573001861572e-01,-5.171548828338234927e-02
7.011420726776123047e-01,1.301127297974562502e-01
7.226422876119613647e-01,1.563843978321677319e-01
7.065171450376510620e-01,2.449860195996387269e-01
7.170524746179580688e-01,-1.470900696575210276e-01
7.205935865640640259e-01,-5.743870468974687782e-02
7.351673990488052368e-01,-2.250364047095310127e-01
7.265217751264572144e-01,1.560057712265638941e-01
7.278430610895156860e-01,-9.560434143599616519e-02
7.277394086122512817e-01,-6.788314394827921205e-02
7.313157469034194946e-01,-1.068884254519599786e-01
7.318177670240402222e-01,-5.030752911051727949e-02
7.321186661720275879e-01,9.645054006642173050e-03
7.303150892257690430e-01,2.691170054606306650e-02
7.304161638021469116e-01,-3.157375128776074291e-02
7.321109920740127563e-01,-8.449346692061743269e-02
7.342710196971893311e-01,-3.918242332806309847e-02
7.359961569309234619e-01,1.896503591272580280e-03
7.364320307970046997e-01,-5.038299227671805269e-02
7.360437363386154175e-01,-6.125998715292801933e-02
7.353880107402801514e-01,-5.855379936648752448e-02
7.388494163751602173e-01,1.357625428262743128e-02
7.422746419906616211e-01,2.038142149372879075e-02
7.429919987916946411e-01,6.875574532420047902e-02
7.410782724618911743e-01,1.041328027377845800e-01
7.367125153541564941e-01,1.228098427457546826e-01
7.328586280345916748e-01,1.317422098775566930e-01
7.328071147203445435e-01,8.235559354961052847e-02
7.315721064805984497e-01,-2.782755748375231875e-02
7.263867557048797607e-01,-1.489109228290788067e-01
6.988096833229064941e-01,-1.795645103483254346e-01
7.106126546859741211e-01,2.624245648650447293e-02
7.070104777812957764e-01,1.534729801942225080e-02
7.152073383331298828e-01,4.724518514017006510e-02
7.283473908901214600e-01,-2.366180345594735002e-01
7.407753467559814453e-01,-4.039792333908911459e-01
7.440741211175918579e-01,-4.648295098548671511e-01
7.564807534217834473e-01,-1.926849895775211152e-01
7.753192782402038574e-01,-2.736369307850914367e-01
5.313100367784500122e-01,3.141592653589793116e+00
3.562594205141067505e-01,3.141592653589793116e+00
4.050765186548233032e-01,3.141592653589793116e+00
6.726358979940414429e-01,2.713489549971447978e+00
7.714698016643524170e-01,3.799185612244608823e-01
6.770110726356506348e-01,8.280782014894914056e-01
7.929189354181289673e-01,9.011374070757995902e-01
7.887139916419982910e-01,8.135580958688097830e-01
7.476954609155654907e-01,7.110759796716026315e-01
7.229730486869812012e-01,5.818946488535092776e-01
7.320451289415359497e-01,3.338607974308702708e-01
7.323541641235351562e-01,1.158722873001523102e-01
6.776244491338729858e-01,5.387101497943564965e-01
6.819240301847457886e-01,5.231593540184356073e-01
6.863229870796203613e-01,8.782352724013917644e-01
7.089033424854278564e-01,9.358693761331502436e-01
6.964489072561264038e-01,8.147757118445455582e-01
7.230657637119293213e-01,4.650596912371316449e-01
6.810886114835739136e-01,1.085287849612322386e+00
7.628037184476852417e-01,1.064447657008935622e+00
7.394226789474487305e-01,8.368748098235370136e-01
6.729180663824081421e-01,1.131112342340665489e+00
6.126766353845596313e-01,1.735276255804146572e+00
5.593268722295761108e-01,1.534016272426571792e+00
6.839575469493865967e-01,1.178027212281881564e+00
6.734983623027801514e-01,8.506601326547089670e-01
6.230404675006866455e-01,2.481857140226115810e-01
5.990876480937004089e-01,4.898351568804364398e-01
5.699080303311347961e-01,4.483461915784987539e-01
5.709347575902938843e-01,8.214261140262046901e-01
6.019429266452789307e-01,6.600368042679374270e-01
6.091971844434738159e-01,6.739996434305197681e-01
6.579867005348205566e-01,8.862858627350793661e-01
6.356782317161560059e-01,4.291490081216091657e-01
6.742883622646331787e-01,1.045436837612000236e+00
6.465929001569747925e-01,8.631034095499949821e-01
7.018555700778961182e-01,7.068835607433832102e-01
6.231064945459365845e-01,-3.141592653589793116e+00
7.579585909843444824e-01,-2.529223852896968161e+00
8.314624726772308350e-01,-1.138818760715352152e+00
7.847080528736114502e-01,-7.561263195590863795e-01
7.289711982011795044e-01,-3.450076714343435214e-01
7.133529782295227051e-01,-2.899864096122239943e-02
6.989800333976745605e-01,-2.609952587915675970e-01
6.907076537609100342e-01,6.930627065579031409e-02
7.111826539039611816e-01,1.521592095389729948e-01
7.153910398483276367e-01,3.421529916111847314e-01
7.243275642395019531e-01,2.534049375956515249e-01
7.289525568485260010e-01,1.623390595820168869e-01
7.345588803291320801e-01,2.667351407606908253e-01
7.412293106317520142e-01,4.987280135207532439e-01
7.538934648036956787e-01,1.576165259552495534e-01
7.555879056453704834e-01,9.032435409761596645e-02
7.518244683742523193e-01,6.439565959941471185e-01
7.516455650329589844e-01,2.303881101438292056e-01
7.618875503540039062e-01,7.760646992383435361e-02
7.544934153556823730e-01,4.086650653288854684e-01
7.424544245004653931e-01,4.462056498449147313e-01
7.326888591051101685e-01,-2.629417590711171648e-01
7.431271523237228394e-01,2.155550102742527230e-01
7.312747985124588013e-01,1.237056635574300678e-01
7.349220514297485352e-01,2.327988118849475541e-01
7.521582543849945068e-01,-1.653529048921997813e-01
7.445916384458541870e-01,5.496152795110686995e-02
7.416757196187973022e-01,2.926843582440423752e-01
7.412498891353607178e-01,1.791753975459275949e-02
7.473246008157730103e-01,-2.568097682433716500e-01
7.471494227647781372e-01,-1.428156336901058587e-01
7.413608282804489136e-01,2.830134632524479166e-01
7.443256229162216187e-01,-1.617445296746025107e-01
7.332822680473327637e-01,3.459298949915137200e-01
7.411582618951797485e-01,-2.569865355607259261e-01
7.395154833793640137e-01,5.580641580693432857e-01
7.517681121826171875e-01,-6.053782525027195938e-01
7.393193691968917847e-01,7.071801234964123495e-01
7.578969895839691162e-01,-3.792984712123659286e-01
7.459270805120468140e-01,2.671688198994535135e-01
7.594567835330963135e-01,-1.450126791715833363e-01
7.461675554513931274e-01,3.680475310684054868e-01
7.602113783359527588e-01,-3.165022562293819952e-01
7.432360947132110596e-01,4.850101955814309918e-01
7.454029917716979980e-01,3.175621111194497637e-01
7.236339151859283447e-01,4.761718297137305100e-01
7.373601347208023071e-01,-3.650509130815242642e-01
7.296672910451889038e-01,-4.083137777363488041e-02
7.269439250230789185e-01,6.192436262111886691e-01
6.751018017530441284e-01,-6.144761517410257667e-02
6.995925903320312500e-01,-8.497658098711458052e-02
7.284733057022094727e-01,-1.235438765212077961e-01
7.511040866374969482e-01,-4.056712561447159970e-01
7.382357269525527954e-01,1.523157534767971555e-02
7.512727081775665283e-01,7.835256282559863727e-01
6.928634345531463623e-01,-8.903118132892240411e-02
7.038292735815048218e-01,-2.993532048968452486e-01
7.234981954097747803e-01,-5.523435632121787009e-02
6.981077790260314941e-01,2.296608174948855385e-01
7.105295658111572266e-01,-1.126891648131955748e-03
7.128250300884246826e-01,-6.746126178090783299e-02
7.133755385875701904e-01,-3.814297907103769703e-02
7.140935659408569336e-01,1.800105482190206274e-02
7.171377241611480713e-01,-7.744187408489988655e-02
7.191207706928253174e-01,-1.101091858952747415e-01
7.186143547296524048e-01,-1.878302549697665746e-01
7.153920233249664307e-01,-1.936894174274028657e-02
7.119503617286682129e-01,9.925409968021980944e-02
7.154671400785446167e-01,-1.799307782219954355e-01
7.243632823228836060e-01,-2.148129245976910795e-01
7.240291833877563477e-01,2.915406137796376917e-01
7.271507829427719116e-01,1.874557479414740158e-02
7.294664978981018066e-01,-4.465404591282085001e-01
7.336921840906143188e-01,-7.779578322663649459e-02
7.212287634611129761e-01,6.747676637187907112e-01
7.379413694143295288e-01,-4.711936950401542923e-01
7.389582842588424683e-01,-4.229981983156920755e-01
7.369803786277770996e-01,-2.045308341359235449e-01
6.975603103637695312e-01,1.090993651441871215e+00
7.462795227766036987e-01,-8.200509242183149361e-01
7.349901646375656128e-01,-4.192641759901025722e-01
7.456574141979217529e-01,4.267814683155015665e-01
7.172695249319076538e-01,7.471224215848808470e-01
7.601889371871948242e-01,-1.029645655137294114e+00
7.545743882656097412e-01,-2.066198343397385173e-01
7.386996895074844360e-01,8.640214199030964437e-01
7.427204549312591553e-01,-3.262006774875563231e-01
7.531025707721710205e-01,-6.025866771138277400e-01
7.524526119232177734e-01,-7.082403528935081738e-01
7.441942095756530762e-01,-2.493583891549522313e-01
7.416253387928009033e-01,-3.185706585466410168e-01
7.444890588521957397e-01,-1.526005660718152690e-01
7.478783726692199707e-01,1.736918656376724712e-01
7.318524271249771118e-01,2.972743163827940016e-01
7.270054668188095093e-01,6.465339533628533530e-02
7.343147546052932739e-01,-1.290732855404308488e-01
7.283775508403778076e-01,1.816475184396875164e-01
7.194362431764602661e-01,3.284153247993630842e-01
7.224019765853881836e-01,9.820585450802932215e-02
7.274524867534637451e-01,-2.870221864832878111e-02
7.308930754661560059e-01,1.098039626672164815e-01
7.244926542043685913e-01,3.106135077165124159e-01
7.236925363540649414e-01,1.087864270713461146e-01
7.283045053482055664e-01,-6.368098783732412116e-02
7.345544695854187012e-01,-1.765707011641559632e-02
7.385839819908142090e-01,1.721912159753045124e-01
7.332392036914825439e-01,1.440245423774340061e-01
7.228062301874160767e-01,2.316251068582797501e-02
7.216651886701583862e-01,7.664660841032233662e-03
7.240795493125915527e-01,1.893971923761421650e-01
7.205262780189514160e-01,2.891651156991787985e-01
6.920566856861114502e-01,6.034154611674389379e-01
7.102643549442291260e-01,2.090940150221523020e-01
7.069368362426757812e-01,-3.868432898043439039e-02
7.211602479219436646e-01,-2.706009895602390358e-01
7.637321949005126953e-01,-2.784117081423054252e-01
7.932100594043731689e-01,5.084805510445153942e-01
7.842282652854919434e-01,-6.871904363542791216e-02
