4.406358152627944946e-01,1.944705641870134727e+00
5.871412009000778198e-01,1.173964560038966098e+00
7.109105437994003296e-01,1.130557322924736319e+00
6.976248174905776978e-01,9.112257837771826630e-01
3.755874037742614746e-01,1.307398792670347198e+00
3.514612317085266113e-01,6.584627512280247785e-01
4.134332984685897827e-01,3.549570124014733707e-01
3.538229912519454956e-01,1.266396265184782877e+00
4.006334990262985229e-01,1.376548144881283520e+00
5.023427158594131470e-01,6.008770525296731613e-01
6.039043366909027100e-01,5.587847095917779505e-01
7.199197113513946533e-01,4.698130748803541756e-01
7.023436427116394043e-01,2.295611986253596193e-01
6.833729743957519531e-01,2.323003430302903460e-01
7.309398651123046875e-01,3.389239920132478545e-01
7.306593507528305054e-01,3.090551839717878835e-01
6.259704232215881348e-01,5.546782400265519719e-01
6.353372931480407715e-01,5.864701416582929205e-01
6.061560511589050293e-01,2.986206691495052468e-01
5.937278866767883301e-01,4.723159053504324412e-01
6.113470941781997681e-01,9.673441639386846091e-01
5.407687127590179443e-01,8.081681907176259116e-01
5.867624878883361816e-01,-3.483589475770187960e-02
5.740813761949539185e-01,-7.087590451276928327e-01
5.294003188610076904e-01,-5.856922905605297380e-01
5.052066892385482788e-01,-2.480913195261305937e+00
5.039319694042205811e-01,-2.447950210152094463e+00
5.214711800217628479e-01,-2.493279136455249123e+00
5.353036448359489441e-01,-2.525895047175990893e+00
5.563338845968246460e-01,-2.031011348300658881e+00
6.249443888664245605e-01,-2.191266463523742658e+00
5.569275021553039551e-01,-2.463061849623963795e+00
5.414251834154129028e-01,-2.171000202941214319e+00
5.789379328489303589e-01,-1.829129964136390063e+00
4.932738095521926880e-01,-1.697349086408162400e+00
5.149172917008399963e-01,-1.825391634979975475e+00
4.585972949862480164e-01,-2.329493449849696418e+00
5.677025839686393738e-01,-2.069055083009199159e+00
7.392169982194900513e-01,-1.925052074785892353e+00
6.420634090900421143e-01,-1.720747349268300308e+00
5.191443413496017456e-01,-1.677841483438197168e+00
6.733490526676177979e-01,-1.594850445088331625e+00
7.755795717239379883e-01,-3.094815227727960139e+00
6.879961490631103516e-01,-2.462582855134777482e+00
6.946140080690383911e-01,-7.803554262614911252e-01
7.105003297328948975e-01,1.663353491795191985e+00
7.036902010440826416e-01,7.253781690151961392e-01
7.088427245616912842e-01,5.965084280446424359e-01
7.439072877168655396e-01,-3.495955697844395083e-01
7.562946677207946777e-01,-1.803142734189666641e-01
7.718138396739959717e-01,1.675327230503755871e-01
8.030897825956344604e-01,2.687481160377624967e-01
7.913799285888671875e-01,-2.461582265981938633e-01
7.839167714118957520e-01,2.019147152897868835e-01
8.170595765113830566e-01,2.973436001830265241e-02
8.037143349647521973e-01,-1.361960347115238612e-01
8.099067062139511108e-01,-1.790387024806028293e-02
8.374517858028411865e-01,6.485525462453534118e-02
8.165890276432037354e-01,-1.044485121626350654e-01
7.703576236963272095e-01,1.571034513264888410e-01
8.041652590036392212e-01,1.556211525085076097e-01
7.822516560554504395e-01,1.456645086543262302e-01
7.617890834808349609e-01,-4.115169363493320631e-01
8.271929621696472168e-01,5.762060275338836135e-01
8.541885018348693848e-01,-1.790063076226555694e-01
7.532156258821487427e-01,3.814054477535400167e-02
7.391104698181152344e-01,-3.426868513800154226e-01
7.833119779825210571e-01,-1.692326104517949403e-01
7.725167572498321533e-01,-3.866803792470374646e-02
8.021388053894042969e-01,1.720646325997416959e-01
8.116057515144348145e-01,-4.264067740336949797e-01
7.997020184993743896e-01,1.920958900220171017e-02
8.241622895002365112e-01,2.285803647182627074e-02
7.847452163696289062e-01,-2.479169116030548459e-01
7.858771979808807373e-01,-1.207584804982828608e-01
7.951942980289459229e-01,-1.015179946662474464e-01
7.747413814067840576e-01,-1.879057181359677919e-01
8.003707826137542725e-01,-4.778638524675558052e-01
8.056212067604064941e-01,1.620001307214122832e-01
7.834931164979934692e-01,-2.899302335579800882e-02
8.563820123672485352e-01,-1.340010490187020231e-01
9.086302816867828369e-01,4.914696928054183012e-01
9.400832056999206543e-01,8.200063578819483112e-01
8.826331496238708496e-01,4.694737715127210720e-01
8.481260836124420166e-01,1.309201669504544974e-01
7.477774024009704590e-01,2.121683432174044093e-01
6.714802235364913940e-01,1.421741031506411623e-01
6.735570132732391357e-01,2.909451476046527318e-01
7.168963700532913208e-01,6.725528291534694780e-01
7.627459615468978882e-01,2.074117294510626763e-01
8.733541369438171387e-01,4.009846751926637864e-02
7.518692910671234131e-01,8.934366999332947756e-01
5.490354821085929871e-01,1.141317658861632722e+00
7.806341052055358887e-01,4.514000623273304313e-01
7.023043483495712280e-01,-6.588028036097126616e-02
7.401736080646514893e-01,-7.539208476694727601e-01
7.461648136377334595e-01,-5.315908179998967142e-01
6.763409227132797241e-01,-5.763108895018054234e-01
7.586594820022583008e-01,-1.883545648093760683e-01
7.468273639678955078e-01,2.732407023491583153e-01
7.541991919279098511e-01,2.429206133386059285e-01
6.130735129117965698e-01,2.620697100930628132e+00
4.781639426946640015e-01,2.401800645323193262e+00
4.210710003972053528e-01,1.546997715921513805e+00
6.750660687685012817e-01,1.326220486017995359e+00
9.512516558170318604e-01,6.968412484064798740e-01
8.136805295944213867e-01,4.281496361166108322e-01
7.119318246841430664e-01,6.870463915885207662e-01
7.770614475011825562e-01,6.351885906343870403e-01
8.305936902761459351e-01,3.281387045455907980e-01
8.369839191436767578e-01,6.167728160920296077e-01
7.872853577136993408e-01,1.115566742849762427e+00
8.898472189903259277e-01,6.942348199297003752e-01
7.250680327415466309e-01,1.639227842659352952e+00
6.180636957287788391e-01,1.219344981058511301e+00
6.127421706914901733e-01,7.518222975364361460e-01
6.935443431138992310e-01,7.913059181420036836e-01
7.023314386606216431e-01,5.707890642499053868e-01
6.203947812318801880e-01,9.083664226161705102e-01
4.669892564415931702e-01,1.057114434887942434e+00
5.466022267937660217e-01,1.101696594176682531e+00
7.584749013185501099e-01,6.786902035197464045e-01
6.629475802183151245e-01,1.316285189064426486e+00
6.502614915370941162e-01,1.295613243743499954e+00
6.277140378952026367e-01,8.074379956392125912e-01
6.255922317504882812e-01,7.950511756784419681e-01
6.346064209938049316e-01,4.261662000813957185e-01
6.262309104204177856e-01,1.248642478628310126e-01
6.407833248376846313e-01,3.538146723384245629e-01
6.537155508995056152e-01,3.433159295607897121e-01
6.447371244430541992e-01,4.325597372550249453e-01
6.310996562242507935e-01,5.528374443557377838e-01
6.163862645626068115e-01,5.898900462139020640e-01
6.028472781181335449e-01,7.460466969594894415e-01
6.929252445697784424e-01,1.892339073118066040e+00
8.439410328865051270e-01,1.952430972849750646e+00
8.017428219318389893e-01,2.363652048646731174e+00
7.659555375576019287e-01,1.192155489924211942e+00
8.173566758632659912e-01,-1.212720232608289983e+00
7.520857453346252441e-01,-6.447365068805659405e-01
8.148483186960220337e-01,2.779609889337555373e-01
7.969885617494583130e-01,6.590275078266882858e-02
7.614033371210098267e-01,-1.371630118585747127e-01
7.620765715837478638e-01,-4.421091047159384502e-01
7.557474076747894287e-01,-8.600404101923464495e-02
7.528955042362213135e-01,-8.627050276986469868e-02
7.316051572561264038e-01,-1.814233759832544202e-01
7.109137475490570068e-01,-1.513933426661151493e-01
7.117083519697189331e-01,-6.319656299622833373e-02
7.187229543924331665e-01,1.621881332496148964e-01
7.357705831527709961e-01,7.349692940097645177e-01
7.312995195388793945e-01,3.658679001637441530e-01
7.008768767118453979e-01,9.325449708697552964e-02
7.188615351915359497e-01,-4.738131844495452327e-02
7.336844503879547119e-01,-1.941465032554319237e-01
7.303387075662612915e-01,-1.858195267348650148e-01
7.203217744827270508e-01,-2.522475236247139208e-01
7.403191626071929932e-01,-2.570485164739100270e-02
7.660986781120300293e-01,3.913388721719663899e-01
7.570109516382217407e-01,4.621978489670568457e-01
7.543095201253890991e-01,5.217242430860191682e-01
7.604950964450836182e-01,5.678852303792831790e-01
7.793467342853546143e-01,5.582589017240553453e-01
8.220656067132949829e-01,9.404600832859584258e-01
8.507098555564880371e-01,1.102110611696459408e+00
7.741888016462326050e-01,1.491527232918957946e+00
7.211776226758956909e-01,1.721059781756653528e+00
6.987575292587280273e-01,1.108158806576624578e+00
7.161742299795150757e-01,1.051205837502573015e+00
6.976074874401092529e-01,7.505006154202136237e-01
7.060640454292297363e-01,6.478651385949207864e-01
6.680559366941452026e-01,7.346798937036513877e-01
6.362922340631484985e-01,9.962083568767505781e-01
6.565522104501724243e-01,9.668647949424706844e-01
6.658118218183517456e-01,9.495715584040409496e-01
6.579581350088119507e-01,1.011501725884098590e+00
6.660395860671997070e-01,9.539122821154641940e-01
6.861355900764465332e-01,9.492811282036002218e-01
6.656327843666076660e-01,9.186039467415714199e-01
6.517014354467391968e-01,7.406786536560820977e-01
6.497979611158370972e-01,6.574566380965172208e-01
6.488166302442550659e-01,7.026285055146819225e-01
6.470261216163635254e-01,9.153415223913592413e-01
6.561863571405410767e-01,9.360438027815773943e-01
6.602327823638916016e-01,9.899405136244916470e-01
6.601861566305160522e-01,8.287368657255007598e-01
6.814598739147186279e-01,6.769446730742543217e-01
6.704371571540832520e-01,6.514349864019823855e-01
6.461948156356811523e-01,5.192162163309235190e-01
6.689673960208892822e-01,3.494924867249020739e-01
6.608567982912063599e-01,3.330309366695527462e-01
6.480576545000076294e-01,4.402308583422951394e-01
6.400467902421951294e-01,5.232954405098415585e-01
6.231031194329261780e-01,6.679254671252672360e-01
6.079751923680305481e-01,6.540607956174757653e-01
5.876994356513023376e-01,7.552873770023329492e-01
6.680697500705718994e-01,2.376438093099661586e+00
7.851021736860275269e-01,1.404204365399591481e+00
7.199015617370605469e-01,1.479141723732785962e+00
7.053858488798141479e-01,1.378863347330186784e+00
7.536239027976989746e-01,-9.101558171973516131e-01
7.556243836879730225e-01,-4.364085459847859561e-01
8.120473772287368774e-01,-2.136433391483341104e-01
8.150138556957244873e-01,2.149647871976636537e-01
7.996378690004348755e-01,-1.908169485203985438e-01
8.045307993888854980e-01,-1.202364177008434787e-01
8.116507679224014282e-01,-4.291942298452755544e-01
7.995579391717910767e-01,-3.139044882276320614e-01
8.731398284435272217e-01,-3.714291422803719378e-01
8.372482955455780029e-01,-4.312948397669673639e-01
7.943034917116165161e-01,-3.473708107828685776e-01
7.796466499567031860e-01,6.602334204577919863e-02
7.952356487512588501e-01,5.335564181378904536e-02
8.551293313503265381e-01,4.324818397931400327e-01
8.502421230077743530e-01,6.181613008994224501e-02
8.203083574771881104e-01,2.796009552106477614e-01
7.829897552728652954e-01,1.217717092633279208e-01
7.372613549232482910e-01,-4.435887819847219582e-01
7.116158157587051392e-01,-6.336767525745492513e-01
6.971557140350341797e-01,-9.577418037332678935e-01
7.178749740123748779e-01,-6.975140970961857256e-01
7.533021271228790283e-01,-6.526792391901050649e-01
7.595930695533752441e-01,-6.132715498845238145e-01
7.389321476221084595e-01,-3.726258794892802761e-01
6.558062434196472168e-01,-1.783555080342404064e+00
6.349884569644927979e-01,-1.805882159474868631e+00
6.418983638286590576e-01,-2.059830132261544211e+00
6.191062480211257935e-01,-1.950448613522241637e+00
6.259579062461853027e-01,-1.716867362828434107e+00
6.470019370317459106e-01,-1.646756744702629005e+00
5.819369107484817505e-01,-1.550635489940832112e+00
5.357555970549583435e-01,-1.309221705630560617e+00
5.201739966869354248e-01,-1.451974422139913568e+00
6.339157074689865112e-01,-1.835264763766847773e+00
6.118525713682174683e-01,-2.179795687754174871e+00
5.644145756959915161e-01,-1.967942679454592891e+00
5.760943219065666199e-01,-1.889379437700228426e+00
6.535243541002273560e-01,-2.967815306722913160e+00
2.998829856514930725e-01,-2.738510364531662411e+00
6.658558547496795654e-01,8.161273077096526940e-01
6.511147469282150269e-01,9.199561043672210836e-01
6.469421684741973877e-01,1.021763686593095244e+00
6.149938628077507019e-01,1.157375771220754412e+00
5.991889908909797668e-01,1.157181682953341895e+00
5.897309407591819763e-01,1.085999038459049437e+00
5.890287831425666809e-01,8.505272762864222180e-01
6.084108725190162659e-01,6.334391278650977064e-01
6.033752262592315674e-01,6.766687082077811333e-01
6.157215908169746399e-01,8.346272058932404647e-01
6.394870132207870483e-01,9.834285854165436547e-01
6.334719806909561157e-01,1.201898664772267367e+00
5.883048549294471741e-01,1.144420449591035727e+00
6.002500280737876892e-01,6.980122382571929407e-01
6.221026554703712463e-01,6.716146890475966913e-01
6.231666654348373413e-01,7.487750274739779499e-01
6.406289190053939819e-01,6.453780842334095880e-01
6.241261363029479980e-01,7.277171526603964935e-01
6.121690720319747925e-01,8.361023890776841938e-01
5.835716724395751953e-01,8.980867664500866709e-01
6.383997350931167603e-01,9.570019650988763615e-01
6.816140115261077881e-01,7.576533719669487077e-01
6.988869905471801758e-01,4.735973279611132014e-01
6.215828657150268555e-01,5.477733135057896163e-01
5.204644352197647095e-01,1.069634392097270847e+00
5.081125497817993164e-01,1.682169942044443367e+00
6.212658733129501343e-01,1.383746731725605361e+00
6.112376078963279724e-01,1.534415403291974567e+00
6.074817553162574768e-01,1.052978192013966918e+00
5.876676961779594421e-01,8.578090973177823209e-01
5.694234892725944519e-01,8.506354151908417371e-01
6.267780810594558716e-01,3.117591715294376620e-01
6.368191093206405640e-01,1.129186908081456497e-01
5.972568839788436890e-01,2.684349345353531646e-01
5.728130191564559937e-01,3.451604703018869014e-01
5.609127283096313477e-01,4.172677726490328087e-01
5.681455731391906738e-01,6.946023517645909529e-01
5.864270627498626709e-01,1.042689547679203965e+00
6.006525158882141113e-01,1.173861196099156956e+00
6.836759150028228760e-01,-1.994051811439025323e+00
6.836697012186050415e-01,-2.127670395155083938e+00
6.434787213802337646e-01,-2.051018637273123613e+00
6.286578625440597534e-01,-1.857594089941482229e+00
6.726921796798706055e-01,-2.125626710301692146e+00
6.223568394780158997e-01,-1.877352331740132385e+00
6.840351521968841553e-01,-1.717312651685073854e+00
5.976595953106880188e-01,-1.433543058742503318e+00
5.406720638275146484e-01,-1.451048453512460590e+00
6.489088982343673706e-01,-1.504325636103822195e+00
5.596528723835945129e-01,-1.453020420269934165e+00
5.129656046628952026e-01,-2.059389056608972979e+00
7.161905467510223389e-01,-1.249428288000425491e+00
5.675026699900627136e-01,-1.249072693577061743e+00
4.629077836871147156e-01,-2.362984489868800164e+00
6.184863001108169556e-01,-1.538241554346523765e+00
5.958354473114013672e-01,-1.165728401472759579e+00
4.825486391782760620e-01,-2.059929095743770588e+00
4.190477207303047180e-01,-2.816018900867598429e+00
7.943890094757080078e-01,-2.299003147394786950e-01
7.887662053108215332e-01,-4.030585078618340589e-01
8.150227069854736328e-01,1.262463192373655119e-01
8.546595871448516846e-01,-2.898852927145867397e-02
7.821073532104492188e-01,-1.064537725949239899e+00
8.655008077621459961e-01,-1.174806077331540521e-01
8.437718749046325684e-01,-5.645856362065129197e-01
7.695993185043334961e-01,-6.198920851306768398e-01
7.630418092012405396e-01,3.119666016097331074e-01
7.475104331970214844e-01,3.370188747603242163e-01
7.748062461614608765e-01,5.194876871130573726e-01
8.058273345232009888e-01,4.950960443603737993e-01
7.762885689735412598e-01,-1.301977428928786651e-01
7.660812884569168091e-01,-4.005993074605522786e-01
7.420028299093246460e-01,1.617552031249087641e-01
7.731037586927413940e-01,4.128516793981660271e-01
8.741812407970428467e-01,-2.255708262389042318e-01
8.775500506162643433e-01,9.754428784255075868e-01
8.633638918399810791e-01,-3.677703958674691798e-01
9.131565988063812256e-01,-1.005282100411732493e+00
8.938498795032501221e-01,-2.201837298904325557e-01
8.505600094795227051e-01,-5.989517118972220722e-01
8.300051242113113403e-01,-6.258679065276244735e-01
8.528754711151123047e-01,-3.835826443625167670e-01
8.365603983402252197e-01,-4.476143580318368009e-01
7.779741138219833374e-01,-4.845941182729984753e-01
7.656424343585968018e-01,-3.001945349359038673e-01
