7.157598733901977539e-01,1.202960766704504358e+00
7.723981589078903198e-01,8.917012343641870231e-01
7.117610573768615723e-01,5.777980569111544895e-01
8.009815663099288940e-01,7.061768191676169870e-01
8.040065616369247437e-01,1.383474652369550917e+00
8.259473443031311035e-01,-1.145515882648791006e-01
8.503216952085494995e-01,-1.204691738189271888e-01
8.320396244525909424e-01,-1.744509913840208704e-01
7.608659565448760986e-01,-6.974511799154323732e-01
7.187596559524536133e-01,-1.179117027734212675e+00
7.484795153141021729e-01,-1.801243702675953129e+00
6.609945297241210938e-01,-1.648962591099271124e+00
6.226789951324462891e-01,-1.770896742786121081e+00
5.735770240426063538e-01,-2.003049810927535646e+00
4.795070141553878784e-01,-1.792821975877227914e+00
5.305491834878921509e-01,-1.797121597442295826e+00
6.390392631292343140e-01,-1.787937467960724502e+00
6.067057251930236816e-01,-2.510182043043441169e+00
6.527137905359268188e-01,-1.800306311584137342e+00
4.961588159203529358e-01,-1.241596035264232567e+00
3.667563572525978088e-01,-2.090857852302054454e+00
2.500000000000000000e-01,-3.141592653589793116e+00
4.231013432145118713e-01,-3.141592653589793116e+00
3.247718289494514465e-01,-2.448573764354200932e+00
2.500000000000000000e-01,-2.754672215337620411e+00
4.317575916647911072e-01,-1.999316256735731434e+00
7.021823078393936157e-01,2.005733341038764550e+00
6.823386996984481812e-01,2.796151771150472420e+00
5.980401784181594849e-01,3.141592653589793116e+00
3.495103120803833008e-01,3.141592653589793116e+00
6.789107918739318848e-01,3.141592653589793116e+00
1.000000000000000000e+00,3.141592653589793116e+00
7.653022855520248413e-01,2.754635981782633358e+00
5.917896702885627747e-01,1.103824262231168696e+00
5.119688734412193298e-01,1.348019603867324889e+00
5.708563253283500671e-01,1.172353992563794467e+00
6.268839389085769653e-01,9.268775560106070621e-01
6.308578103780746460e-01,9.966375419311734873e-01
6.225555464625358582e-01,9.954600918342220162e-01
6.199518144130706787e-01,9.384371835726370570e-01
6.257510185241699219e-01,8.328458632131674477e-01
6.312734186649322510e-01,7.436427831582590464e-01
6.184015870094299316e-01,6.056260825286918781e-01
6.247060298919677734e-01,7.205389764491161309e-01
6.512839943170547485e-01,6.581622093378198812e-01
6.407246738672256470e-01,6.753020852481639302e-01
6.395978331565856934e-01,7.277747331159964972e-01
6.346557736396789551e-01,8.658610920528260202e-01
6.517083197832107544e-01,8.319886166254062410e-01
6.676257103681564331e-01,1.023928992603925003e+00
6.450226008892059326e-01,8.442470743022298940e-01
6.375525593757629395e-01,7.641464811967253468e-01
6.395112425088882446e-01,7.602798833831205805e-01
6.222911253571510315e-01,6.361528526054827104e-01
6.093873977661132812e-01,3.775055188144158524e-01
6.186227351427078247e-01,3.373043895560188243e-01
6.315307319164276123e-01,2.898269164315501190e-01
6.261449009180068970e-01,3.324655246835883649e-01
6.193115934729576111e-01,3.880146541620859146e-01
6.028456464409828186e-01,4.006917638831617445e-01
6.053749918937683105e-01,4.766746522125919761e-01
5.989667475223541260e-01,5.081381579938990534e-01
5.980041697621345520e-01,5.758171019850020222e-01
6.085180938243865967e-01,5.936948503678385336e-01
6.182329431176185608e-01,6.429418692009889469e-01
6.252349615097045898e-01,6.706170023242261635e-01
6.278789490461349487e-01,7.698232119182026878e-01
6.091750562191009521e-01,9.638214572038097394e-01
7.343246042728424072e-01,1.050346905633184669e+00
7.724004387855529785e-01,1.135580211188194077e-01
7.581969797611236572e-01,2.843497043293954363e-01
7.601631730794906616e-01,5.042362628928787061e-02
8.060510754585266113e-01,-1.825322912940285924e-01
7.777198851108551025e-01,-6.986731963487504693e-01
7.019241899251937866e-01,2.337249677659145597e-01
7.178806066513061523e-01,1.642924882415908172e-02
7.135489732027053833e-01,-4.909113028262357403e-02
7.583125382661819458e-01,-8.986108890361821366e-02
7.362072467803955078e-01,3.308582341449151087e-02
7.287436425685882568e-01,-6.753616318656607831e-02
7.736852616071701050e-01,1.682117042926698502e-01
7.854844331741333008e-01,4.214836918932776122e-01
7.964586019515991211e-01,2.099935809041086898e-02
7.371507138013839722e-01,-1.754939934578203520e-03
7.367966622114181519e-01,4.445926480740594045e-01
7.821223735809326172e-01,2.438797258380627220e-01
7.169931977987289429e-01,-5.431325628513272719e-02
7.231184244155883789e-01,-2.359948548643946431e-01
7.429238557815551758e-01,-3.046129688556975523e-01
7.391168177127838135e-01,-3.611492988607740706e-01
7.394401133060455322e-01,-1.615239450349381656e-01
7.278413027524948120e-01,1.562166186834925696e-01
7.612762004137039185e-01,3.735673901584073420e-01
7.607099413871765137e-01,4.382810811262478623e-01
7.599476128816604614e-01,5.205516615804359759e-01
7.667279243469238281e-01,5.450084685560421249e-01
7.790793180465698242e-01,6.014657775781486748e-01
7.383438944816589355e-01,6.969933450733449831e-01
7.456803619861602783e-01,7.751701892012690109e-01
7.024949193000793457e-01,9.426995416883898748e-01
6.567033529281616211e-01,1.126366308397872995e+00
6.751075088977813721e-01,1.128655482608310390e+00
6.549309492111206055e-01,7.734646841944252671e-01
6.808862835168838501e-01,6.028140496933800385e-01
6.914758682250976562e-01,6.902624706939812782e-01
6.565346866846084595e-01,7.196432492641977596e-01
6.393200904130935669e-01,1.043837224467406344e+00
6.328294575214385986e-01,9.887172800433319253e-01
6.211312264204025269e-01,9.056531191961920690e-01
6.507407128810882568e-01,9.340338235607323902e-01
6.386384963989257812e-01,8.636401717482948825e-01
6.440491378307342529e-01,8.668986637747102542e-01
6.393976062536239624e-01,9.403937955419507944e-01
5.866589397192001343e-01,9.863014288305747002e-01
5.913418307900428772e-01,9.964207023617923653e-01
6.569149345159530640e-01,6.858614981643817998e-01
6.575844585895538330e-01,4.491832147867320657e-01
6.442315280437469482e-01,4.787156687034066493e-01
5.710182636976242065e-01,6.867198682732280623e-01
5.378040447831153870e-01,1.229135062911859588e+00
5.843782797455787659e-01,1.592236011523822548e+00
6.260555833578109741e-01,1.368388198495334329e+00
5.823860019445419312e-01,1.310385298967465140e+00
5.918873474001884460e-01,7.863281579754555217e-01
5.780667513608932495e-01,8.381522532970424599e-01
5.986077114939689636e-01,6.120179344206939653e-01
6.281231641769409180e-01,3.128818499735011027e-01
6.201957389712333679e-01,1.642711881543557073e-01
5.912323296070098877e-01,3.252140387215198825e-01
5.756423249840736389e-01,4.207619232230008777e-01
5.712847635149955750e-01,6.031331296814852472e-01
5.953893959522247314e-01,8.792267797587962619e-01
6.146565303206443787e-01,1.034999607613762418e+00
6.831470727920532227e-01,-2.133570472505559312e+00
7.032620310783386230e-01,-2.126907992472237829e+00
7.031703889369964600e-01,-1.789348984950358545e+00
6.101745814085006714e-01,-1.609398545109377965e+00
6.184309124946594238e-01,-1.650737567159862973e+00
6.515246778726577759e-01,-1.864468821833088708e+00
6.338749378919601440e-01,-2.107766751002698946e+00
5.394109115004539490e-01,-1.769601322975257629e+00
4.655405282974243164e-01,-1.424254909933823754e+00
4.276460558176040649e-01,-1.641985057028398476e+00
5.345075428485870361e-01,-1.851883700400836830e+00
6.181565672159194946e-01,-2.137088591529337833e+00
6.957279741764068604e-01,-1.868170823807759007e+00
6.031884327530860901e-01,-1.486440678460690723e+00
5.943746268749237061e-01,-1.670047804925918200e+00
7.250378131866455078e-01,-2.076446166466063836e+00
6.136196777224540710e-01,-2.405278504841430909e+00
5.361086428165435791e-01,-2.167012639357470682e+00
7.336951345205307007e-01,-3.418320390879383552e-01
7.165808081626892090e-01,-5.115766006476007988e-04
7.222697734832763672e-01,1.619207352314142589e-01
7.412525266408920288e-01,1.479976874405863896e-02
7.482684254646301270e-01,1.932606068800062360e-01
7.378146946430206299e-01,3.409040106718297380e-01
7.519821226596832275e-01,2.802203898354433953e-01
7.404446452856063843e-01,9.386981213445988459e-02
7.320501804351806641e-01,1.437994636534289938e-02
7.580202221870422363e-01,6.933997628833665772e-02
7.440380901098251343e-01,-2.251461352688188811e-02
7.526474446058273315e-01,-1.115188303497673949e-01
7.294509410858154297e-01,1.958274780519224656e-01
7.372575998306274414e-01,1.000458075380317169e-02
7.257215529680252075e-01,-1.836584339281035483e-01
7.110929638147354126e-01,-9.112916970141604622e-02
7.142387479543685913e-01,-4.009753125169579491e-02
7.168484032154083252e-01,7.322286515767206794e-02
7.166185826063156128e-01,2.360862345792980044e-01
7.374067753553390503e-01,2.623582771210379860e-01
7.537276148796081543e-01,1.530827438707418331e-01
7.457219362258911133e-01,1.802828148285899879e-01
7.533098608255386353e-01,1.937261191161736562e-01
7.506642192602157593e-01,1.972187716620288356e-01
7.549166381359100342e-01,-5.485853851832622752e-02
7.664487063884735107e-01,4.143950228617589993e-01
8.066634237766265869e-01,3.990739403343170899e-01
7.917058616876602173e-01,-2.689370548335361377e-01
7.923019379377365112e-01,1.562780378361328104e-02
8.137079775333404541e-01,3.532129331707158926e-01
7.900314033031463623e-01,-2.305791087282584861e-01
7.956282794475555420e-01,-1.358370697249053904e-01
8.203195333480834961e-01,1.110214850161947986e-01
8.022640198469161987e-01,-1.053716719873758478e-01
8.075078725814819336e-01,-2.908833539449862116e-02
7.982218861579895020e-01,-1.724960646963347166e-01
7.877299785614013672e-01,-1.124034159505939989e-01
8.058563470840454102e-01,5.852833288856329474e-02
7.976170480251312256e-01,-2.579806644673281468e-01
7.931347191333770752e-01,-1.536534925818595632e-01
8.190094530582427979e-01,8.539097301392040151e-02
8.057978749275207520e-01,4.017973554440601447e-02
8.200770616531372070e-01,-4.253444848479448481e-02
8.502929508686065674e-01,-1.308583732907875330e-02
8.249866217374801636e-01,1.991433632804233689e-01
7.876320779323577881e-01,9.064268507166461930e-02
7.924045771360397339e-01,-1.147302281173878669e-03
8.136141002178192139e-01,-1.706665978631249914e-02
8.030159324407577515e-01,-3.833959526089136816e-02
8.211304545402526855e-01,4.117180466235259573e-02
8.062895685434341431e-01,-1.390005305928911916e-01
8.102823495864868164e-01,-1.126410406600455438e-01
8.400872349739074707e-01,1.360981011236255256e-01
8.247001618146896362e-01,-1.349290774348106403e-01
8.127068877220153809e-01,-1.455836151362150943e-01
8.458627909421920776e-01,-2.143957237681735073e-01
8.175139427185058594e-01,1.027624815212626608e-01
8.182557970285415649e-01,-1.518506157476600116e-01
8.269258141517639160e-01,-3.327626023837826352e-02
8.304556906223297119e-01,-2.189912995123495243e-01
8.523646891117095947e-01,1.153492882351416782e-01
8.300873339176177979e-01,6.648660723977695142e-02
7.714671194553375244e-01,-2.453794392328596530e-01
7.849394083023071289e-01,-2.028255163825942731e-02
7.917073369026184082e-01,-8.473184064412553340e-02
7.764712721109390259e-01,-3.057084019134528319e-01
7.979816943407058716e-01,-3.770008705937919480e-01
7.660896480083465576e-01,-3.022286698600740174e-01
7.680095732212066650e-01,-6.315699632868905233e-01
7.714965343475341797e-01,8.575536835244879086e-02
7.599915564060211182e-01,9.572901482571474219e-01
7.582702040672302246e-01,6.930934161342223732e-01
7.184330075979232788e-01,4.663810924730826812e-01
7.007102668285369873e-01,1.586718867609775430e-01
7.360764443874359131e-01,-1.054574340968548185e-01
7.331969141960144043e-01,-3.273753187817951549e-01
7.381639629602432251e-01,-3.883289591855803025e-01
7.412264198064804077e-01,-1.143212664424790859e-01
7.780983448028564453e-01,3.401564946433581760e-01
7.684260308742523193e-01,5.427239756834585371e-01
7.677727341651916504e-01,5.687477200654402765e-01
7.727396041154861450e-01,5.842867656833483636e-01
7.776497006416320801e-01,5.924712422796503120e-01
7.300863564014434814e-01,7.879123227051323397e-01
7.278093397617340088e-01,8.475210147435618957e-01
7.113624811172485352e-01,1.034080848246603956e+00
6.904405802488327026e-01,1.254859201671207458e+00
6.953266263008117676e-01,1.069691129912057281e+00
6.849549710750579834e-01,7.580581204377758731e-01
6.448461562395095825e-01,6.028528111708082449e-01
6.264015436172485352e-01,7.720312117302574606e-01
6.257705986499786377e-01,8.578517911190077783e-01
6.399094611406326294e-01,9.486814488245469690e-01
6.393065452575683594e-01,1.205547299495405955e+00
6.302858740091323853e-01,1.299095316465805450e+00
6.499546468257904053e-01,1.142023136476178813e+00
6.564666926860809326e-01,1.046317397262272575e+00
6.460312008857727051e-01,1.081253566276799472e+00
6.369741857051849365e-01,8.131449209898464758e-01
6.250241398811340332e-01,8.936249833417684307e-01
6.268661022186279297e-01,6.550791270407811950e-01
6.279887855052947998e-01,7.844215426944187719e-01
6.250708550214767456e-01,7.819919283483720562e-01
6.206846833229064941e-01,8.022672707263365233e-01
6.262295693159103394e-01,8.633410342594465270e-01
6.317511200904846191e-01,9.129543209662664971e-01
6.589840799570083618e-01,8.369366034832053103e-01
6.756924539804458618e-01,6.745302262628531942e-01
6.665133535861968994e-01,6.675809674726167486e-01
6.303225308656692505e-01,4.624316349794681535e-01
6.414092183113098145e-01,3.861946904447204343e-01
6.501666307449340820e-01,2.742845470637660377e-01
6.424957811832427979e-01,3.508561604416715607e-01
6.402742415666580200e-01,3.286228016930372586e-01
6.345115602016448975e-01,3.663593470116206507e-01
6.223632544279098511e-01,4.565283743192520838e-01
6.048442050814628601e-01,4.933196170850471240e-01
5.949870645999908447e-01,5.350285116393496132e-01
7.133336812257766724e-01,2.324652759255503298e+00
8.467220366001129150e-01,1.374663251007887332e+00
8.192527741193771362e-01,1.938219929154167076e+00
7.542953938245773315e-01,1.636579984342568572e+00
7.760489583015441895e-01,-1.269253004796597750e-01
7.515075951814651489e-01,-9.844052061195731618e-01
8.230925798416137695e-01,5.639809946093348181e-01
8.413435816764831543e-01,3.917141282143150605e-01
7.816795408725738525e-01,-5.985283317017375815e-01
8.002973794937133789e-01,-5.697375421412242957e-03
8.444781005382537842e-01,1.940414540339960858e-01
8.139450401067733765e-01,-4.263324343885792622e-01
8.033400774002075195e-01,-5.010847862497991301e-02
7.808121591806411743e-01,-9.591836557921951112e-02
7.660547345876693726e-01,-4.834567404280765146e-02
7.377180457115173340e-01,6.436876999478347017e-02
7.339565157890319824e-01,2.753570415660382409e-01
7.444571852684020996e-01,1.161570998951684253e-01
7.644531428813934326e-01,2.580990086882684054e-02
7.802781760692596436e-01,8.563140652608414172e-02
7.379198372364044189e-01,8.160695400005391065e-02
7.363058179616928101e-01,6.799250000054035681e-02
7.308313846588134766e-01,1.188947462719847081e-02
7.522297799587249756e-01,-7.560360633652685181e-02
7.789062261581420898e-01,6.317072201127604814e-02
7.940990179777145386e-01,1.744004329352000227e-02
7.766407430171966553e-01,-6.162325897037135292e-03
8.032095432281494141e-01,1.288176844936210763e-01
7.788416743278503418e-01,8.660776507419361003e-01
7.667316794395446777e-01,1.000886698674178898e+00
7.706131488084793091e-01,1.428457253298292873e+00
7.433286905288696289e-01,1.802734427902071168e+00
7.733604013919830322e-01,1.537038825025162758e+00
8.158114552497863770e-01,1.466455298149381470e+00
7.371120452880859375e-01,1.082373716798421981e+00
7.066461294889450073e-01,8.538155416215866822e-01
6.392516046762466431e-01,9.950247274138321885e-01
6.666453182697296143e-01,5.439935076959914184e-01
7.015973180532455444e-01,-3.281379087181557352e-02
6.460982561111450195e-01,1.896485802188834224e-01
6.265079379081726074e-01,5.739048690985408818e-01
6.325017362833023071e-01,9.547773933508194588e-01
5.938360393047332764e-01,9.618493968195789279e-01
5.830772742629051208e-01,7.945708704146565715e-01
5.696019902825355530e-01,7.702372294379800088e-01
5.730517134070396423e-01,7.418207128388596416e-01
6.397911757230758667e-01,6.197398948370547167e-01
6.548779308795928955e-01,6.768160299100358657e-01
6.300862729549407959e-01,7.036176253897807875e-01
6.290200948715209961e-01,6.037335112612161048e-01
5.598055124282836914e-01,1.318512850495466626e+00
5.692649483680725098e-01,2.082027444708705488e+00
6.245950981974601746e-01,1.437895392171803177e+00
6.411101520061492920e-01,1.328616675611767217e+00
6.276071071624755859e-01,1.102490080942876816e+00
5.682014971971511841e-01,9.704499507243138368e-01
5.356145352125167847e-01,8.970722269104429714e-01
5.492340773344039917e-01,6.064201310554286906e-01
5.519254952669143677e-01,1.641895924355665226e-01
5.730010420083999634e-01,1.347477224063600154e-01
5.761758387088775635e-01,2.572101162566164945e-01
5.909353643655776978e-01,4.275854880918668055e-01
6.145147979259490967e-01,8.690238039067552656e-01
5.993171557784080505e-01,1.392607099881217891e+00
6.487800627946853638e-01,-2.327511184148944423e+00
7.018325030803680420e-01,-2.659244266711950022e+00
5.861214250326156616e-01,-2.214377573119937548e+00
4.631971716880798340e-01,-1.943140951505929248e+00
6.223062127828598022e-01,-1.694056607868929865e+00
6.318171471357345581e-01,-1.859545177932128590e+00
6.443555355072021484e-01,-1.657142948118261794e+00
5.742653459310531616e-01,-1.405715126751722943e+00
5.878879055380821228e-01,-1.319846282769701729e+00
6.921621114015579224e-01,-1.452267099382523963e+00
7.088628411293029785e-01,-1.274062236800414194e+00
6.604696214199066162e-01,-1.731839030298479187e+00
6.325743347406387329e-01,-1.588983698863374094e+00
6.264522820711135864e-01,-1.464624707795088021e+00
6.532142460346221924e-01,-1.827789790735645736e+00
6.661919802427291870e-01,-1.916254342930761689e+00
6.758889704942703247e-01,-4.482722264404108703e-01
6.917755603790283203e-01,-3.000692623349403565e-01
6.670474261045455933e-01,-1.470524317011778770e-01
6.977297961711883545e-01,1.983227247546777150e-01
7.666672170162200928e-01,1.428810600679486509e+00
7.388580292463302612e-01,2.300160748619236806e+00
7.090385705232620239e-01,1.982946086395285690e+00
7.353580594062805176e-01,1.119061455184272802e+00
7.060097754001617432e-01,1.108020051722642396e+00
6.925019919872283936e-01,1.078599247713777132e+00
7.101770341396331787e-01,7.087994450733701157e-01
6.853298544883728027e-01,3.383803014349242577e-01
6.696102321147918701e-01,3.243434503208755260e-01
6.392434686422348022e-01,4.756726118450167462e-01
6.555477678775787354e-01,8.583818121907986765e-01
6.712521910667419434e-01,1.273022043529332237e+00
6.545144915580749512e-01,1.239587460444743439e+00
6.563318669795989990e-01,5.626775228973630583e-01
6.384290158748626709e-01,6.455504042798025921e-01
6.505438387393951416e-01,6.326782232103647097e-01
6.328884661197662354e-01,6.959629357983772024e-01
6.452450454235076904e-01,7.738166271742632496e-01
6.351555585861206055e-01,9.481651908860460054e-01
6.294411122798919678e-01,1.027431850466300922e+00
6.254702806472778320e-01,1.023794170073739629e+00
6.333633512258529663e-01,8.760710899116475048e-01
6.276050955057144165e-01,5.010627839618853052e-01
6.159300655126571655e-01,5.796623528979938378e-01
6.175063773989677429e-01,6.224385924829296535e-01
6.004580333828926086e-01,6.897026763134412874e-01
5.982497259974479675e-01,6.623595436707856443e-01
6.055024638772010803e-01,7.596068942532792079e-01
6.226264908909797668e-01,7.465456807613106704e-01
6.204146742820739746e-01,6.640670148395275696e-01
7.265001088380813599e-01,2.286764632217217930e+00
7.971064001321792603e-01,7.426347038648533072e-01
7.664394974708557129e-01,1.424173454655170090e+00
7.708821296691894531e-01,-4.916511414606259400e-01
7.517367452383041382e-01,-9.474834944677970050e-01
8.803614974021911621e-01,6.752886029951454816e-02
8.787312507629394531e-01,-4.914056521035803371e-02
7.729030847549438477e-01,-3.916882872293627749e-01
7.791162431240081787e-01,-1.282989922594364174e-01
7.655638456344604492e-01,-7.973797667536075551e-02
7.491953521966934204e-01,-1.176326575866406543e-01
8.034938126802444458e-01,-4.132329275529667001e-02
7.897885292768478394e-01,-5.974810227971172338e-02
7.420622408390045166e-01,7.429657680778634088e-02
7.574284374713897705e-01,4.941657689020955146e-01
8.135560303926467896e-01,5.705094011265279264e-01
9.053615629673004150e-01,1.221186900250410545e+00
9.578032195568084717e-01,1.789362373576619980e+00
9.322589337825775146e-01,6.018372885502150105e-01
9.250964522361755371e-01,7.944780862983975567e-01
8.671407103538513184e-01,7.193403667050661809e-01
8.226369619369506836e-01,-1.770607436106765853e-01
7.438736259937286377e-01,-7.234893428180035890e-01
7.659603655338287354e-01,-1.017803181142146407e+00
7.848964929580688477e-01,-9.572216134709696789e-01
7.657915651798248291e-01,-6.273966442171139413e-01
7.664945721626281738e-01,-8.336833545551862734e-01
6.302119344472885132e-01,-1.888602335616521577e+00
6.119276061654090881e-01,-1.417271851884283729e+00
6.336309015750885010e-01,-1.659635105138033584e+00
5.830617174506187439e-01,-1.467094394393162249e+00
4.552481099963188171e-01,-1.409324999997433325e+00
5.632679536938667297e-01,-1.784989067753735448e+00
6.224632561206817627e-01,-1.683863088319353274e+00
5.249857455492019653e-01,-1.667233478235057964e+00
7.353897094726562500e-01,-1.478095538349251337e+00
8.156699687242507935e-01,-1.682945358846522854e+00
6.717408001422882080e-01,-1.630660900760407372e+00
6.090963333845138550e-01,-1.986054026596327127e+00
6.662713289260864258e-01,-1.630820347127702741e+00
6.043436601758003235e-01,-1.807504336667917100e+00
5.640155300498008728e-01,-1.648778427268108304e+00
4.525762274861335754e-01,-1.659663193165155537e+00
7.871717661619186401e-01,-2.527702418094530223e+00
8.206075131893157959e-01,-1.292921848984676547e+00
8.774519711732864380e-01,-1.672672537433705475e+00
8.681092560291290283e-01,-1.417912446156177841e+00
8.389394283294677734e-01,-5.520999463902729332e-01
8.716967999935150146e-01,-1.534149316048383227e-02
8.703549802303314209e-01,3.147169812255112831e-02
8.545056283473968506e-01,-4.882612910940373752e-01
8.568396866321563721e-01,3.370450902523058900e-02
8.385818898677825928e-01,-2.609300945686445772e-01
8.848118633031845093e-01,-8.245442595437673106e-01
8.203829675912857056e-01,-6.294068106914734173e-01
7.762174010276794434e-01,-2.521376058119102481e-01
6.963976770639419556e-01,4.841203668822084971e-01
6.986198425292968750e-01,3.590125490108517781e-01
7.179794907569885254e-01,3.310320054060422734e-01
7.597679495811462402e-01,8.417831925630947509e-02
8.007180392742156982e-01,-9.035656170204919846e-02
7.266865670680999756e-01,2.741016940072023012e-01
5.811008438467979431e-01,9.087281964055007322e-01
7.562134861946105957e-01,2.355087447416712720e-01
7.084133476018905640e-01,-1.461139170882752580e-03
7.514889985322952271e-01,-3.334183641903214479e-01
7.112337797880172729e-01,-6.420642119801867054e-02
6.742471456527709961e-01,-7.666439749416520399e-02
7.203674167394638062e-01,3.350527128617875050e-02
7.319955527782440186e-01,4.309654608355844019e-01
7.459749132394790649e-01,5.697293029865946323e-01
8.340061306953430176e-01,7.245594966513491109e-01
8.463977128267288208e-01,3.893760808366857340e-01
8.558588027954101562e-01,-2.056182152925702944e-01
8.570489883422851562e-01,-1.391911546702919722e-01
8.478423058986663818e-01,-3.923309412899125270e-01
7.831035256385803223e-01,-5.360431448057489945e-02
7.812296003103256226e-01,-2.381538878825004701e-01
8.080192804336547852e-01,-3.840577065279053848e-01
8.260976374149322510e-01,8.209943074225822812e-02
8.025312125682830811e-01,3.376929874112506447e-01
7.953665405511856079e-01,2.493819830977348495e-01
7.800504118204116821e-01,1.008015627211240606e-01
7.814745754003524780e-01,1.531842352754093639e-01
7.941936552524566650e-01,1.751172393873532407e-01
7.646061182022094727e-01,-1.878325020119366862e-01
7.582984566688537598e-01,-5.138084752825173851e-01
7.866044342517852783e-01,-3.921103566502486260e-01
8.282924890518188477e-01,-9.048651564086629406e-03
8.448165953159332275e-01,-6.305387581845067757e-03
8.034110665321350098e-01,5.814146712833734298e-02
8.057155311107635498e-01,-5.692394477935902586e-02
8.131369799375534058e-01,-2.839491690626365639e-01
8.169646710157394409e-01,8.978880904715769162e-02
8.317554891109466553e-01,1.336945150160446794e-01
8.274564445018768311e-01,-2.393906973434360985e-01
8.135662674903869629e-01,3.877720672345086328e-02
8.202698230743408203e-01,-3.785423415222455290e-02
8.139791488647460938e-01,2.824120049650113984e-02
8.037679344415664673e-01,-1.396615354978272272e-01
8.158415406942367554e-01,1.090302311467628016e-02
8.129727840423583984e-01,-2.851646316229596856e-01
8.044016063213348389e-01,8.332743928802921474e-02
8.243210762739181519e-01,4.711186063809824631e-02
7.981466501951217651e-01,-7.274948827391058970e-02
7.798673957586288452e-01,7.011370780878856124e-02
8.031975626945495605e-01,-1.964555263383687134e-01
7.830779552459716797e-01,-1.179425621525527212e-01
7.853832244873046875e-01,1.479976874405877219e-01
8.160645216703414917e-01,7.083425933122278195e-03
7.952411472797393799e-01,1.074423213468045368e-01
8.190994858741760254e-01,2.321280697972758489e-01
8.550788164138793945e-01,4.302224388914499542e-02
8.039360642433166504e-01,-5.655224655377866227e-02
7.859582453966140747e-01,1.244217209955249537e-01
8.301959633827209473e-01,1.140767133530045108e-01
8.191301077604293823e-01,-1.365531271630007204e-01
8.117224276065826416e-01,-4.387162582931036781e-03
8.305637836456298828e-01,-3.416515267003017442e-02
8.075578510761260986e-01,-1.138154947007703477e-01
8.183484673500061035e-01,1.843361043957969514e-02
8.320734202861785889e-01,-1.123189646157141119e-01
8.114306479692459106e-01,-3.862684215159140066e-02
8.281419277191162109e-01,1.263530537404289333e-01
8.118682503700256348e-01,-3.412770196720105176e-02
8.021037578582763672e-01,-1.088338022104249347e-01
8.104975521564483643e-01,5.126626710294512890e-03
8.076341152191162109e-01,-1.888451690164392183e-01
7.941503822803497314e-01,-1.246218950021473759e-01
8.287912905216217041e-01,1.268545186513123646e-01
8.066514432430267334e-01,-1.101215446272085785e-01
7.778843939304351807e-01,-1.593988049028931542e-01
8.110136985778808594e-01,4.725829288616045787e-02
8.082264810800552368e-01,-5.233810621791867845e-02
7.820715904235839844e-01,-4.234339372431099591e-01
8.243400752544403076e-01,-5.151999561461373389e-01
8.276750445365905762e-01,-4.999084596739309383e-01
7.921991199254989624e-01,-2.343273623209229939e-01
7.402140647172927856e-01,4.040702385987660072e-01
7.473009079694747925e-01,5.216620749193228157e-01
7.690739631652832031e-01,1.621068652244752606e-01
7.831453233957290649e-01,9.057186579261431447e-01
7.836934775114059448e-01,2.833340412686662368e-01
7.528550922870635986e-01,-4.569041921221428382e-02
7.215261757373809814e-01,-4.634054468797854653e-01
7.133482545614242554e-01,-6.209247882611932390e-01
6.962641924619674683e-01,-8.324927967122448536e-01
7.105606794357299805e-01,-9.021398687637813829e-01
7.400908619165420532e-01,-5.809293101747070587e-01
7.635122239589691162e-01,-5.822582483646026041e-01
7.629606723785400391e-01,-3.645803450004745372e-01
7.435359358787536621e-01,-1.810917500097017907e-01
