5.649104714393615723e-01,-3.141592653589793116e+00
5.668039321899414062e-01,-3.141592653589793116e+00
3.596726953983306885e-01,-3.141592653589793116e+00
4.447148442268371582e-01,-3.141592653589793116e+00
5.574809908866882324e-01,-3.141592653589793116e+00
5.763460397720336914e-01,-1.639766102885765964e+00
6.061504483222961426e-01,-1.253219235394315234e+00
6.049794554710388184e-01,-1.551065049502283522e+00
6.405221819877624512e-01,-1.009187834209793966e+00
6.183350682258605957e-01,-1.000230000600068170e+00
6.406999826431274414e-01,-1.050908291668594785e+00
6.596215963363647461e-01,-4.936865871593951738e-01
6.157891750335693359e-01,-4.708583239963184397e-01
6.289384961128234863e-01,-6.662869520631091724e-01
6.632338762283325195e-01,-8.962694710952980870e-01
6.400242447853088379e-01,-9.158786590966876417e-01
6.214073896408081055e-01,-4.175388221107594333e-01
5.294160842895507812e-01,3.134818570462041265e-01
4.902454316616058350e-01,2.266737494372255135e-01
5.036136507987976074e-01,1.004427849880196177e-02
5.276712775230407715e-01,5.180817877288479423e-02
5.446893572807312012e-01,5.462971472403976847e-02
5.708833336830139160e-01,2.522641891874721765e-02
5.968274474143981934e-01,7.915917606313493948e-02
6.184755563735961914e-01,2.055803900827131159e-01
6.290448904037475586e-01,4.774342929061043961e-01
6.324919462203979492e-01,4.473568844498858610e-01
6.289246082305908203e-01,4.114109508603247534e-02
6.212195158004760742e-01,1.943069795170555558e-01
6.195563077926635742e-01,4.693411960247058090e-01
6.097011566162109375e-01,3.382532499255761493e-01
5.931620001792907715e-01,1.921176114296581083e-01
5.934061408042907715e-01,3.727468452594187021e-01
6.028820872306823730e-01,4.363647286624758870e-01
5.986687541007995605e-01,4.311493437864757361e-01
5.941423773765563965e-01,4.012820337731293208e-01
3.967281654477119446e-01,3.141592653589793116e+00
5.897112935781478882e-01,3.141592653589793116e+00
6.900474131107330322e-01,1.170117904724617741e+00
7.585483491420745850e-01,8.382348320967811794e-01
7.304159104824066162e-01,6.407772653908372362e-01
6.740145981311798096e-01,5.159424163297270383e-01
6.197763308882713318e-01,9.045731345533538637e-01
6.274014264345169067e-01,9.251894655805790180e-01
6.567742973566055298e-01,1.393551700233328638e+00
7.384556531906127930e-01,9.819879505054598390e-01
7.578926384449005127e-01,1.032160750712548758e+00
7.236763238906860352e-01,1.432996278481196484e+00
7.597123384475708008e-01,9.835805416432732429e-01
6.980549246072769165e-01,9.029392540156715441e-01
6.568026393651962280e-01,1.127268495829029327e+00
6.921531707048416138e-01,1.436742659538719380e+00
6.941708624362945557e-01,9.766644267250406131e-01
6.903173774480819702e-01,8.233170000120528798e-01
6.917008608579635620e-01,1.247391999660842465e+00
6.449757516384124756e-01,1.448984826159812389e+00
6.913468539714813232e-01,9.347638313856312386e-01
6.586635559797286987e-01,1.973328465028465928e+00
6.766249686479568481e-01,1.210951155033393789e+00
6.284561604261398315e-01,7.019268665971765131e-01
5.771504640579223633e-01,3.435841702198041414e-01
6.294078528881072998e-01,5.516533935724128312e-01
6.600742638111114502e-01,8.835034627683810982e-01
6.832119822502136230e-01,9.248554989380992630e-01
7.248095571994781494e-01,5.504630229829854393e-01
6.958030760288238525e-01,8.094887024993848712e-01
6.076727285981178284e-01,9.036310621236847140e-01
6.345878690481185913e-01,1.379709920467641737e+00
6.574906706809997559e-01,1.005732164232982839e+00
6.653811931610107422e-01,3.859024345225168240e-01
6.405586153268814087e-01,-3.141592653589793116e+00
6.761776506900787354e-01,-3.141592653589793116e+00
7.988596558570861816e-01,-9.609213684034703107e-01
7.554565370082855225e-01,-5.352604251166197535e-01
7.378101795911788940e-01,-5.053601584847831063e-01
7.294650524854660034e-01,-3.549274263462383061e-01
6.949143111705780029e-01,7.109491622291486124e-02
6.926071643829345703e-01,-6.888420123490490710e-02
7.073926627635955811e-01,-7.452203003881852084e-02
7.182511836290359497e-01,4.107742889122301122e-02
7.182815223932266235e-01,3.103861819503390684e-01
7.262277007102966309e-01,4.001600107163651998e-01
7.335570007562637329e-01,4.038331756498569902e-01
7.395366281270980835e-01,-1.217999845439643458e-01
7.266780138015747070e-01,9.506965775170312938e-01
7.283506691455841064e-01,2.010511020825447304e-01
7.246721386909484863e-01,-4.076376052967654040e-01
7.309291660785675049e-01,8.984049101706137463e-03
7.240502089262008667e-01,8.953886305647547061e-01
7.166410386562347412e-01,-1.325632416356819165e+00
7.368027567863464355e-01,-5.370243532198948344e-03
7.305790781974792480e-01,-5.155422555699966658e-01
7.194716036319732666e-01,-6.694925449717779031e-01
7.366896867752075195e-01,-1.357157294477406850e-02
6.771223545074462891e-01,3.814736080326879275e-01
6.896741837263107300e-01,-5.209962014230189453e-01
7.299629449844360352e-01,-3.390934564435501564e-01
7.666939795017242432e-01,-6.934475125294725650e-01
7.413632869720458984e-01,-1.586404843466552750e+00
7.130319625139236450e-01,-2.063681281660231903e+00
6.609193384647369385e-01,-2.219236708185274409e+00
7.297659218311309814e-01,-1.764943298184113996e+00
5.988944172859191895e-01,-1.685847226555246436e+00
6.016144230961799622e-01,-1.711559755596717247e+00
6.596909761428833008e-01,-2.119058044278957720e+00
5.395918488502502441e-01,-2.816607251409045887e+00
5.564722642302513123e-01,-2.283010386512100975e+00
4.346355348825454712e-01,-1.948726911086424263e+00
3.933365568518638611e-01,-3.141592653589793116e+00
6.578589826822280884e-01,2.226156661800546832e+00
7.294563055038452148e-01,3.141592653589793116e+00
7.128596454858779907e-01,2.969989413648907117e+00
7.940985262393951416e-01,-1.158216352245755587e-01
5.481493249535560608e-01,9.401089829469344572e-01
7.057608664035797119e-01,-4.186698333362026681e-02
6.938925832509994507e-01,2.267126981681677478e-01
6.698151975870132446e-01,3.762224577354862376e-01
6.353113949298858643e-01,9.530679560201793521e-02
6.346002966165542603e-01,5.763639758730656482e-01
6.336461454629898071e-01,6.529421899373448746e-01
7.135568857192993164e-01,5.993881530253180046e-01
7.157604545354843140e-01,8.337862503612099019e-01
6.885552555322647095e-01,8.128884773022231336e-01
7.141735255718231201e-01,6.700895091748759747e-01
6.483817994594573975e-01,9.210183935529725474e-01
5.781444460153579712e-01,1.104610726990582492e+00
6.868850886821746826e-01,1.329217759392176568e+00
7.285795807838439941e-01,1.294607692372534924e+00
7.167367786169052124e-01,1.442183029511965753e+00
6.382394731044769287e-01,2.325398402748833249e+00
6.696600317955017090e-01,1.155103449826590190e+00
6.985962837934494019e-01,3.924180141739908034e-01
7.394206672906875610e-01,1.868542428406581024e-01
7.439331710338592529e-01,1.603847882816298309e-01
6.685377061367034912e-01,6.373472959588433184e-02
7.952680140733718872e-01,7.720198360792731584e-01
8.112979680299758911e-01,1.315783256019757541e+00
7.422668486833572388e-01,5.855408960943426777e-01
6.296705752611160278e-01,1.433811673908546247e+00
6.477656513452529907e-01,1.534630838459999591e+00
6.217286214232444763e-01,1.406693526363136826e+00
6.665470600128173828e-01,5.768864131775335302e-01
7.145104110240936279e-01,1.839745178599823117e-01
7.018978148698806763e-01,7.865902192685036987e-02
7.114302963018417358e-01,3.534888512238101299e-01
6.806597709655761719e-01,-1.820315473091743241e+00
7.050579935312271118e-01,-1.702249136366340121e+00
7.076520472764968872e-01,-1.598215765244566988e+00
5.417172983288764954e-01,-1.904310003023918174e+00
6.058160588145256042e-01,-1.960426417023521717e+00
7.368559837341308594e-01,-1.770595077374831572e+00
5.608403086662292480e-01,-1.954061014690392950e+00
5.358386561274528503e-01,-1.808373099346798352e+00
6.024765744805335999e-01,-1.413546255966831033e+00
5.444487482309341431e-01,-1.389323515883907456e+00
5.120030939579010010e-01,-1.861445894727469463e+00
6.335331797599792480e-01,-1.444797743956746316e+00
5.939433723688125610e-01,-1.810229156179015586e+00
6.130147278308868408e-01,-1.909767132186680927e+00
6.604227274656295776e-01,-2.192847632197193253e+00
4.359143003821372986e-01,-2.093995284931573941e+00
4.782385081052780151e-01,-2.651370069188588197e+00
6.185469627380371094e-01,-1.165515868734203542e+00
5.328463837504386902e-01,-1.574464155003235222e+00
4.259241446852684021e-01,-2.129936630810037812e+00
3.469891026616096497e-01,-3.112296654048106515e+00
6.058938875794410706e-01,-2.068561857252938285e+00
6.068018823862075806e-01,-2.843139201828420504e+00
8.475319296121597290e-01,-2.724853029477409372e+00
7.385060042142868042e-01,1.226452843575229323e+00
7.422679215669631958e-01,7.603855879918559602e-01
7.272115647792816162e-01,7.814759512901421346e-01
7.303311228752136230e-01,2.968563665392198736e-01
7.401984035968780518e-01,1.753969961374877151e-01
7.429382801055908203e-01,5.712224625083965890e-01
7.366901785135269165e-01,1.139849216803698440e+00
6.857501268386840820e-01,1.617049442817120486e+00
6.939238309860229492e-01,4.190995801511681051e-01
7.270826101303100586e-01,1.084827018714009661e-01
7.322047352790832520e-01,-2.690121434927084110e-02
7.363668680191040039e-01,-3.701809103550735003e-01
7.418128252029418945e-01,-1.313418618643118485e-01
7.567659616470336914e-01,2.557137734250742866e-01
7.501643300056457520e-01,1.587052178864958307e-01
7.505883276462554932e-01,1.069142664369122642e-01
7.370747327804565430e-01,3.450101057300272167e-01
7.189761847257614136e-01,1.306527689322538599e-01
6.298672854900360107e-01,-5.963350312905428829e-01
6.146069467067718506e-01,5.231087955696160918e-01
6.845317482948303223e-01,5.228189271297178919e-01
7.176209688186645508e-01,-1.594429967322317232e-01
7.173759639263153076e-01,-1.056594993639700775e+00
6.406713724136352539e-01,1.089204256860689668e+00
6.823300719261169434e-01,-1.827126164281489551e-02
7.365843802690505981e-01,-5.060395142341054253e-01
7.755267620086669922e-01,-6.549466919929014530e-01
7.656667232513427734e-01,-1.412792186065364275e+00
7.611641585826873779e-01,-1.696292695708106590e+00
7.621443867683410645e-01,-2.082690883909325663e+00
7.425859719514846802e-01,-1.078634545001194045e+00
