0.000000000000000000e+00,3.000000000000000000e+00
0.000000000000000000e+00,3.000000000000000000e+00
0.000000000000000000e+00,3.000000000000000000e+00
0.000000000000000000e+00,3.000000000000000000e+00
0.000000000000000000e+00,3.000000000000000000e+00
0.000000000000000000e+00,3.000000000000000000e+00
0.000000000000000000e+00,3.000000000000000000e+00
0.000000000000000000e+00,3.000000000000000000e+00
0.000000000000000000e+00,3.000000000000000000e+00
0.000000000000000000e+00,3.000000000000000000e+00
0.000000000000000000e+00,3.000000000000000000e+00
0.000000000000000000e+00,3.000000000000000000e+00
0.000000000000000000e+00,3.000000000000000000e+00
0.000000000000000000e+00,3.000000000000000000e+00
0.000000000000000000e+00,5.999999999999999778e-01
8.768706858158111794e-01,2.161160967040402170e+00
8.815561115741730180e-01,1.390025154801413088e+00
8.834298908710479514e-01,1.153131108562088336e+00
8.821603000164032204e-01,1.390258472680039326e+00
8.771253287792206699e-01,1.221038220960178222e+00
8.918443262577057107e-01,9.227531101080233000e-01
8.967321753501892312e-01,1.318339640994881101e+00
8.842146039009094460e-01,9.899479101383006352e-01
8.947671055793762207e-01,7.528883317924703888e-01
8.945674180984497514e-01,7.419759460020869390e-01
8.880992293357848899e-01,1.473942068151974816e+00
9.133735775947571245e-01,1.606881951506010431e+00
9.256430864334106445e-01,1.152563730414225773e+00
9.081117749214172585e-01,9.937933483048064787e-01
9.053493618965149370e-01,1.068321744963106390e+00
8.657514572143555354e-01,3.344156764066639198e-01
8.615188837051391824e-01,6.251878017642455987e-01
8.716522336006164995e-01,4.722645978875572581e-02
8.833520948886871560e-01,5.858038936549609943e-01
9.094726085662842019e-01,-3.542791546802641633e-01
8.733199179172516091e-01,5.536311183754465404e-01
8.845305860042572688e-01,1.319386762645986977e+00
9.090345382690430132e-01,2.103741923969640659e+00
8.958681821823120117e-01,4.565173263619177746e-01
8.941762030124664751e-01,7.306785669866182609e-01
6.800000000000000488e-01,3.141592653589793116e+00
6.800000000000000488e-01,3.141592653589793116e+00
6.800000000000000488e-01,3.141592653589793116e+00
6.800000000000000488e-01,3.141592653589793116e+00
6.800000000000000488e-01,3.141592653589793116e+00
6.800000000000000488e-01,3.141592653589793116e+00
6.800000000000000488e-01,3.141592653589793116e+00
6.800000000000000488e-01,3.141592653589793116e+00
6.800000000000000488e-01,3.141592653589793116e+00
6.800000000000000488e-01,3.141592653589793116e+00
6.800000000000000488e-01,3.141592653589793116e+00
6.800000000000000488e-01,3.141592653589793116e+00
6.800000000000000488e-01,3.141592653589793116e+00
6.800000000000000488e-01,3.141592653589793116e+00
6.800000000000000488e-01,3.141592653589793116e+00
6.800000000000000488e-01,3.141592653589793116e+00
6.800000000000000488e-01,3.141592653589793116e+00
6.800000000000000488e-01,3.141592653589793116e+00
6.800000000000000488e-01,3.141592653589793116e+00
6.800000000000000488e-01,3.141592653589793116e+00
6.800000000000000488e-01,3.141592653589793116e+00
6.800000000000000488e-01,3.141592653589793116e+00
6.800000000000000488e-01,3.141592653589793116e+00
6.800000000000000488e-01,3.141592653589793116e+00
8.000000000000000444e-01,-3.141592653589793116e+00
8.000000000000000444e-01,-3.141592653589793116e+00
8.091225624084472656e-01,-3.141592653589793116e+00
9.059784770011901633e-01,-1.508912410932833348e+00
9.085725665092468928e-01,-1.115030448785247597e+00
9.003873109817505105e-01,-1.699114418912775815e+00
9.002496480941772905e-01,-5.807429929281315850e-01
8.865518748760223833e-01,-9.283141649711366128e-01
9.020586848258972390e-01,-3.217080911761605044e-01
8.915619432926178423e-01,-8.509301522221077718e-01
8.927155911922455278e-01,-6.829379090480172110e-01
9.080354213714599831e-01,2.105291259545705174e-02
9.007980346679688166e-01,-3.525244019991999878e-01
9.047828435897827815e-01,-1.600377138931601273e-01
9.063558816909790261e-01,-3.622849914240706681e-01
8.961463391780853938e-01,-1.778449613279207142e-01
8.794545769691467507e-01,-3.148684693184566896e-01
8.921000719070434348e-01,-2.803627025061947720e-01
8.852374434471130815e-01,-4.337014219307744334e-01
8.780444264411926270e-01,-1.430225488232377273e-01
8.921727418899536577e-01,-2.154823559107637010e-01
9.033383846282959651e-01,-1.054982553629387976e+00
9.015579462051391824e-01,-2.424657745527447616e-01
9.028676509857177512e-01,-4.209601310677246744e-01
9.224816799163818581e-01,-5.548621229774441943e-02
6.918940067291259322e-01,-1.460794811670255822e+00
6.557752192020416260e-01,-1.616492738119563510e+00
6.188734769821166992e-01,-1.901600538300979748e+00
5.819158196449280007e-01,-2.208968380856796365e+00
5.728519201278686745e-01,-2.302468741807845998e+00
5.789388179779052512e-01,-2.269052135060615427e+00
5.761035799980163130e-01,-2.129219075343829815e+00
6.640802860260009988e-01,-1.900055884062787914e+00
7.003864884376526101e-01,-1.701317924640491031e+00
7.360928773880004439e-01,-1.688006353200109277e+00
6.735726773738861528e-01,-1.491452893273842006e+00
6.768365681171417680e-01,-1.385990216078590853e+00
6.911617100238800493e-01,-1.651989263275173148e+00
6.760291159152984619e-01,-1.876776246303861528e+00
7.082043051719666416e-01,-1.840862894825762597e+00
6.835303425788878950e-01,-1.740229204880070712e+00
6.411777436733245850e-01,-1.799586883582787733e+00
8.371061295270919578e-01,1.375035417367252988e+00
8.288048803806304932e-01,1.485946610063615836e+00
8.258824706077575462e-01,1.494129682258561687e+00
8.317792803049086636e-01,1.636127954359419601e+00
8.237697303295135054e-01,1.499916283979464637e+00
8.184883892536163330e-01,1.415886737640144277e+00
8.098459094762802124e-01,1.423676390201868980e+00
8.316248297691344327e-01,1.444554969775655895e+00
7.989073514938354048e-01,1.700297112108123176e+00
7.766991078853606734e-01,1.554694303486708007e+00
7.956407427787780540e-01,1.318669956193835313e+00
7.998529732227325217e-01,1.376679128714428435e+00
8.068018615245818870e-01,1.403233736809014642e+00
8.180674880743026289e-01,1.463369453863009095e+00
8.219659537076949851e-01,1.517647787367753409e+00
8.268177032470702681e-01,1.446448758190973294e+00
8.353946477174758467e-01,1.488410585429508659e+00
8.455789685249328613e-01,1.471207230577869396e+00
8.362542778253554410e-01,1.393679313503219053e+00
8.413414269685745017e-01,1.300028400726795930e+00
8.408172249794005904e-01,1.239531378017256547e+00
8.381778419017791304e-01,1.186120309163280373e+00
8.256994992494582908e-01,1.195658254159831069e+00
8.121451437473297119e-01,1.135387901829165491e+00
8.038889110088347500e-01,1.132311607472014758e+00
8.124838352203368474e-01,1.178746172149446103e+00
8.317859768867492676e-01,1.363783353702208156e+00
8.841928005218505637e-01,1.832036325929453646e+00
8.919925510883331965e-01,9.365308491718717931e-01
8.959568440914154053e-01,5.330530806918640785e-01
8.927925169467926247e-01,1.040482390507962762e+00
9.061295866966248003e-01,1.194982268973762807e+00
9.036726832389831987e-01,1.256901763003514638e+00
9.031325459480286089e-01,7.099439853652103061e-01
9.065655469894409180e-01,2.195330239287742735e-01
8.989784300327301469e-01,1.129775352249660081e-01
9.028746962547302690e-01,8.145516630148694759e-01
9.082674264907837358e-01,7.358400228505441731e-01
9.107555747032165527e-01,1.320558969644541669e+00
9.308406710624694824e-01,1.410906543177912198e+00
9.265260457992553489e-01,1.180960725834496294e+00
9.095301270484924538e-01,9.014586404793174523e-01
8.944966554641723411e-01,9.347575583929073062e-01
8.783615052700043391e-01,5.278189704644495883e-01
8.842089176177978516e-01,7.007105145826613146e-01
8.940554022789001243e-01,3.812417881821748011e-01
8.947794914245605913e-01,7.739629657955684472e-01
9.004220843315124956e-01,4.151788660719750723e-01
8.699880599975586826e-01,1.173148134717288293e+00
9.008442163467407227e-01,1.630417096684989353e+00
8.992063224315643977e-01,1.157126349539911558e+00
8.965425550937652366e-01,4.085014057575215851e-01
4.000000000000000222e-01,-3.141592653589793116e+00
4.000000000000000222e-01,-3.141592653589793116e+00
6.567830324172974077e-01,-2.932926325593951056e+00
6.684119105339050293e-01,-2.268922368375311915e+00
7.056621074676514560e-01,-1.766702076815732214e+00
7.198532462120056374e-01,-2.021506266295840959e+00
7.605594158172608310e-01,-2.050258200752176130e+00
7.980252623558043990e-01,-1.736358206608883403e+00
7.349957108497620073e-01,-1.357782533961122029e+00
7.531673550605774148e-01,-1.417245823645817415e+00
7.017648220062255859e-01,-1.124734674902359899e+00
6.863807976245880349e-01,-1.625620878800405400e+00
6.878120958805085117e-01,-1.335170548606883889e+00
6.880606114864349365e-01,-1.497000091376908815e+00
8.223571777343750000e-01,-3.141592653589793116e+00
8.147507309913635254e-01,-3.141592653589793116e+00
8.581945478916168657e-01,-3.141592653589793116e+00
9.018890023231506126e-01,-1.312989808095724520e+00
9.205300807952880859e-01,-1.192085082602893253e+00
9.032968640327453391e-01,-1.469142386077379125e+00
9.018221735954284890e-01,-1.097531046127742993e+00
8.992393016815185547e-01,-9.355258595614492911e-01
8.924861550331115723e-01,-1.189837665926110732e+00
9.033731102943420854e-01,-1.198953166994747521e+00
8.953322827816009299e-01,-8.728620328129670369e-01
8.979997098445892112e-01,-4.713039873599860208e-01
8.973281502723694514e-01,-6.723652011322949207e-01
8.886562883853912354e-01,-4.740787099326047027e-01
9.028742194175720659e-01,-4.087929594790473686e-01
8.961818873882293479e-01,-3.145330982746208370e-01
8.915684640407562922e-01,6.691466877311480488e-02
9.072559237480163352e-01,3.864111086936947714e-01
9.043124437332153986e-01,1.755127188092320267e-02
8.984259724617004172e-01,4.204268330594365111e-01
9.015193343162536399e-01,8.616320650625910460e-01
8.881646811962128352e-01,7.050117278025993528e-01
8.752903103828431064e-01,1.257011868069832339e+00
8.740206778049469660e-01,1.076306234806300388e+00
8.704241871833802158e-01,1.162774664540617842e+00
8.145431995391845259e-01,1.679235024090472983e+00
8.129083842039107610e-01,1.690309196917079149e+00
8.086514413356780118e-01,1.648055628703503972e+00
8.072630763053894043e-01,1.691122251675502008e+00
8.328644216060638872e-01,1.756379165087880612e+00
8.195515990257262740e-01,1.596905271525814962e+00
8.242842763662338035e-01,1.492075792088649155e+00
8.411642134189605269e-01,1.186802473715314887e+00
8.455798447132110152e-01,1.376164275177283347e+00
7.970619738101958340e-01,1.650251550663896394e+00
7.774973601102828091e-01,1.381730666765550231e+00
7.941893368959426214e-01,1.258574966779167692e+00
8.105474591255187322e-01,1.325347603761802828e+00
8.175471037626266257e-01,1.343132380774866075e+00
8.254076302051543967e-01,1.417812546406380880e+00
8.229541957378386785e-01,1.473720266364468401e+00
8.233198881149291770e-01,1.425627571819272355e+00
8.385087817907332930e-01,1.423831810618610305e+00
8.415567547082900557e-01,1.399332122588264449e+00
8.361499577760695967e-01,1.367859581824899529e+00
8.391508579254149947e-01,1.280343187798663074e+00
8.340572088956832442e-01,1.225196747002336828e+00
8.294474214315413763e-01,1.222127287398452555e+00
8.209013849496841209e-01,1.228048711649540659e+00
8.127365171909332053e-01,1.200309631451222492e+00
8.138879090547561646e-01,1.204414977495363637e+00
8.234997749328613059e-01,1.303727313018482992e+00
8.337045252323149747e-01,1.439329941343677310e+00
8.929538667201996072e-01,1.408184251589254643e+00
8.945412933826446533e-01,1.017065964056953042e+00
8.952242255210877131e-01,8.894362158570752186e-01
8.975918531417846902e-01,1.037593817798743601e+00
9.055197834968566895e-01,8.914154855016001022e-01
9.001410365104675071e-01,1.014670242596966254e+00
9.025429010391236018e-01,1.143644096521385656e+00
9.045670866966247781e-01,4.838683236521674758e-01
8.963076233863830344e-01,4.313036406821324498e-01
8.996440708637237771e-01,5.944965762886558203e-01
8.995292305946350764e-01,7.339345310905924791e-01
9.017394423484802468e-01,1.168466422356605250e+00
9.172999739646912065e-01,1.258518135337624244e+00
9.165663123130798340e-01,1.027526694371215576e+00
9.101302862167358620e-01,5.199288563923856188e-01
9.021298408508301447e-01,5.109493013750188162e-01
8.995560884475708452e-01,4.757793463480801677e-01
8.941962718963623047e-01,6.723610815549836417e-01
8.808803617954255039e-01,8.692390518212667061e-01
8.730806112289428711e-01,1.085013897721126774e+00
8.830554366111755815e-01,6.109984794763034799e-01
8.841033816337585671e-01,-2.138011938607591311e-01
9.049580574035644975e-01,-7.953162330277141479e-02
9.057990312576293945e-01,7.307268783932663325e-02
9.132931351661682795e-01,4.302018410048962238e-01
6.836645424365996870e-01,-1.643578303553511422e+00
6.582595705986022949e-01,-1.843317788396219070e+00
6.254364848136901855e-01,-2.146275436186864560e+00
5.973373413085937278e-01,-2.169488879828540107e+00
6.084446191787720171e-01,-2.083736226652046497e+00
5.865409851074219194e-01,-2.248149306156746796e+00
6.236482024192809837e-01,-1.928748833662166540e+00
6.609208762645721880e-01,-1.903283479259368693e+00
7.073081612586975542e-01,-2.036936236741758943e+00
6.777736783027649148e-01,-1.725733161335957000e+00
6.775396287441253218e-01,-1.402123417096884817e+00
6.553526282310486728e-01,-1.810847186402455122e+00
6.402101635932921919e-01,-1.913895042279276648e+00
7.060461282730102761e-01,-1.774016948092339119e+00
6.765662193298340732e-01,-1.629314079859910835e+00
8.995563507080077681e-01,4.170863239938252254e-01
8.576544880867004172e-01,5.958292595488341448e-01
8.439531296491622481e-01,1.089453772168289758e+00
8.519034206867217573e-01,1.393467342525205543e+00
8.416323840618133989e-01,1.508014904839530601e+00
8.118562698364257812e-01,1.435695350634099698e+00
8.381161063909530196e-01,1.166449889262764827e+00
8.406147360801696777e-01,1.344613836952033736e+00
8.353077799081802812e-01,1.463753136313494574e+00
7.906263262033461636e-01,1.456859117309931229e+00
8.044267117977141890e-01,1.270689801010641107e+00
8.196216851472853948e-01,1.531699852829826458e+00
8.269065469503402710e-01,1.524366630708833048e+00
8.124248802661895308e-01,1.505815518689126442e+00
7.929307192564010176e-01,1.506034137166892162e+00
8.145999103784560269e-01,1.286950615298825706e+00
8.247665911912918091e-01,1.494003379763270134e+00
8.104091018438338567e-01,1.369408730147431141e+00
8.066032260656356145e-01,1.444226807992114558e+00
8.184902131557464378e-01,1.387405759018779161e+00
8.361204624176025169e-01,1.508532286299116398e+00
8.242736637592315008e-01,1.250656671053224533e+00
8.264221757650375144e-01,1.157686237547208785e+00
8.332026571035384688e-01,1.105860082436965985e+00
7.968903839588165061e-01,1.188209964754394887e+00
7.924253284931181973e-01,1.477309728977136860e+00
7.963352739810942715e-01,1.843440626701499108e+00
6.951563060283660889e-01,-1.530045842539373036e+00
6.641863226890564187e-01,-1.647660430161898448e+00
6.526983141899109775e-01,-1.846756980063785303e+00
6.423493146896361861e-01,-1.868599447101639610e+00
5.979642629623412864e-01,-2.163862192608718260e+00
5.978183150291442871e-01,-2.329997442683020559e+00
6.300904035568237749e-01,-2.157737972801809789e+00
7.059618711471558061e-01,-1.833485668128944868e+00
7.429640889167785645e-01,-1.370006256111071519e+00
7.582815051078797275e-01,-1.495703922551988807e+00
6.689895868301392046e-01,-1.552116103477186204e+00
6.885696947574615479e-01,-1.685837302118996739e+00
7.064211368560791016e-01,-1.825240053260274165e+00
6.420788407325744851e-01,-1.834031512122680896e+00
7.146974682807922807e-01,-1.809481359270272760e+00
6.738962054252624068e-01,-1.582611368150222075e+00
7.157538652420043501e-01,-1.530604794279099456e+00
8.750311017036438432e-01,-2.719814224665249469e+00
9.068285703659058061e-01,-1.403369589233527615e+00
8.955555796623230203e-01,-1.433254875584232257e+00
9.080476284027100276e-01,-9.280576276567562566e-01
9.096735835075379084e-01,-9.422497587474105707e-01
8.885176002979279231e-01,-1.479598622307302769e+00
9.129295229911804643e-01,-8.398713341836616664e-01
9.059436082839965598e-01,-8.916064840860293828e-01
9.012716054916382058e-01,-1.084216010497349725e+00
9.134081721305847834e-01,-9.803543508480485613e-01
8.909196853637695312e-01,-1.261728409584146560e+00
9.059489607810974343e-01,-8.977841647712265782e-01
9.012214183807373269e-01,-1.021867893173717956e+00
8.918276548385620783e-01,-8.705812850106662282e-01
9.034507513046264870e-01,-9.971421901517976139e-01
8.758967936038971613e-01,-8.269485946654042685e-01
8.956173658370971680e-01,-2.860334879285986176e-02
8.921673834323883279e-01,-2.861587605295619063e-01
8.907023072242736816e-01,8.621189241993709729e-02
9.002318143844604270e-01,7.974056077385589525e-01
8.927151083946228693e-01,-7.018673667930563909e-02
9.095022797584534358e-01,4.633153779394811878e-01
9.049928903579712580e-01,3.561539368638957370e-01
8.925578236579895242e-01,1.470468140957534864e-01
9.129138708114624690e-01,9.528792044779192949e-01
0.000000000000000000e+00,3.000000000000000000e+00
0.000000000000000000e+00,3.000000000000000000e+00
0.000000000000000000e+00,3.000000000000000000e+00
0.000000000000000000e+00,3.000000000000000000e+00
0.000000000000000000e+00,3.000000000000000000e+00
0.000000000000000000e+00,3.000000000000000000e+00
0.000000000000000000e+00,3.000000000000000000e+00
0.000000000000000000e+00,2.100000000000000089e+00
1.000000000000000000e+00,0.000000000000000000e+00
1.000000000000000000e+00,0.000000000000000000e+00
1.000000000000000000e+00,0.000000000000000000e+00
1.000000000000000000e+00,0.000000000000000000e+00
1.000000000000000000e+00,0.000000000000000000e+00
1.000000000000000000e+00,0.000000000000000000e+00
1.000000000000000000e+00,0.000000000000000000e+00
1.000000000000000000e+00,0.000000000000000000e+00
1.000000000000000000e+00,0.000000000000000000e+00
1.000000000000000000e+00,0.000000000000000000e+00
1.000000000000000000e+00,0.000000000000000000e+00
1.000000000000000000e+00,0.000000000000000000e+00
1.000000000000000000e+00,0.000000000000000000e+00
1.000000000000000000e+00,0.000000000000000000e+00
