8.939295411109924316e-01,1.594978245611736511e+00
8.206690698862075806e-01,2.369297742098239290e+00
7.801601588726043701e-01,1.577643064286138319e+00
8.394334912300109863e-01,1.973705968112984266e+00
7.137470096349716187e-01,1.863609889963700361e+00
7.202883809804916382e-01,4.454214321276706023e-01
6.907947659492492676e-01,-1.123472398963500485e+00
7.330737113952636719e-01,-1.350695175704204054e-01
7.484453618526458740e-01,-1.685219084642042953e+00
8.511475920677185059e-01,4.256459630057207733e-02
7.706970125436782837e-01,-4.072895010139676586e-02
7.802475541830062866e-01,-5.789642717972567354e-01
7.529409676790237427e-01,-5.278871307435988314e-01
7.465505599975585938e-01,-4.703911264785234358e-01
7.558233141899108887e-01,-4.815724083152210788e-01
7.272060662508010864e-01,-3.527049143868370429e-01
7.357669174671173096e-01,-4.133670010690964070e-01
7.345015406608581543e-01,-3.492691869092827694e-01
7.277954816818237305e-01,-2.042168099927001990e-01
7.298406660556793213e-01,-1.304477263342640470e-01
7.359088063240051270e-01,-1.040717580921723950e-02
5.918061658740043640e-01,3.053465906734197155e+00
4.878401011228561401e-01,3.141592653589793116e+00
5.806220024824142456e-01,3.141592653589793116e+00
7.162367701530456543e-01,2.153083693080949157e+00
9.260088503360748291e-01,4.462704863741882022e-01
8.352209031581878662e-01,6.205029060938227481e-02
7.970174849033355713e-01,-3.246534485135446069e-01
6.971675157546997070e-01,1.435999731221344167e+00
8.282129168510437012e-01,1.637337799314318332e+00
6.403889954090118408e-01,2.710700408878239820e+00
7.785233855247497559e-01,1.813189353357396172e-01
7.377944439649581909e-01,3.995731582030310758e-01
5.986645966768264771e-01,6.581358065923255118e-01
4.802210181951522827e-01,1.200756886469760865e+00
4.835901632905006409e-01,1.239916371242341331e+00
6.953836232423782349e-01,1.992872676060446491e-01
7.305261045694351196e-01,4.922019944858657681e-01
6.067946404218673706e-01,1.029075280933204883e+00
6.121039614081382751e-01,9.169475957821910939e-01
6.657376140356063843e-01,5.373620649326396048e-01
6.489823460578918457e-01,6.615445695638428880e-01
6.405012011528015137e-01,8.739675775604860419e-01
6.326022744178771973e-01,7.977344249093998307e-01
6.800344139337539673e-01,8.086662850652546197e-01
6.752403229475021362e-01,7.063716564490860605e-01
6.263152658939361572e-01,3.141592653589793116e+00
8.144463896751403809e-01,1.890486761356132028e+00
8.545704483985900879e-01,2.872949399519952429e+00
7.666660994291305542e-01,2.310989244835282896e+00
7.001024782657623291e-01,4.731675343327692573e-01
7.722450047731399536e-01,-2.678167170583996004e-01
8.043598532676696777e-01,-8.177375943045528395e-01
8.661706000566482544e-01,-1.016552327667649802e+00
8.525206148624420166e-01,-6.619786232096336320e-02
8.343890607357025146e-01,2.051751734781004366e-01
9.071247577667236328e-01,-3.346048024559515888e-01
8.342027366161346436e-01,8.488576303275374713e-01
7.819930911064147949e-01,-2.428899037622858081e-01
7.319434732198715210e-01,-2.240909617166071399e-01
6.667902469635009766e-01,4.920475571500735334e-01
6.756913810968399048e-01,4.384241428110553507e-01
6.990778744220733643e-01,5.010435904766850079e-01
7.671604752540588379e-01,-2.741297820343246983e-02
8.414845317602157593e-01,-4.029733075128971720e-02
6.584717780351638794e-01,6.609779404300364369e-01
5.608526915311813354e-01,1.115779650095346298e+00
8.049473464488983154e-01,4.729020088497097873e-01
6.934721469879150391e-01,-5.929813208521839130e-02
7.589377611875534058e-01,-3.318106055178620117e-01
6.730972826480865479e-01,-4.000352998759426626e-02
6.899898350238800049e-01,-1.777436571767676554e-01
7.385602593421936035e-01,2.369052814501735327e-01
7.416918724775314331e-01,4.951278774577785313e-01
7.525045275688171387e-01,2.971979169490226447e-01
7.984825074672698975e-01,-3.360341085294296093e-01
8.035211712121963501e-01,-1.427332421438816112e-01
8.340590596199035645e-01,-2.084807597633235865e-01
8.722121417522430420e-01,-4.032073744055804099e-01
8.830795586109161377e-01,-3.191181878220046286e-01
8.710816353559494019e-01,-5.552725826804518761e-01
8.812903463840484619e-01,-1.081575174187345834e+00
9.596460759639739990e-01,-1.533589989801618092e+00
9.704524278640747070e-01,-2.257178576982119100e+00
9.523607492446899414e-01,-1.251642186298175918e+00
9.555588364601135254e-01,-2.893478751289855211e-01
9.087089598178863525e-01,1.017003795890255802e+00
8.460014164447784424e-01,9.055961941278916072e-01
7.835091650485992432e-01,-1.959568702301974774e-01
7.308242321014404297e-01,-4.149159621381137697e-01
7.899065017700195312e-01,-1.173748094976612144e-01
8.219622522592544556e-01,2.228271877496341702e-01
8.530184328556060791e-01,-1.289365904751038627e-01
7.531427145004272461e-01,1.356520632529290005e-01
7.284189611673355103e-01,-2.380104516906644818e-02
7.944247722625732422e-01,-1.953917391245041379e-01
7.482415139675140381e-01,-3.612687666027993849e-01
7.454038262367248535e-01,2.831276878960773402e-01
8.237001448869705200e-01,6.046041464752516248e-03
7.736344784498214722e-01,-3.628795213314846002e-01
7.591350376605987549e-01,5.059477600121731200e-02
8.031812906265258789e-01,4.602953532633291545e-02
7.816832959651947021e-01,-1.633131523626052406e-01
7.802277058362960815e-01,-7.979733603934491271e-02
8.194703459739685059e-01,5.397133136830145617e-02
7.761283516883850098e-01,-1.763909377905754639e-01
7.696321308612823486e-01,2.927716183816349016e-01
8.196544349193572998e-01,-5.546542715767399656e-02
7.887386232614517212e-01,-3.021314852862322375e-01
7.836350500583648682e-01,3.527736364265288138e-01
8.310637474060058594e-01,-1.646014565399323004e-02
8.056023418903350830e-01,-5.201707879326624706e-01
8.461872041225433350e-01,3.786340957441769461e-02
8.555440902709960938e-01,2.964219383864006296e-01
7.882731705904006958e-01,-1.398317489421865290e-01
7.877778112888336182e-01,1.393042557928363401e-01
7.952898293733596802e-01,1.877639672257589432e-01
7.635504007339477539e-01,-1.721788572433711195e-01
7.762796282768249512e-01,1.500278900409610650e-01
8.577620983123779297e-01,-2.402275332981762546e-03
7.917220890522003174e-01,2.666808372415885309e-01
7.403948456048965454e-01,-8.727811392948536806e-02
7.680004537105560303e-01,-4.658191446771300370e-01
7.584025263786315918e-01,-1.811321967687584689e-02
7.676001787185668945e-01,2.030764360915502387e-01
7.884392887353897095e-01,-2.548387377534688802e-01
7.505930066108703613e-01,-2.117296082337598584e-01
7.593282461166381836e-01,4.569510055006809068e-02
7.272842973470687866e-01,-1.489704694465774359e-01
7.164678871631622314e-01,-1.875722196272731068e-01
7.327176481485366821e-01,-7.419545991014731001e-02
7.538833618164062500e-01,4.417085694491795778e-02
7.629818171262741089e-01,-2.805505177808833572e-01
8.219384253025054932e-01,-1.435011688053950962e-01
7.923088669776916504e-01,5.683466230381393203e-01
8.745920211076736450e-01,5.075843557258119532e-02
8.583148121833801270e-01,1.458704875198870710e-01
9.172464311122894287e-01,1.588374188674830378e-01
8.708551228046417236e-01,2.302098447983622620e-01
8.095913231372833252e-01,-6.961280465844765786e-02
7.761322408914566040e-01,-1.377845062720259861e-01
7.193781286478042603e-01,1.050589586187515856e-01
6.573432385921478271e-01,2.212830952719846422e-01
6.564851105213165283e-01,2.190667626785502975e-01
6.999431997537612915e-01,4.138991755562999586e-01
7.335848510265350342e-01,1.385739670876664498e-01
8.455288559198379517e-01,-2.467546290407494070e-01
7.927231788635253906e-01,4.585434093849793946e-01
5.516768991947174072e-01,1.151485150172743666e+00
7.103517800569534302e-01,4.288184120423839119e-01
7.189837098121643066e-01,4.585464054412069501e-02
7.178378254175186157e-01,-5.821734225226946613e-01
7.552631795406341553e-01,-2.497651037876775781e-01
6.231241300702095032e-01,-1.858798223664197558e-01
7.221019566059112549e-01,-1.870486588017206131e-01
7.402286827564239502e-01,4.472699988193218346e-01
7.509563118219375610e-01,4.192815905669182719e-01
7.715346664190292358e-01,-1.752730343111208455e-02
7.760097980499267578e-01,-9.546184151173076060e-02
8.056020289659500122e-01,-1.576403071515461995e-01
8.350539803504943848e-01,-4.236416013902983835e-01
8.666820526123046875e-01,-1.843396622125674789e-01
8.400920629501342773e-01,-6.200740955464270066e-01
8.889717459678649902e-01,1.383825939962091134e-01
9.061575531959533691e-01,-5.764112573853878985e-01
9.312150180339813232e-01,-2.224449097005047893e+00
9.550099670886993408e-01,-9.522796187256235001e-01
9.323627352714538574e-01,-9.029870036617770879e-02
8.637471795082092285e-01,8.381789369228083153e-01
8.349705636501312256e-01,3.563483060115797407e-01
7.748737484216690063e-01,-1.440172394903820319e-01
7.952571511268615723e-01,4.501874085697199490e-02
8.222091048955917358e-01,1.765868049663725792e-01
8.023473024368286133e-01,-3.233184713978176639e-01
8.540171086788177490e-01,1.164495898842647925e-01
8.164079785346984863e-01,2.333594489063011146e-01
7.335029989480972290e-01,-2.826095574224347651e-01
7.728881537914276123e-01,-3.791518517107892450e-01
8.004893362522125244e-01,-1.232766657565211865e-01
8.011385202407836914e-01,2.877479811041205870e-01
8.218942582607269287e-01,-2.295439713020583916e-01
8.064569383859634399e-01,-3.022140640859709571e-01
8.003440499305725098e-01,1.155118242854209498e-01
