-1.000000000000000000e+00,1.570796326794896558e+00
-1.000000000000000000e+00,1.570796326794896558e+00
-1.000000000000000000e+00,1.570796326794896558e+00
-1.000000000000000000e+00,1.570796326794896558e+00
-1.000000000000000000e+00,1.570796326794896558e+00
-1.000000000000000000e+00,1.570796326794896558e+00
-1.000000000000000000e+00,1.570796326794896558e+00
-1.000000000000000000e+00,1.570796326794896558e+00
-1.000000000000000000e+00,1.570796326794896558e+00
-1.000000000000000000e+00,1.570796326794896558e+00
-1.000000000000000000e+00,1.570796326794896558e+00
-1.000000000000000000e+00,1.570796326794896558e+00
-1.000000000000000000e+00,1.570796326794896558e+00
-1.000000000000000000e+00,1.570796326794896558e+00
-1.000000000000000000e+00,1.570796326794896558e+00
-1.000000000000000000e+00,1.570796326794896558e+00
-1.000000000000000000e+00,1.570796326794896558e+00
-1.000000000000000000e+00,1.570796326794896558e+00
7.950536608695983887e-01,-3.141592653589793116e+00
8.052587509155273438e-01,-3.141592653589793116e+00
7.361703217029571533e-01,-3.141592653589793116e+00
7.541075497865676880e-01,-3.141592653589793116e+00
7.108491063117980957e-01,-3.141592653589793116e+00
7.370026558637619019e-01,-3.141592653589793116e+00
8.930809795856475830e-01,-3.141592653589793116e+00
9.741106927394866943e-01,-2.181642194657170908e+00
8.568831384181976318e-01,-2.534745022761568656e+00
8.164225518703460693e-01,-1.171194706057715251e+00
8.710444420576095581e-01,2.775658840189088039e-02
8.143365532159805298e-01,1.284810026751861400e-01
8.139187991619110107e-01,-3.561621760185182950e-01
7.806836813688278198e-01,-2.825835291839684515e-01
7.840017080307006836e-01,1.288701154775822033e-01
7.652854770421981812e-01,-3.697227010059567220e-02
7.792281359434127808e-01,-1.047902498259518644e-01
7.574455142021179199e-01,-2.382349686541256339e-01
7.652450203895568848e-01,-9.227216515176461797e-02
7.822050303220748901e-01,-6.106861406147068294e-02
7.901814728975296021e-01,-1.667043135037937773e-02
7.756380885839462280e-01,-1.762553662463335336e-01
7.661044001579284668e-01,-1.300151707165859705e-01
7.722864001989364624e-01,1.940051268522515748e-01
7.317354679107666016e-01,7.859110507726945194e-01
7.138741463422775269e-01,8.508831515900570075e-01
7.013780027627944946e-01,7.909604354084041056e-01
7.531458884477615356e-01,9.236376020820924460e-01
7.712808847427368164e-01,8.927368399241730756e-01
7.320878207683563232e-01,7.757716943020849243e-01
7.205969691276550293e-01,8.686578169133563065e-01
6.679447591304779053e-01,1.168685415341399025e+00
6.546505689620971680e-01,1.181008756360874656e+00
6.707517355680465698e-01,9.994929707683888331e-01
6.598418503999710083e-01,8.219527645347408651e-01
6.086038351058959961e-01,8.739757230883515859e-01
5.790314748883247375e-01,1.018402392387414146e+00
5.575759261846542358e-01,1.116050980437344187e+00
6.061106771230697632e-01,7.520705956961939442e-01
6.130994856357574463e-01,8.784209342606681403e-01
6.095100641250610352e-01,1.178085916258566623e+00
5.742986723780632019e-01,1.002400643336050834e+00
6.104696914553642273e-01,7.928485125915400999e-01
6.457869857549667358e-01,5.638968241547259730e-01
6.277363449335098267e-01,4.571204699309823205e-01
5.923964530229568481e-01,5.945370698610896731e-01
5.295040383934974670e-01,9.245939994055940581e-01
5.366025939583778381e-01,1.398426658220610630e+00
6.426925659179687500e-01,1.136555801996895543e+00
6.147784590721130371e-01,1.244941038414183243e+00
6.222808882594108582e-01,9.748864546082223193e-01
5.353654474020004272e-01,1.190871867084740021e+00
5.619386062026023865e-01,1.161561729902735429e+00
6.253216415643692017e-01,2.820256073385698503e-01
6.236146613955497742e-01,2.117482399584174058e-01
5.974377766251564026e-01,3.113020388880280986e-01
5.727735906839370728e-01,4.188974399826472794e-01
5.742886364459991455e-01,6.636529973197502486e-01
6.007485389709472656e-01,8.276588472445607358e-01
6.417941153049468994e-01,6.035311370258029662e-01
7.795795500278472900e-01,3.129103593210298406e-01
6.342713683843612671e-01,-1.831527839011789283e+00
7.243379801511764526e-01,-1.586741712538501714e+00
6.845160722732543945e-01,-1.889155388870552343e+00
7.021354585886001587e-01,-2.363316115842352794e+00
5.983369201421737671e-01,-2.265194244535418289e+00
5.965536534786224365e-01,-2.213248902563421439e+00
5.712551921606063843e-01,-2.244055195323454210e+00
6.668945848941802979e-01,-1.668128362779162543e+00
5.361427515745162964e-01,-1.870643880969087736e+00
5.673879384994506836e-01,-1.894170786993444100e+00
4.815530478954315186e-01,-1.744287831172432357e+00
4.633378759026527405e-01,-1.941470931040016223e+00
7.498131990432739258e-01,-1.275929154336451710e+00
5.856709033250808716e-01,-1.318899154495150272e+00
4.919603541493415833e-01,-1.779143949309661910e+00
5.371470376849174500e-01,-2.627824250559303465e+00
6.336089521646499634e-01,-3.048610423112386059e+00
4.741061404347419739e-01,-2.617288618839381797e+00
5.473038032650947571e-01,-3.141592653589793116e+00
4.733872413635253906e-01,2.890281772042838426e+00
5.946775376796722412e-01,8.257188072112491284e-01
5.955082178115844727e-01,9.771773141002868535e-01
5.801604166626930237e-01,1.089613967549642126e+00
6.142793223261833191e-01,1.322201931977661005e+00
6.250024586915969849e-01,1.136423226508879836e+00
6.164742857217788696e-01,1.280730802572945581e+00
6.033836528658866882e-01,1.388711571399677602e+00
5.760152190923690796e-01,1.512068568913767397e+00
5.588872805237770081e-01,1.549632372865550778e+00
5.611457452178001404e-01,1.380128993832300921e+00
5.878944322466850281e-01,1.404165042161620747e+00
6.119667887687683105e-01,1.400110254566298895e+00
6.234160885214805603e-01,1.363035182286437053e+00
6.463918685913085938e-01,1.141630184976742957e+00
6.593815833330154419e-01,9.483104059862665913e-01
6.682068109512329102e-01,8.674166069948383573e-01
6.663817465305328369e-01,8.065035069768660136e-01
6.598187386989593506e-01,6.563064333858741328e-01
6.476348936557769775e-01,6.014614707473233679e-01
6.567305326461791992e-01,4.567834136055193284e-01
6.531769633293151855e-01,5.590231301286645582e-01
6.412735879421234131e-01,6.069876496434272184e-01
6.061001494526863098e-01,8.706531903600982503e-01
6.014399006962776184e-01,9.557705859898510958e-01
6.007777526974678040e-01,9.754333284962863893e-01
5.930535048246383667e-01,1.040270045022920975e+00
5.958486348390579224e-01,1.051456101824229439e+00
6.260728836059570312e-01,8.553895946614993306e-01
6.356690675020217896e-01,6.141929308008804433e-01
6.060636937618255615e-01,4.060562961831790663e-01
6.055017262697219849e-01,4.823140258579972084e-01
6.021636724472045898e-01,4.529392862136121245e-01
5.941917896270751953e-01,5.644727691508615308e-01
5.979116559028625488e-01,6.219164360587328133e-01
6.079081371426582336e-01,6.964603747587063687e-01
6.085360869765281677e-01,5.757687905783521742e-01
6.170080006122589111e-01,6.306740020350791731e-01
6.238849163055419922e-01,7.129803479104692698e-01
6.906564533710479736e-01,1.657249776248082007e+00
7.335917353630065918e-01,6.455070550912775929e-01
6.954991817474365234e-01,1.357312714894129080e+00
7.170265913009643555e-01,7.392918541303150626e-01
7.863261997699737549e-01,-4.121691403391030128e-01
7.662664949893951416e-01,-2.396541630378399290e-01
8.247985988855361938e-01,3.785835372953556544e-01
8.151752352714538574e-01,-2.284811203557657322e-02
7.762980908155441284e-01,-3.459338273153105270e-01
7.940123379230499268e-01,3.366218973103363155e-02
8.017418384552001953e-01,-2.206194688178504393e-01
7.862043380737304688e-01,-5.636293325097696538e-02
7.985386550426483154e-01,4.744854245653318259e-02
8.059432059526443481e-01,-5.833695979710595836e-02
8.123771548271179199e-01,1.230064589356083538e-01
8.542130887508392334e-01,-1.050679467874182649e-03
8.361105918884277344e-01,-7.336162001165424940e-02
7.987492978572845459e-01,8.684817986099879761e-04
8.070639669895172119e-01,2.748844136963324303e-02
8.176514953374862671e-01,-2.236550355356747843e-01
8.045497983694076538e-01,-1.942455603644166473e-02
8.179190456867218018e-01,2.379767460581172500e-02
8.062967211008071899e-01,-2.046901868764621213e-01
8.082742244005203247e-01,-2.973585804641620811e-02
8.245007395744323730e-01,1.357265901515591899e-01
8.180924057960510254e-01,-2.739773576738091521e-01
7.990058064460754395e-01,9.993345542954390481e-03
8.081994801759719849e-01,-4.097106889518764561e-02
7.987112998962402344e-01,5.902680174322050277e-02
7.916262894868850708e-01,-2.326568737212246774e-01
7.970426976680755615e-01,-3.602195851630352053e-03
7.934876978397369385e-01,-2.750211087616603045e-01
7.790161073207855225e-01,9.878521688079766605e-02
7.979485690593719482e-01,-4.699632521986973899e-02
7.762553095817565918e-01,-8.367011321891659748e-02
7.659306824207305908e-01,6.753747396116516200e-02
7.899412810802459717e-01,-1.978153613580984072e-01
7.755939215421676636e-01,-1.530945408421331422e-01
7.820313572883605957e-01,1.507020026918870492e-01
8.097145706415176392e-01,-4.415849821298412081e-02
7.879572510719299316e-01,7.085935130211895583e-02
8.196308761835098267e-01,3.060744825336088049e-01
8.456259071826934814e-01,6.928754530437508663e-03
7.893623262643814087e-01,-7.969528287413529810e-02
7.783432304859161377e-01,1.353651908692570238e-01
8.139773607254028320e-01,1.694352187541010579e-01
8.095686137676239014e-01,-2.316814701660372400e-01
7.904091924428939819e-01,3.393670338277177123e-02
8.144976198673248291e-01,1.863996381216903586e-02
7.954276055097579956e-01,-1.684023283700706308e-01
7.975198626518249512e-01,8.361992927712336154e-03
8.220327496528625488e-01,7.770833583552994028e-02
8.066354393959045410e-01,-1.772785194476287352e-01
7.999529391527175903e-01,8.049878770333673828e-02
8.106961250305175781e-01,-1.743817075837870156e-01
8.015775531530380249e-01,6.540315840692700888e-02
8.058655112981796265e-01,-1.627845356921704401e-01
8.081628680229187012e-01,-5.437654797291413544e-02
8.136936724185943604e-01,-1.491410573979643495e-01
8.300094604492187500e-01,1.323631425304654385e-01
8.175206929445266724e-01,-1.137896537158180621e-01
7.752320468425750732e-01,-6.582916015160966694e-02
7.799784839153289795e-01,5.700446379044166179e-02
7.911188155412673950e-01,-3.111726467097533089e-01
7.682747095823287964e-01,8.242150678658966001e-03
7.929077595472335815e-01,-5.426457037145437923e-02
7.597441673278808594e-01,-8.083902733854042566e-02
7.344016730785369873e-01,-1.429796677684982420e-01
7.642295360565185547e-01,-3.305631226066201300e-01
7.353907376527786255e-01,-9.033521480143624771e-02
7.251869440078735352e-01,2.567725047940565553e-01
6.993358135223388672e-01,2.475577593629223472e-01
6.997853517532348633e-01,1.572259151247408226e-01
7.278003543615341187e-01,1.028201556036196784e-01
7.195523828268051147e-01,1.169248393031674382e-02
7.241550087928771973e-01,-1.195609942753179666e-01
7.194954752922058105e-01,1.920209886163570800e-02
7.470538318157196045e-01,2.263614105756297512e-01
7.522669285535812378e-01,3.010268768062838163e-01
7.476528584957122803e-01,4.024744641512123522e-01
7.518962919712066650e-01,5.524079784210433886e-01
7.586419582366943359e-01,5.675451779975935196e-01
7.539513111114501953e-01,1.151675586996629974e+00
7.269504964351654053e-01,1.198279803357877871e+00
7.224423736333847046e-01,1.494225368804290355e+00
7.608547806739807129e-01,1.116305457963068903e+00
8.714728355407714844e-01,8.177777601833371435e-01
7.732215523719787598e-01,5.431629447339960670e-01
6.993329972028732300e-01,6.178106686941848835e-01
6.279429644346237183e-01,6.148865646306562738e-01
6.209640130400657654e-01,9.423518119126201853e-01
6.096623465418815613e-01,1.358867199941813819e+00
6.337948739528656006e-01,1.085000228214593854e+00
6.652814596891403198e-01,5.720725466492417866e-01
6.995628625154495239e-01,5.583504218790942275e-01
6.154334321618080139e-01,8.541287231239960143e-01
5.709576457738876343e-01,1.045413805429760146e+00
5.246306210756301880e-01,1.228362923046277810e+00
5.387422367930412292e-01,1.147812359746279931e+00
6.083715558052062988e-01,7.911522766336469559e-01
6.670530140399932861e-01,6.283411509424676744e-01
6.737454384565353394e-01,3.626128255139620116e-01
6.284217834472656250e-01,4.675106524837908673e-01
5.805811658501625061e-01,6.983824384546601927e-01
5.226859524846076965e-01,1.379318935130104506e+00
5.092466771602630615e-01,1.769418376291936656e+00
6.046671569347381592e-01,1.227638251946532311e+00
6.391051113605499268e-01,1.321350583875595230e+00
6.219990327954292297e-01,6.997407754462767748e-01
5.462638884782791138e-01,1.021415675937054957e+00
5.556745082139968872e-01,9.757675760190376302e-01
6.284999698400497437e-01,1.659912989353027335e-01
6.314709186553955078e-01,6.888045616462168397e-02
6.382267773151397705e-01,1.302115060261683777e-01
5.896607786417007446e-01,2.906465250629679531e-01
5.929428413510322571e-01,2.691997715138831904e-01
5.953447595238685608e-01,4.690674313870242251e-01
5.968822240829467773e-01,8.694962445229461601e-01
6.616424173116683960e-01,-2.187644231546098883e+00
6.448753029108047485e-01,-2.407324062229963868e+00
5.597661510109901428e-01,-2.136414291624897821e+00
5.838996395468711853e-01,-1.995247425126848828e+00
6.063305288553237915e-01,-1.857994906088512144e+00
6.390600502490997314e-01,-1.173481820479497006e+00
6.038378179073333740e-01,-1.780532246863541834e+00
6.843300163745880127e-01,-1.564216425561313351e+00
6.500381976366043091e-01,-1.603031363867864822e+00
5.035423785448074341e-01,-1.842613153422486993e+00
2.500000000000000000e-01,-2.088241733455918236e+00
3.733669295907020569e-01,-2.680218532831465605e+00
6.677738130092620850e-01,-2.373357491911685546e+00
5.103855878114700317e-01,-2.071145393987613659e+00
2.500000000000000000e-01,-2.526919136644856678e+00
5.974590778350830078e-01,-1.548432452346902188e+00
5.264464318752288818e-01,-3.109770042381732047e+00
7.151952236890792847e-01,-1.401591055356167015e+00
5.287644863128662109e-01,2.791545428329232692e+00
7.738491892814636230e-01,2.251911510136214822e+00
8.072371482849121094e-01,2.681966544386019891e+00
8.823141455650329590e-01,2.474636457467124906e+00
8.798363208770751953e-01,2.521946057816161435e+00
8.971625864505767822e-01,-8.436652776337778548e-01
9.309662878513336182e-01,-2.127996684403483663e+00
8.578040748834609985e-01,-5.988215707048905045e-01
8.441677242517471313e-01,-6.390175973050271629e-01
8.831297159194946289e-01,4.283607644538105497e-01
8.546710312366485596e-01,-7.424040075354243484e-02
8.708787262439727783e-01,-5.682230357188027270e-01
8.636862933635711670e-01,-2.264162758552745736e-01
8.476429283618927002e-01,-2.362013954904980118e-01
8.835803270339965820e-01,-6.605201055879490468e-01
8.503642976284027100e-01,-5.627763927528324217e-01
7.926051169633865356e-01,-2.310343220211477089e-01
7.615648508071899414e-01,-1.554711624436766471e-01
7.955593019723892212e-01,-3.733732082642378103e-01
7.703409940004348755e-01,-4.083075983703805534e-01
7.694704383611679077e-01,-2.224472503694316927e-01
7.688798606395721436e-01,1.931149236460005802e-01
7.886789441108703613e-01,4.506484267215475903e-01
7.886321395635604858e-01,4.471003471355055048e-01
7.888656258583068848e-01,4.617832696867369968e-01
8.024798929691314697e-01,5.839380996400080903e-01
8.329527378082275391e-01,4.910513684548156732e-01
6.978042274713516235e-01,9.069167995364080248e-01
7.406412959098815918e-01,7.729647173116549475e-01
7.011130899190902710e-01,8.482173169359148446e-01
6.932205110788345337e-01,9.016879324073894253e-01
7.463088929653167725e-01,1.009236426496714856e+00
7.051118612289428711e-01,7.754609002819807806e-01
7.285819947719573975e-01,7.447898981859188972e-01
7.252808213233947754e-01,1.204504952808910900e+00
6.690117418766021729e-01,1.223029006695823373e+00
6.618644595146179199e-01,9.826862188597109693e-01
6.053793728351593018e-01,1.198007349494794926e+00
5.672017931938171387e-01,1.102084770711507566e+00
6.148445308208465576e-01,9.237120353539656215e-01
6.424154490232467651e-01,9.962184685665143036e-01
7.073228508234024048e-01,6.090657423300434026e-01
6.890877634286880493e-01,6.610996552142314187e-01
6.224271133542060852e-01,1.037408155939467669e+00
6.045425683259963989e-01,9.937975615088752157e-01
6.563742458820343018e-01,1.014472877393056027e+00
6.720822006464004517e-01,4.749205549188273423e-01
6.374937742948532104e-01,7.062775615582275179e-01
6.157451495528221130e-01,1.076181149458850239e+00
5.806239470839500427e-01,9.407294474660576888e-01
5.797411426901817322e-01,7.553566139891887410e-01
5.936334431171417236e-01,9.446572771787882239e-01
6.102357804775238037e-01,6.251332173648718182e-01
6.036228612065315247e-01,6.552055231628299836e-01
6.088358014822006226e-01,7.404168732433054068e-01
6.142168939113616943e-01,5.270088181354961598e-01
6.305660754442214966e-01,4.684244964462029870e-01
6.432852894067764282e-01,4.725576496371948210e-01
6.499465107917785645e-01,4.218680297310626326e-01
6.556301116943359375e-01,4.263095894598531999e-01
6.595285683870315552e-01,3.943881083963227674e-01
6.487058997154235840e-01,4.431194310515143009e-01
7.538205981254577637e-01,1.809286147481775409e+00
8.555130660533905029e-01,7.308396050087839768e-01
7.166974842548370361e-01,1.717950624407770022e+00
7.994243651628494263e-01,1.029342304444377021e+00
8.071782290935516357e-01,-1.122527143224090640e+00
7.565948069095611572e-01,-2.417957814791296123e-01
8.772092759609222412e-01,1.124175723162633922e+00
7.925964444875717163e-01,4.823055058231036085e-01
7.677427381277084351e-01,-9.131556184939735310e-01
8.294765949249267578e-01,4.932062818956102213e-01
8.429276943206787109e-01,2.431265922041667693e-01
8.025958538055419922e-01,-5.450616485540598077e-01
8.061903715133666992e-01,1.855674835048239935e-01
8.154104202985763550e-01,7.414302892618662710e-02
8.443896770477294922e-01,-4.206687645997142511e-02
8.350356519222259521e-01,3.796490097908478134e-02
8.150538653135299683e-01,2.358810047277937194e-01
7.719094157218933105e-01,7.136044170597388714e-02
7.949431538581848145e-01,-6.377948318576542874e-02
8.099709451198577881e-01,1.456195678109311054e-01
8.030317574739456177e-01,-1.298722962852925100e-01
8.116722702980041504e-01,2.557620848317254669e-02
8.081987202167510986e-01,-8.501028661966092415e-02
8.068229705095291138e-01,-5.469675148210395577e-03
8.278104960918426514e-01,-3.805422090533250312e-02
8.085047155618667603e-01,-8.077049255236268266e-02
8.147699534893035889e-01,-5.939775095474431055e-02
8.336710333824157715e-01,-1.193273018896636728e-01
8.160467743873596191e-01,2.678324463535863842e-02
8.196886330842971802e-01,-1.780282825182699646e-01
8.367963433265686035e-01,-2.675742237575802207e-01
8.728942275047302246e-01,-3.942435486834039438e-03
8.994821161031723022e-01,4.279139775690579128e-01
8.619976639747619629e-01,5.186510384118525607e-02
8.214086890220642090e-01,-3.615144432133590158e-01
8.464490771293640137e-01,2.417176967637306717e-01
8.412885963916778564e-01,-2.900566296800288768e-01
8.382202386856079102e-01,-4.128346393283788274e-01
8.117085695266723633e-01,1.504544535461871391e-02
7.647019624710083008e-01,-2.522203718651625515e-01
7.355200201272964478e-01,-3.427434019412878285e-01
7.144787162542343140e-01,-1.055287776857447568e-01
7.005855441093444824e-01,2.848043558617421311e-01
7.149060815572738647e-01,3.867043476968476945e-01
7.310292869806289673e-01,3.305005799328952776e-01
7.408941388130187988e-01,2.009585988465567574e-01
7.259581685066223145e-01,4.051791539095397354e-01
7.203647345304489136e-01,4.303995807158345066e-01
7.179799377918243408e-01,-4.442308742847300707e-02
7.247151881456375122e-01,-1.376504327558971674e-01
7.549505233764648438e-01,7.647508419136306301e-02
7.809129655361175537e-01,3.185406979843774522e-02
7.617134004831314087e-01,1.742656104050155363e-02
7.696462571620941162e-01,4.366826851294947076e-02
7.251605242490768433e-01,1.023430430122510781e+00
7.160116881132125854e-01,1.050511782352390178e+00
6.970944255590438843e-01,1.109175312278167347e+00
7.235058248043060303e-01,1.282551749371260374e+00
7.357395589351654053e-01,1.366656852503538744e+00
7.136898338794708252e-01,1.385902768687484521e+00
7.184991240501403809e-01,1.244043906827908774e+00
7.023070305585861206e-01,8.017673038435662036e-01
7.198737114667892456e-01,8.824130855555076813e-01
6.807579398155212402e-01,7.048101025812423259e-01
6.513654887676239014e-01,6.408408847722686374e-01
6.326778680086135864e-01,1.922127362148442487e-01
6.206971108913421631e-01,7.085518491142894781e-02
6.243574768304824829e-01,4.141228966923260479e-01
6.291899234056472778e-01,9.944649330332921977e-01
5.864638090133666992e-01,1.098138683781147318e+00
5.811791643500328064e-01,7.160635706476434770e-01
6.122555732727050781e-01,6.829461013892612620e-01
5.934463813900947571e-01,8.324641469245808167e-01
5.929910987615585327e-01,6.563284824871646883e-01
6.430270820856094360e-01,8.061934151574399188e-01
6.625667959451675415e-01,7.388561620162756860e-01
6.346995383501052856e-01,7.747935287575637986e-01
5.887963250279426575e-01,1.128009177104234428e+00
5.417855381965637207e-01,1.784377497776533872e+00
6.193965300917625427e-01,1.264924827070622371e+00
5.889847278594970703e-01,1.435142765513854446e+00
5.986308008432388306e-01,1.262661212964865776e+00
5.960569530725479126e-01,9.008674811351577993e-01
5.748286321759223938e-01,7.812949239553410585e-01
5.482805743813514709e-01,7.615264300267914344e-01
5.771456137299537659e-01,4.256634243959132036e-01
5.530079901218414307e-01,3.436122582469260944e-01
5.643899664282798767e-01,2.547153376876465369e-01
5.805449783802032471e-01,3.407389935124882641e-01
6.134051457047462463e-01,6.882346555759135676e-01
6.197450608015060425e-01,1.343626355545183504e+00
6.440356373786926270e-01,-1.864331565007219416e+00
6.804391145706176758e-01,-2.128284118547697723e+00
6.075929105281829834e-01,-1.972752005085166793e+00
4.751511737704277039e-01,-2.027997877497504486e+00
5.736327469348907471e-01,-1.902676309739749660e+00
6.021389737725257874e-01,-1.658523193771033410e+00
6.669326722621917725e-01,-1.971129359758332811e+00
6.236628741025924683e-01,-1.626118505014248816e+00
5.304568260908126831e-01,-1.598522111993710304e+00
6.312737315893173218e-01,-1.588107165163655798e+00
6.772432178258895874e-01,-1.383841294750249196e+00
6.844667196273803711e-01,-1.533576320295085393e+00
6.696223020553588867e-01,-1.526167635007891210e+00
6.103271096944808960e-01,-1.484000390664337532e+00
7.020321488380432129e-01,-1.686022683098001407e+00
6.584792435169219971e-01,-1.547387390484452174e+00
6.509060263633728027e-01,2.050655365455678059e-02
6.681345701217651367e-01,1.221516466435308423e-01
6.653782427310943604e-01,2.038816262023785963e-01
6.379780918359756470e-01,1.080663436826967416e-01
6.780153810977935791e-01,4.032779689804135703e-01
7.255939245223999023e-01,9.647292622403904616e-01
7.674058526754379272e-01,1.189945523950258988e+00
6.943248659372329712e-01,1.269370600003481453e+00
6.656813770532608032e-01,9.966591697120574800e-01
6.710828095674514771e-01,8.674269995648735687e-01
6.698757261037826538e-01,8.068804483008422679e-01
6.813170909881591797e-01,6.764879617532515432e-01
6.621785908937454224e-01,5.149804014008010355e-01
6.372218430042266846e-01,4.420346714440652747e-01
6.565027683973312378e-01,8.947836144605481046e-01
6.624425202608108521e-01,1.364253079142443870e+00
6.633410155773162842e-01,1.320630125979917580e+00
6.387711763381958008e-01,9.772284343096488968e-01
6.284210234880447388e-01,6.198301978442515292e-01
6.277931183576583862e-01,7.474968817997948989e-01
6.387258917093276978e-01,6.834064641537898055e-01
6.191221401095390320e-01,1.119826292162803050e+00
6.209613308310508728e-01,9.873760767482595568e-01
6.226991564035415649e-01,9.456476610151076656e-01
6.390221863985061646e-01,8.853614857624965140e-01
6.595467180013656616e-01,6.768171534311204773e-01
6.449297070503234863e-01,4.655134533152862630e-01
6.247771307826042175e-01,3.926663123337486017e-01
6.245439574122428894e-01,4.177990576820442836e-01
6.109697222709655762e-01,4.607216358882850749e-01
5.907227769494056702e-01,5.705654835540148184e-01
5.759746730327606201e-01,6.806173230605820912e-01
5.655390247702598572e-01,8.043682551550568327e-01
5.651566311717033386e-01,8.629022992758019761e-01
5.838919952511787415e-01,8.204899400822309730e-01
7.271990031003952026e-01,2.230254143197093697e+00
7.935809046030044556e-01,6.250810672611821772e-01
7.537184953689575195e-01,1.332179922732454891e+00
7.726371884346008301e-01,-4.330615766729368765e-01
7.891543209552764893e-01,-9.979683526562106444e-01
9.045720994472503662e-01,-2.424657745527447616e-01
8.788114488124847412e-01,-3.273745697677385991e-01
7.586931884288787842e-01,-3.612562206173515200e-01
7.725822925567626953e-01,-6.718131777725933063e-02
7.584396749734878540e-01,5.216545847787568135e-02
7.515782266855239868e-01,-5.462409711861537787e-02
8.123182356357574463e-01,-1.417698228135995109e-01
8.064407110214233398e-01,-1.180830022881620422e-01
7.477958202362060547e-01,1.071884055816223480e-01
7.447870969772338867e-01,4.977685265142679505e-01
8.180181980133056641e-01,5.273152585113964896e-01
8.846586644649505615e-01,6.757039312895214422e-01
8.855580985546112061e-01,1.429852479232195606e+00
8.484734296798706055e-01,-9.570690018569405488e-01
8.763270080089569092e-01,-1.196006920203185331e-02
8.564152717590332031e-01,2.948272874599315863e-01
8.179094791412353516e-01,-6.036293046805938367e-01
7.596613764762878418e-01,-5.957745815227033503e-01
7.813367545604705811e-01,-7.568936844600577807e-01
7.803587764501571655e-01,-7.546307257416007275e-01
7.672442495822906494e-01,-5.514031760641349145e-01
7.748597115278244019e-01,-5.834297063491011848e-01
6.810735017061233521e-01,-1.490337049583044804e+00
6.641777753829956055e-01,-1.722709766096552464e+00
5.882802903652191162e-01,-2.070653385379194411e+00
5.520666241645812988e-01,-1.730396897359282260e+00
5.649860873818397522e-01,-1.679349529614373449e+00
6.302651762962341309e-01,-1.782322577712293743e+00
6.139853969216346741e-01,-1.734861957404098209e+00
6.675337553024291992e-01,-1.873722235114894108e+00
8.100526183843612671e-01,-1.877119294741777411e+00
7.429571151733398438e-01,-1.564672762375287629e+00
6.609843820333480835e-01,-1.748173435217723171e+00
6.495640724897384644e-01,-1.388927287447974113e+00
6.549615263938903809e-01,-1.633738225011885925e+00
6.907538622617721558e-01,-1.635373697204438814e+00
6.967873126268386841e-01,-3.141592653589793116e+00
7.936524301767349243e-01,-3.141592653589793116e+00
9.083640277385711670e-01,-2.864414946105711124e+00
8.822324275970458984e-01,-1.325996998948861805e+00
8.816156089305877686e-01,-2.553593025227955948e-01
8.530414998531341553e-01,-4.706834292141057752e-01
8.984972983598709106e-01,-2.629058063964029301e-02
8.725815713405609131e-01,-3.155420202088405901e-01
8.944729566574096680e-01,-3.422668417477856551e-01
8.598997294902801514e-01,-3.427443382088584123e-01
8.849401175975799561e-01,-9.078063473553594775e-01
9.366136789321899414e-01,-9.949678023455317266e-01
7.909289151430130005e-01,-3.122476691344666655e-01
7.176800668239593506e-01,-2.149028062844813292e-01
6.847224235534667969e-01,5.249577367682967122e-02
7.281520366668701172e-01,2.163886629192313116e-01
7.317097634077072144e-01,2.851069575406026679e-01
7.899841964244842529e-01,-9.506224251254291602e-02
7.812221348285675049e-01,4.510075789616818653e-02
6.219150349497795105e-01,8.680522390486080653e-01
6.700822561979293823e-01,6.089034871600356169e-01
7.680695652961730957e-01,1.764107866630748589e-01
7.180529832839965820e-01,-5.106834013849326226e-02
7.735072970390319824e-01,-3.991140125863434918e-02
6.536496132612228394e-01,4.190022083238131856e-02
7.258049249649047852e-01,-8.497452119845894103e-02
7.596457302570343018e-01,5.217358528038964494e-01
7.628893703222274780e-01,4.173210462738077275e-01
4.227875694632530212e-01,-2.366850338668348375e+00
4.334095418453216553e-01,-3.009394294151776617e+00
2.516775205731391907e-01,-2.245510810515669586e+00
3.962331190705299377e-01,-2.550854629837080001e+00
5.602917075157165527e-01,-2.090209861516351797e+00
5.218221247196197510e-01,-2.018382596799611406e+00
5.282747820019721985e-01,-2.444691062738379550e+00
7.521379590034484863e-01,-2.152341326524116472e+00
7.137973010540008545e-01,-2.478519439963217774e+00
6.131530404090881348e-01,-2.319256300231323564e+00
6.026567295193672180e-01,-2.336908969890156840e+00
6.880808174610137939e-01,-1.889516320019069218e+00
6.088093370199203491e-01,-1.422076215296732782e+00
5.126409232616424561e-01,-1.336191267512494951e+00
5.124747157096862793e-01,-2.706030399862191071e+00
6.111152991652488708e-01,-2.337636637046129007e+00
6.928445100784301758e-01,-2.600816957094268744e+00
6.146403923630714417e-01,-1.705227590762349532e+00
5.018941611051559448e-01,2.233793609121485169e+00
7.079753875732421875e-01,2.424523297504292074e+00
7.500125765800476074e-01,2.462882554384168365e+00
7.248692363500595093e-01,2.024438937207642120e+00
7.307814508676528931e-01,1.577329601903457501e+00
8.643500506877899170e-01,-2.147354952695917252e+00
8.457181751728057861e-01,-2.564298870392234253e+00
8.425462841987609863e-01,-1.615022423526487616e+00
8.116859495639801025e-01,-7.592489591609883348e-01
8.178118020296096802e-01,-1.422795268791055001e-01
8.435553312301635742e-01,3.033473223535834151e-01
7.936362028121948242e-01,-2.826655462231646432e-01
8.481155335903167725e-01,-3.209045863469590643e-01
8.172096014022827148e-01,5.676852436261770052e-02
8.138921558856964111e-01,-2.023512032312617670e-01
8.344617486000061035e-01,-4.328932357637191863e-01
7.719221115112304688e-01,-1.607893494989429684e-01
7.394189238548278809e-01,1.668129205419965899e-02
7.152802497148513794e-01,-1.082276625851337215e-01
7.454295754432678223e-01,-2.339088507168063380e-01
7.501053810119628906e-01,-2.792590302938169344e-01
7.445535212755203247e-01,-2.246778142299410419e-01
7.317265719175338745e-01,9.402560705822970988e-02
7.610174119472503662e-01,3.328202764661383206e-01
7.665315419435501099e-01,3.861792888431820892e-01
7.635043561458587646e-01,5.035363092569991039e-01
7.653376460075378418e-01,5.364228949324392204e-01
7.693496048450469971e-01,5.598445644818452749e-01
7.748339623212814331e-01,7.763487628193050938e-01
7.703013420104980469e-01,9.461116752231619742e-01
7.636266648769378662e-01,8.818746380755801972e-01
7.405111193656921387e-01,1.012608955913245179e+00
6.832961589097976685e-01,8.656119512522546522e-01
6.674276292324066162e-01,8.113630165492309310e-01
6.058161258697509766e-01,9.622667849026109721e-01
6.370375305414199829e-01,4.565456484559322625e-01
6.162552833557128906e-01,4.888029218837051104e-01
6.145447716116905212e-01,8.958116362532106969e-01
6.359156072139739990e-01,1.123160340982175764e+00
6.286503523588180542e-01,1.157494302695208699e+00
6.239001378417015076e-01,1.116517522567839649e+00
6.788627356290817261e-01,7.406959277927618324e-01
6.149180904030799866e-01,6.495648855562041746e-01
5.794458091259002686e-01,8.612495997599474151e-01
5.946587622165679932e-01,9.762942265275738052e-01
6.224477887153625488e-01,8.704967400490293272e-01
6.607110202312469482e-01,7.481069537488829191e-01
6.614450514316558838e-01,5.054407243092446933e-01
6.362626403570175171e-01,4.908898622988648874e-01
6.204010620713233948e-01,6.032030688690186437e-01
5.334321781992912292e-01,1.202828940230545651e+00
5.350805073976516724e-01,1.663090026100788155e+00
5.848542824387550354e-01,1.626302013458112317e+00
6.394227743148803711e-01,1.475955792443102599e+00
6.337691694498062134e-01,6.947578189947107852e-01
5.748580470681190491e-01,7.395763390316818509e-01
5.516261830925941467e-01,1.254848247340630163e+00
5.965142250061035156e-01,5.647608118689966261e-01
6.283798962831497192e-01,2.484944014406815782e-01
6.402010172605514526e-01,1.629988005257323458e-01
5.948124974966049194e-01,2.131040490275930566e-01
5.784346163272857666e-01,3.097163293168596621e-01
5.850268602371215820e-01,5.806200141827160266e-01
6.056600660085678101e-01,8.589868282950048339e-01
6.213008761405944824e-01,1.106341511221835994e+00
6.944790929555892944e-01,-2.231144908163887663e+00
6.718644052743911743e-01,-2.361857317340397167e+00
6.240431219339370728e-01,-2.194692079311533206e+00
5.928798317909240723e-01,-1.901598384885567095e+00
6.585561335086822510e-01,-1.983464872256227585e+00
6.917674690485000610e-01,-2.191115630818098126e+00
5.312445014715194702e-01,-1.603375910333893817e+00
3.747439309954643250e-01,-1.904942919901732479e+00
5.876738876104354858e-01,-1.634136513236474908e+00
5.403169393539428711e-01,-1.971519408828299458e+00
5.631696730852127075e-01,-1.927649468280614231e+00
5.921887829899787903e-01,-1.932262084094577670e+00
5.503315702080726624e-01,-1.644073869978699420e+00
5.320673808455467224e-01,-1.745201253814437470e+00
6.955049037933349609e-01,-2.099789376793042894e+00
6.097628399729728699e-01,-2.466121572045112398e+00
5.774415954947471619e-01,-2.138317068208894334e+00
7.304956614971160889e-01,8.787432911852910422e-03
7.282757312059402466e-01,-1.139555603293516128e-01
7.290237993001937866e-01,-7.102525791565117430e-03
7.712941169738769531e-01,9.788602550586755768e-02
8.947687149047851562e-01,-1.104847040925434953e+00
8.883896172046661377e-01,-3.666893813303033767e-01
8.659024238586425781e-01,1.335319789657658518e-01
8.430558145046234131e-01,7.642314006653907477e-01
9.570080786943435669e-01,-7.701748272043906773e-01
9.429932236671447754e-01,5.795481282543648582e-01
9.199336022138595581e-01,2.529072177550508727e-01
8.426338136196136475e-01,2.859203868060538056e-01
7.869877219200134277e-01,5.148235765827058330e-02
7.245998084545135498e-01,1.029838151749835617e-01
6.718554645776748657e-01,2.232309063261332938e-01
7.075403779745101929e-01,1.796746154146431351e-01
7.087888121604919434e-01,3.712888893982762006e-01
7.571230679750442505e-01,-2.031475924269265931e-02
8.176724165678024292e-01,-6.646432407159341693e-02
6.888922303915023804e-01,6.129002261659719508e-01
5.518621951341629028e-01,9.746215845124623911e-01
7.539799213409423828e-01,2.290788335729190273e-01
6.777813583612442017e-01,-1.900274877047580802e-01
7.229820787906646729e-01,-7.645980430460888044e-01
6.859298646450042725e-01,-4.534512373212877812e-01
6.628694832324981689e-01,-4.973709873037357454e-01
7.502166479825973511e-01,-6.764196142205891604e-02
7.785152047872543335e-01,3.465871548261665325e-01
8.051370680332183838e-01,3.501996496210750820e-01
9.277338683605194092e-01,2.297953591447995603e+00
8.907387852668762207e-01,2.869878910021740559e+00
8.747723996639251709e-01,2.647311349269469538e+00
7.389449775218963623e-01,3.141592653589793116e+00
6.686880439519882202e-01,2.019614724922693227e+00
7.685444951057434082e-01,1.315424291033139070e+00
7.954816520214080811e-01,7.710503778231596606e-01
7.171559184789657593e-01,8.974401800657401118e-01
6.397247463464736938e-01,1.103144531974817877e+00
7.251067906618118286e-01,1.101128935148548038e+00
7.161323875188827515e-01,4.115244733032763502e-01
6.923938095569610596e-01,2.704779171880666855e-01
6.586347222328186035e-01,3.098524158082653912e-01
6.260061860084533691e-01,8.191726116102122646e-01
6.430271267890930176e-01,1.164164647376124684e+00
6.330990195274353027e-01,1.066948614943872276e+00
6.221698001027107239e-01,9.717675600766035870e-01
6.551680117845535278e-01,5.788132518380981750e-01
6.418033242225646973e-01,6.473523916598096228e-01
6.390379667282104492e-01,5.204414160739823103e-01
6.075847074389457703e-01,5.692063039215846665e-01
6.234961301088333130e-01,9.637481474530211756e-01
6.009605899453163147e-01,1.110565388740431647e+00
6.237236708402633667e-01,1.148488719439376027e+00
6.829688400030136108e-01,1.000789233220065633e+00
7.032673507928848267e-01,6.186968459498816131e-01
6.578430235385894775e-01,5.670745631031657297e-01
6.081971451640129089e-01,4.224311946748571245e-01
5.989208370447158813e-01,5.022791359764000596e-01
6.048769056797027588e-01,5.707181419814224554e-01
6.022328287363052368e-01,6.227565489499498064e-01
5.947237834334373474e-01,6.966408403329649168e-01
6.011792346835136414e-01,5.646851146359033180e-01
6.154363825917243958e-01,4.638189026390202585e-01
6.402593553066253662e-01,3.363635810875698073e-01
6.843600124120712280e-01,2.225875032515270746e+00
8.092722296714782715e-01,1.004059334964358285e+00
7.628123015165328979e-01,1.923310804357846848e+00
7.858297228813171387e-01,1.050059284235455692e+00
8.773175477981567383e-01,-1.388907813082502773e+00
7.824878245592117310e-01,-1.053095412713822565e+00
7.912552058696746826e-01,-1.047026151813317263e-01
8.069978505373001099e-01,-2.655928943243992535e-01
7.857509553432464600e-01,-6.028065127394377498e-02
7.949360907077789307e-01,-1.924711460643662164e-01
7.755366563796997070e-01,-2.407078385619403349e-01
8.059622943401336670e-01,-2.161420500411010970e-01
7.830874323844909668e-01,-5.926742250889827091e-02
7.630171328783035278e-01,-1.381590133003185450e-01
7.821040451526641846e-01,-1.191960371762470494e-01
7.855067849159240723e-01,2.068462238383412810e-01
7.853031158447265625e-01,2.189001070509601909e-01
7.564267218112945557e-01,-3.278715405942822514e-02
7.425250113010406494e-01,-2.194657999171960583e-01
7.417819499969482422e-01,-3.162535835625961411e-01
7.257219552993774414e-01,-3.801721961093718072e-01
7.148398756980895996e-01,-5.269062968365010313e-01
6.989189982414245605e-01,-7.325803136762871759e-01
7.060247063636779785e-01,-8.071203200524634802e-01
7.497772574424743652e-01,-6.399958096629267956e-01
7.904230952262878418e-01,-6.889805799495150040e-01
7.701170742511749268e-01,-5.488694487642225006e-01
7.420403361320495605e-01,-2.583474941015402315e-01
6.212297528982162476e-01,-1.747218723175848698e+00
6.198187768459320068e-01,-1.959037089575313972e+00
5.638905391097068787e-01,-2.132375233324764086e+00
4.924541264772415161e-01,-1.685784964761792848e+00
5.799432247877120972e-01,-1.411612301672729108e+00
7.298194319009780884e-01,-1.394741134555185003e+00
7.554711401462554932e-01,-1.298403133850764224e+00
7.232654988765716553e-01,-1.685065630387200253e+00
5.388909429311752319e-01,-1.553499906946726572e+00
6.133020594716072083e-01,-1.315556304760612250e+00
6.908850222826004028e-01,-1.576862778892690775e+00
5.714527368545532227e-01,-1.643697115908237194e+00
6.379285603761672974e-01,-1.705798245846710026e+00
5.851645246148109436e-01,-1.735931643103658439e+00
6.942110955715179443e-01,-3.141592653589793116e+00
8.311107754707336426e-01,-3.141592653589793116e+00
8.259569108486175537e-01,-7.104696059794184393e-01
8.368155658245086670e-01,-4.620761341828614199e-01
8.468394279479980469e-01,3.718087051535463594e-01
8.071285635232925415e-01,-1.413181673374790392e-01
8.134059607982635498e-01,-1.276582107340296091e-02
8.125550746917724609e-01,1.048507327110215215e-02
7.999866455793380737e-01,-1.722428979452090836e-01
8.290335834026336670e-01,5.730706546930086631e-03
8.246551454067230225e-01,-1.386915622945501525e-01
8.510207682847976685e-01,-6.082486616210664998e-01
8.607827574014663696e-01,-5.745246782303645716e-01
8.388564586639404297e-01,-6.117180947311671169e-01
8.124695569276809692e-01,-1.669280814531974855e-01
7.838157415390014648e-01,3.394351941068669554e-01
8.493542671203613281e-01,-2.923252060039116529e-02
8.531219661235809326e-01,4.673113679313609659e-01
8.253447860479354858e-01,3.392782756620125184e-01
7.959116101264953613e-01,2.307270390044338093e-01
7.348728477954864502e-01,-2.953111505404852899e-01
7.153821736574172974e-01,-5.590742035246480945e-01
6.988717466592788696e-01,-8.133380729896879657e-01
7.060665041208267212e-01,-8.140730430327121070e-01
7.295374423265457153e-01,-6.563198220121355675e-01
7.606879919767379761e-01,-5.863231476496881811e-01
7.592932432889938354e-01,-3.964308569821435313e-01
7.353282868862152100e-01,-2.530746223966975350e-01
6.225755959749221802e-01,-1.896630549155268630e+00
6.519964784383773804e-01,-2.122703963826141127e+00
6.459780931472778320e-01,-1.959989180067990278e+00
6.041978597640991211e-01,-1.797942704101826994e+00
5.773926898837089539e-01,-2.245848054094647051e+00
5.999210104346275330e-01,-1.652090661053083442e+00
6.434094309806823730e-01,-1.679187555324636927e+00
7.556091845035552979e-01,-1.058695229054364528e+00
7.097977250814437866e-01,-1.356917048218738264e+00
7.543338835239410400e-01,-1.598158091162209971e+00
5.708898529410362244e-01,-1.596855462091052003e+00
6.301101446151733398e-01,-1.389495601863407703e+00
5.361087769269943237e-01,-1.496203140420702571e+00
5.584871843457221985e-01,-1.757984208584384644e+00
