0.000000000000000000e+00,-3.141592653589793116e+00
0.000000000000000000e+00,-3.141592653589793116e+00
0.000000000000000000e+00,-3.141592653589793116e+00
0.000000000000000000e+00,-3.141592653589793116e+00
6.507920324802398682e-01,-3.141592653589793116e+00
6.778927594423294067e-01,-3.141592653589793116e+00
7.346724867820739746e-01,-3.141592653589793116e+00
8.110022544860839844e-01,-5.419466863462378825e-01
9.226125478744506836e-01,-1.979793954364916786e-02
8.173258304595947266e-01,-3.752464924197562723e-01
7.511268109083175659e-01,-2.012396663712898714e-01
7.577060908079147339e-01,4.690026416711301493e-02
7.455387413501739502e-01,3.164172431339595803e-02
7.561911344528198242e-01,1.214848368796559441e-01
8.037199676036834717e-01,1.499915628592165540e-01
8.013787120580673218e-01,-3.142359269476706629e-01
7.544868588447570801e-01,-3.292104032204301589e-02
7.356950342655181885e-01,6.863549111741571451e-01
7.847197800874710083e-01,5.104616932241823335e-01
8.233381360769271851e-01,3.772491687535497462e-01
8.262301385402679443e-01,8.877752771865985437e-01
8.219412416219711304e-01,-7.194869862066428645e-01
8.208899497985839844e-01,-1.787812288986518894e-01
7.873944789171218872e-01,-4.073775101656140762e-02
7.763742208480834961e-01,-6.465406944893645758e-01
7.577975988388061523e-01,-5.761678278169974909e-01
7.759347856044769287e-01,-6.124695430834359300e-01
7.719630151987075806e-01,-5.469907342567941200e-01
7.617053538560867310e-01,-4.822212417417377495e-01
7.412367016077041626e-01,-2.108118787609294387e-01
6.405899375677108765e-01,-2.014134376324176579e+00
6.081127673387527466e-01,-1.998406391910495072e+00
5.814216136932373047e-01,-2.205189979448354265e+00
5.717592015862464905e-01,-1.903050442261013941e+00
5.422092825174331665e-01,-1.812277522370260741e+00
5.774360746145248413e-01,-1.653245078967794601e+00
6.505436599254608154e-01,-1.322024041139221895e+00
7.268225103616714478e-01,-1.700296175840552371e+00
7.933400422334671021e-01,-1.659090759172410667e+00
7.332679927349090576e-01,-1.874528080613022230e+00
7.881152331829071045e-01,-1.754285483546212054e+00
5.834452062845230103e-01,-1.754373024564075401e+00
6.233489438891410828e-01,-1.489637844961222868e+00
5.184986665844917297e-01,-1.577281384123564667e+00
6.178644299507141113e-01,-1.704517712690221343e+00
7.805033475160598755e-01,-2.428468354540323837e+00
8.398203551769256592e-01,-1.385022302663969196e+00
8.971868157386779785e-01,-1.362023264295990854e+00
8.437826931476593018e-01,-7.915801509134707814e-01
8.127439916133880615e-01,-2.529383018383990489e-02
8.000610768795013428e-01,1.331765717959165762e-01
7.985928356647491455e-01,-2.249088850663976125e-01
7.744779437780380249e-01,-5.365738212648412109e-01
8.141817450523376465e-01,1.991939217292428843e-01
8.198201954364776611e-01,-2.237108370828901904e-01
7.897804379463195801e-01,-2.924824989557928134e-01
8.049436360597610474e-01,-9.368218411328532724e-02
7.754059433937072754e-01,-2.292486725102498291e-01
7.178153395652770996e-01,-1.082482604716896724e-01
7.075178921222686768e-01,4.497941761900126068e-02
6.849296241998672485e-01,2.803698181397322742e-01
6.820409297943115234e-01,3.807669132703002113e-01
7.181848585605621338e-01,1.460438842739861798e-01
7.662502676248550415e-01,1.723365247022821123e-01
7.558579593896865845e-01,2.212220506263729014e-01
6.860063076019287109e-01,2.719587647913130901e-01
7.107763290405273438e-01,3.003920873933196845e-03
7.052406966686248779e-01,6.116898194505315800e-02
7.426575124263763428e-01,-9.165310503399748399e-03
7.847446799278259277e-01,1.172993463314604412e-01
7.951893359422683716e-01,1.201396076340297547e-01
7.813005000352859497e-01,1.390080207334571938e-01
7.911619544029235840e-01,2.945670050752684510e-01
8.214229047298431396e-01,4.087108956264726700e-01
8.193752616643905640e-01,6.292783079673904822e-01
8.209714889526367188e-01,1.252531546863613343e+00
8.592237234115600586e-01,1.461389341577670198e+00
7.689182162284851074e-01,1.782699238155998955e+00
5.981600061058998108e-01,1.798097937265054291e+00
5.946095883846282959e-01,7.672882674704486483e-01
6.278000473976135254e-01,6.927422221684409465e-01
6.849426776170730591e-01,8.112141500054850241e-01
6.374593973159790039e-01,1.134667443933488062e+00
6.542965173721313477e-01,7.302379126544540355e-01
6.273450106382369995e-01,5.263997292673572304e-01
6.455608755350112915e-01,6.377512017888564699e-01
6.426277458667755127e-01,8.926503288006375492e-01
6.218866705894470215e-01,1.049709588297787821e+00
5.877655521035194397e-01,9.008405166291209021e-01
6.099040806293487549e-01,8.082955231072452840e-01
6.084576994180679321e-01,8.559606242528881026e-01
6.347635090351104736e-01,7.893616649046237832e-01
6.656582653522491455e-01,5.808725255465421178e-01
6.579280942678451538e-01,7.091273727900184731e-01
6.052886471152305603e-01,9.676394627304936158e-01
5.441360920667648315e-01,1.587144494847430032e+00
5.464596450328826904e-01,1.928226115477427616e+00
6.127659082412719727e-01,1.550375020302654949e+00
5.528517514467239380e-01,1.765752607872253854e+00
5.778092145919799805e-01,1.397449756637309637e+00
6.122602224349975586e-01,1.116777898579259798e+00
5.905181467533111572e-01,8.063622242004426788e-01
5.903842151165008545e-01,4.927766755207803051e-01
5.962901711463928223e-01,3.544519896738211884e-01
5.796756967902183533e-01,2.767377553525953715e-01
5.594569593667984009e-01,5.779463148809798057e-01
5.821086391806602478e-01,1.022644808003910555e+00
5.947154015302658081e-01,1.774254011041248358e+00
6.477483510971069336e-01,3.141592653589793116e+00
2.961382195353507996e-01,-3.141592653589793116e+00
3.912483677268028259e-01,-3.141592653589793116e+00
4.761608690023422241e-01,-2.977731035684253680e+00
5.001067370176315308e-01,-2.637266321756611021e+00
5.885114297270774841e-01,-2.042550939736675453e+00
5.965557992458343506e-01,-1.835965560043540057e+00
7.069274932146072388e-01,-1.854798863109064833e+00
6.450352966785430908e-01,-1.827281865578524345e+00
6.503340005874633789e-01,-1.654778872502166154e+00
6.367125362157821655e-01,-1.911236323258671987e+00
5.906046256422996521e-01,-2.124065390500740946e+00
6.644739359617233276e-01,-1.827020459672776154e+00
8.084960877895355225e-01,-2.265517350474077318e+00
7.210220992565155029e-01,-2.316134222389964137e+00
4.600522369146347046e-01,-1.901031662125003630e+00
4.917242527008056641e-01,-1.779579875490594265e+00
3.432176485657691956e-01,-2.451383035200179528e+00
6.173127219080924988e-01,-2.839603293720797783e+00
5.692492574453353882e-01,-1.682223871056517606e+00
7.154431492090225220e-01,1.723102343088959820e+00
7.183197289705276489e-01,8.416614777788993251e-01
7.111947089433670044e-01,1.311056977322707873e+00
7.676762640476226807e-01,-3.624962133880273996e-01
7.960132658481597900e-01,-4.664076824720915226e-01
8.005834817886352539e-01,2.409274869340340963e-01
8.234931230545043945e-01,4.724855570342487709e-01
8.195697665214538574e-01,-3.319926159336121785e-01
7.979921996593475342e-01,6.134649827646354581e-02
8.393246829509735107e-01,1.434185900056568208e-01
8.243567943572998047e-01,-1.747590234147913257e-01
8.310669660568237305e-01,4.694745205267780719e-02
8.645556867122650146e-01,1.356539357880706120e-01
8.488492518663406372e-01,-3.671835433541348337e-02
8.157116770744323730e-01,1.660923690195632574e-01
8.445628583431243896e-01,1.163218829876173643e-01
8.055430650711059570e-01,-1.317869634674373458e-01
7.856488525867462158e-01,-1.989403804710887513e-01
8.737076520919799805e-01,4.838990332284875961e-01
8.715125322341918945e-01,3.164831563709391560e-01
7.763440907001495361e-01,2.402039393553727642e-01
7.804438471794128418e-01,-5.833609843094098579e-01
7.958853691816329956e-01,5.166399356699225009e-02
8.088293075561523438e-01,2.586345537387266802e-01
8.299432098865509033e-01,-1.923889417716559969e-01
8.030641674995422363e-01,-1.984033373925173649e-01
8.116676658391952515e-01,2.527795108584034445e-01
8.226204663515090942e-01,4.647819474622760794e-02
8.066703081130981445e-01,-7.825886116711977536e-03
8.055764138698577881e-01,5.394174531306639153e-02
8.272420018911361694e-01,-3.276777332071412197e-01
8.169505000114440918e-01,5.718722322023417348e-04
8.249641358852386475e-01,3.361148147940267172e-01
8.249209523200988770e-01,-2.001039738079932739e-01
8.082740902900695801e-01,-2.252172916041961237e-01
8.336135447025299072e-01,2.992543350413758851e-01
8.314978629350662231e-01,-2.040346123234360043e-01
8.414841294288635254e-01,-2.723248454114690631e-01
8.609822690486907959e-01,2.451099814260033760e-01
8.475068509578704834e-01,4.144706732814729122e-02
8.004497736692428589e-01,-3.640114688244988628e-02
8.273156732320785522e-01,1.459659868121017112e-01
8.053535223007202148e-01,8.971615468366911372e-02
7.639902830123901367e-01,-1.386479322257541114e-01
8.385244905948638916e-01,3.462358672336285359e-01
8.660129308700561523e-01,-2.451491174104600823e-01
7.738784253597259521e-01,5.682020633252182762e-03
7.612027525901794434e-01,-2.630102938572949078e-01
7.972698360681533813e-01,-1.883047553746131086e-01
7.842575907707214355e-01,-1.366632322293170887e-02
8.184527605772018433e-01,3.022833478862052559e-02
8.086106181144714355e-01,-3.280250884758824093e-01
7.897371649742126465e-01,3.332738044773986275e-02
8.073771148920059204e-01,-4.551870773974231454e-02
7.559662759304046631e-01,-1.694792233299251549e-01
7.606880813837051392e-01,-9.061871662185350118e-02
7.733465433120727539e-01,-6.117871912778882759e-02
7.433663308620452881e-01,-1.052023948105875739e-01
7.372428476810455322e-01,-2.312170814509544314e-01
7.634267508983612061e-01,4.654298446212212781e-02
7.351450026035308838e-01,9.305750639009513492e-03
7.293054759502410889e-01,6.003460015635564417e-02
7.523005902767181396e-01,2.409885315796453931e-01
7.669832259416580200e-01,1.898357401062726879e-01
7.417687624692916870e-01,-1.313590891876135203e-01
7.615427672863006592e-01,-1.173036531622857481e-01
7.663669437170028687e-01,-6.761649494413513040e-02
7.275086641311645508e-01,-1.266022881677577594e-01
7.257216870784759521e-01,3.104663264543936485e-01
7.776675373315811157e-01,2.329029248388128082e-01
8.684864640235900879e-01,-8.305255112926257510e-02
9.191150367259979248e-01,1.040774131483003018e+00
8.968911916017532349e-01,-7.561532840651237208e-01
9.066516607999801636e-01,-1.025440690223627271e+00
9.007281363010406494e-01,1.971876875786806593e-01
9.043985605239868164e-01,-1.113295170469654760e+00
7.848363667726516724e-01,-5.139157715461228904e-01
7.949301004409790039e-01,-3.809494854465929059e-01
7.682033181190490723e-01,-5.694671480667903296e-01
7.464599013328552246e-01,-4.944580716376774099e-01
7.336981296539306641e-01,-3.074030462164758504e-01
5.634320825338363647e-01,-1.772040580877283222e+00
4.794972687959671021e-01,-1.622197790935055783e+00
3.911316022276878357e-01,-2.164037368271201967e+00
4.935349002480506897e-01,-1.671040342177650073e+00
4.446922093629837036e-01,-1.078139446709791116e+00
6.360490918159484863e-01,-1.508974017338987395e+00
5.429407432675361633e-01,-1.550282891573694810e+00
5.607799142599105835e-01,-1.577947444873382787e+00
6.868436038494110107e-01,-1.125602033179885275e+00
7.144159078598022461e-01,-1.549450549703315083e+00
6.576022058725357056e-01,-1.703441192237394874e+00
6.589218527078628540e-01,-1.036924199232156951e+00
6.876421421766281128e-01,-1.180549142610402669e+00
6.384504735469818115e-01,-1.271767070477524353e+00
6.389476656913757324e-01,-1.389035332725636396e+00
6.514950394630432129e-01,-1.537578676906446118e+00
7.221070528030395508e-01,-1.347426010227481319e+00
7.078009098768234253e-01,-6.510125892874469855e-01
6.282866001129150391e-01,-3.022799305095718037e-01
6.645025461912155151e-01,8.779057998432526766e-02
7.336536943912506104e-01,8.030733971047361308e-01
7.534963190555572510e-01,1.687310612768298856e+00
7.446401566267013550e-01,1.764371238698397182e+00
7.259914278984069824e-01,1.091048142214487537e+00
6.899581849575042725e-01,9.211714733007871914e-01
6.277429610490798950e-01,8.668101864892761022e-01
6.669818460941314697e-01,6.014047329325369340e-01
6.667320877313613892e-01,4.773591574335531718e-01
6.452927887439727783e-01,3.472960030039671242e-01
6.399514824151992798e-01,5.320896613615819781e-01
6.251009851694107056e-01,1.024439913817273062e+00
6.132474541664123535e-01,1.135678893790148525e+00
5.667544677853584290e-01,9.757389262313731493e-01
5.809753388166427612e-01,6.564092355651403032e-01
6.386666148900985718e-01,6.539293436505451140e-01
6.620489060878753662e-01,6.216123831651381160e-01
6.857368797063827515e-01,5.904328473380333620e-01
6.480377167463302612e-01,7.937245781574731041e-01
5.990174189209938049e-01,1.419262637619929102e+00
6.288601458072662354e-01,1.291787092688950533e+00
5.623635128140449524e-01,1.566445865900738088e+00
5.346842557191848755e-01,1.373390957006021207e+00
5.913679599761962891e-01,9.687896674411367037e-01
5.994755402207374573e-01,5.580010068216973984e-01
5.717796310782432556e-01,4.301837710407809823e-01
5.949196740984916687e-01,4.854141014114445873e-01
5.726350992918014526e-01,2.620235614645014532e-01
5.670192018151283264e-01,2.037805093047397875e-01
5.731470435857772827e-01,3.476735060884859063e-01
5.938308089971542358e-01,5.831677386828109100e-01
6.361489593982696533e-01,1.117839345124197692e+00
6.071733012795448303e-01,1.887383034359158884e+00
6.102307736873626709e-01,-2.209323413519617585e+00
5.476428121328353882e-01,-2.749703724220022405e+00
4.889457747340202332e-01,-2.205607742038414365e+00
5.433227121829986572e-01,-1.884399992252052680e+00
6.210748553276062012e-01,-2.108491702982716376e+00
6.058412939310073853e-01,-1.505220146140898496e+00
6.365271955728530884e-01,-1.825688431799897149e+00
6.700153350830078125e-01,-1.572700601407006404e+00
7.528901398181915283e-01,-1.501666823456460298e+00
7.539326250553131104e-01,-1.539683031898421151e+00
7.079986333847045898e-01,-1.255598104038028406e+00
6.940132379531860352e-01,-1.835148947468348446e+00
6.340195536613464355e-01,-1.454158547128914680e+00
6.442982703447341919e-01,-1.514982233593882288e+00
6.398608237504959106e-01,-1.843831424785522088e+00
5.057254284620285034e-01,-1.923285993267222604e+00
7.822941690683364868e-01,-3.141592653589793116e+00
8.211964368820190430e-01,-1.323395485876828648e+00
8.682468533515930176e-01,-1.341961484550909800e+00
7.997075617313385010e-01,-9.776693227087061011e-01
8.297693133354187012e-01,1.406625927844529222e-01
8.182469904422760010e-01,2.607093226754653159e-02
8.015208244323730469e-01,6.098584800821793550e-02
7.833752334117889404e-01,-1.876664081448886634e-01
7.984225153923034668e-01,1.774264497238053906e-02
8.157187402248382568e-01,-8.121203633871942884e-02
7.914587855339050293e-01,-1.432011886757331709e-01
8.200574815273284912e-01,-4.441561601325849651e-01
8.335089385509490967e-01,-5.971787956252856411e-01
8.327302932739257812e-01,-6.013749596237878414e-01
7.756935656070709229e-01,-1.330715225744802943e-01
7.355954796075820923e-01,7.671012480231951258e-01
7.855114340782165527e-01,6.179429633019291046e-01
8.056092709302902222e-01,5.493733479707900713e-01
8.257619142532348633e-01,1.038648055083386978e+00
8.329185843467712402e-01,-8.624260199625721768e-02
7.399769127368927002e-01,-3.008982336420653603e-01
7.279470711946487427e-01,-6.574573871105737766e-01
7.198320925235748291e-01,-8.521222080931623033e-01
7.086512148380279541e-01,-9.665715559393177614e-01
7.345727533102035522e-01,-7.133304651685441478e-01
7.651915103197097778e-01,-8.015545838514963606e-01
7.583289444446563721e-01,-6.388134909746074896e-01
7.611479014158248901e-01,-6.287561047298155792e-01
6.305897235870361328e-01,-1.835511657525249474e+00
6.408494412899017334e-01,-2.116897794113010267e+00
6.230136007070541382e-01,-2.002751890586528916e+00
6.157829910516738892e-01,-1.885164829230582928e+00
6.781231164932250977e-01,-1.530795980117042765e+00
5.767724737524986267e-01,-1.306108241450851803e+00
5.123653262853622437e-01,-1.274598343611414775e+00
5.577318072319030762e-01,-1.390359964084706634e+00
6.703632175922393799e-01,-1.285877184528982697e+00
6.653810590505599976e-01,-1.485802705737994556e+00
6.426012814044952393e-01,-1.639572670005652988e+00
5.029500797390937805e-01,-1.394250904855150353e+00
6.053764224052429199e-01,-1.525266196590791434e+00
7.888307571411132812e-01,-2.146148103797245188e+00
6.312716305255889893e-01,8.424207907787639726e-03
6.432104110717773438e-01,1.217483025740597746e-01
6.371469199657440186e-01,3.048134237425912385e-01
6.904843896627426147e-01,7.170731947825412789e-01
7.761166840791702271e-01,1.002886285324989135e+00
7.981436997652053833e-01,7.290079379467844234e-01
8.212180733680725098e-01,9.335153185800613151e-01
7.631904482841491699e-01,9.125770987620192010e-01
7.217193394899368286e-01,7.401514413870033948e-01
6.935902088880538940e-01,5.401205900762842127e-01
6.775586009025573730e-01,7.185704270682755634e-01
6.875894814729690552e-01,8.951077502935351760e-01
6.790363192558288574e-01,1.046695462107333885e+00
6.801811307668685913e-01,1.175756014408802397e+00
6.935179680585861206e-01,1.085027473600902237e+00
6.903967261314392090e-01,9.289605641019691440e-01
6.616186350584030151e-01,8.641232858147920304e-01
6.435644179582595825e-01,7.343268272027287935e-01
6.543235182762145996e-01,5.441700409464527155e-01
6.586888581514358521e-01,5.895730728278310018e-01
6.699859648942947388e-01,7.909517281199960337e-01
6.405945867300033569e-01,8.440116966349484606e-01
6.226329952478408813e-01,1.080344356838862652e+00
6.102036386728286743e-01,9.750558254117676071e-01
6.307990252971649170e-01,9.226463756049594345e-01
6.400109380483627319e-01,8.334323412194732938e-01
6.358823925256729126e-01,6.098752392716972892e-01
6.451948881149291992e-01,3.714837266797454962e-01
6.407305747270584106e-01,2.540479661632295549e-01
6.298325806856155396e-01,3.350586113474849359e-01
6.299506872892379761e-01,4.196816576998916304e-01
6.131965816020965576e-01,5.471602923138534358e-01
5.975481495261192322e-01,6.413140275891375808e-01
5.983222573995590210e-01,5.965089898051849637e-01
6.088394224643707275e-01,5.558431441380551341e-01
7.030925601720809937e-01,2.823810706844735563e+00
8.110094070434570312e-01,1.205911133073391817e+00
7.045802474021911621e-01,1.611203762612504420e+00
7.303170263767242432e-01,6.413665053864767707e-01
7.526096701622009277e-01,-1.508384917783483381e+00
7.776353955268859863e-01,-3.638672836186040982e-02
8.999654501676559448e-01,8.536056304322285904e-01
7.798731625080108643e-01,3.957078711640251711e-01
7.794499993324279785e-01,-5.381991817676299306e-01
8.205667436122894287e-01,3.112516676927228332e-01
8.225523829460144043e-01,-7.278207038537187756e-02
8.035382032394409180e-01,-2.790500553720298704e-01
8.126806914806365967e-01,2.866177188927343522e-02
8.312269151210784912e-01,9.620973204723082262e-02
8.465766608715057373e-01,-8.741836681158110522e-02
8.454629182815551758e-01,7.022493639619131756e-02
8.132723867893218994e-01,1.518884409575176342e-01
7.834748327732086182e-01,1.030104051739924031e-01
8.083932697772979736e-01,-9.554947615635134284e-02
8.089590370655059814e-01,1.810741481793698426e-02
8.167952895164489746e-01,-2.590689818915459242e-02
8.175751864910125732e-01,-6.985061662141323069e-02
7.957434356212615967e-01,-1.924348188826208172e-02
8.129649609327316284e-01,2.209067157085486954e-02
8.132642954587936401e-01,-1.911556901274891196e-01
8.038516193628311157e-01,-4.906997063552509530e-02
8.230215013027191162e-01,7.799932779651319592e-02
8.243692666292190552e-01,-1.896129084244386753e-01
8.120313286781311035e-01,-7.433927060901179829e-02
8.157697916030883789e-01,2.382501361887712221e-02
8.341439962387084961e-01,-4.468071081323525817e-01
8.425186574459075928e-01,2.545973679737345563e-02
8.941512256860733032e-01,4.626955688076570539e-01
8.391742557287216187e-01,1.105657099627630480e-01
8.067376315593719482e-01,-4.763272501304718354e-01
8.193616271018981934e-01,1.457997056915396605e-01
8.324076682329177856e-01,-2.658426905122701633e-01
8.273915350437164307e-01,-2.663402230993567876e-01
7.852415144443511963e-01,-7.927265169270736322e-02
7.503403425216674805e-01,-2.964537714838053617e-01
7.288565188646316528e-01,-3.749455760225233192e-01
7.133655995130538940e-01,-6.289845540170757587e-02
7.034992277622222900e-01,3.905123351605248594e-01
7.105002850294113159e-01,3.995229742612398383e-01
7.155420333147048950e-01,3.205173460797050566e-01
7.335307598114013672e-01,2.408117642622915611e-01
7.180161476135253906e-01,3.658012379127080216e-01
7.041399180889129639e-01,4.297449424303794174e-01
7.079333215951919556e-01,1.127097626997373148e-01
7.112756222486495972e-01,-9.837325914967598450e-02
7.369094938039779663e-01,3.091630419959345843e-02
7.637011408805847168e-01,1.713332203734863057e-02
7.538699507713317871e-01,2.112444343786057388e-02
7.589515745639801025e-01,1.102091792718287167e-01
8.236505687236785889e-01,1.209474192940565018e-01
7.839796245098114014e-01,1.415829157184544496e+00
7.845230847597122192e-01,1.536103774602273653e+00
7.654675990343093872e-01,1.625268374060024890e+00
7.815113663673400879e-01,1.535119570131921130e+00
8.010803610086441040e-01,1.468055753934788932e+00
7.835118025541305542e-01,1.646078231594120034e+00
7.687772214412689209e-01,1.101361504013117720e+00
6.848949790000915527e-01,9.167346885366072229e-01
6.654768139123916626e-01,7.271336238969383636e-01
6.676008999347686768e-01,5.798103768009266190e-01
6.777872592210769653e-01,3.444342543606493390e-01
6.373520642518997192e-01,2.461334623209479044e-01
6.251448839902877808e-01,5.603351218755299179e-01
6.139318868517875671e-01,1.051293472147193597e+00
6.114431992173194885e-01,1.222028230289469164e+00
5.787873715162277222e-01,1.238116771344639044e+00
6.104295253753662109e-01,9.363982736838560861e-01
6.652682274580001831e-01,5.499408665587885991e-01
6.418766379356384277e-01,5.951231265469889564e-01
6.346248835325241089e-01,6.091383498801534735e-01
6.167797222733497620e-01,8.991645040507552089e-01
6.090023219585418701e-01,1.329791316906006049e+00
6.307460963726043701e-01,1.168999439484622371e+00
5.786900520324707031e-01,1.452277304699045146e+00
5.701839402318000793e-01,1.324262469647325524e+00
5.823558270931243896e-01,1.037011833876777089e+00
5.787800401449203491e-01,6.205713004398636379e-01
5.327688008546829224e-01,4.749472385445931977e-01
5.506019145250320435e-01,3.355085815419782680e-01
5.625888854265213013e-01,2.777430258432893595e-01
5.532624199986457825e-01,2.929840106800549737e-01
5.554190501570701599e-01,3.518471060385333082e-01
5.736364796757698059e-01,6.085489226309999111e-01
5.705028772354125977e-01,1.146041409636242125e+00
5.586960613727569580e-01,1.646588871927197051e+00
3.967035785317420959e-01,-3.141592653589793116e+00
3.925954625010490417e-01,-2.634150142400947026e+00
5.011059269309043884e-01,-1.714317438099548285e+00
5.300805121660232544e-01,-1.519662447926452220e+00
4.102934151887893677e-01,-2.096497085507324609e+00
5.070449411869049072e-01,-1.680070174763565127e+00
7.919661700725555420e-01,-1.246628847963939801e+00
7.532637268304824829e-01,-1.021974627676780933e+00
7.140535861253738403e-01,-1.568882595880322528e+00
7.366449385881423950e-01,-1.661038289346288055e+00
8.064356148242950439e-01,-1.567830980144877318e+00
7.772224247455596924e-01,-1.004955530283061726e+00
6.715359240770339966e-01,-1.760754437072663547e+00
6.307024210691452026e-01,-1.500897586020347729e+00
7.050563395023345947e-01,-1.669971124611875357e+00
6.567687988281250000e-01,-1.943878262217879849e+00
4.214077070355415344e-01,-1.930445163246816920e+00
8.062803596258163452e-01,-3.138700523063805203e+00
9.041747748851776123e-01,-1.911683671903967152e+00
9.209709018468856812e-01,-1.986431904187874187e+00
8.309968262910842896e-01,-3.049930747640630990e+00
8.782695531845092773e-01,-8.994520318217267274e-01
8.989925682544708252e-01,-9.197098659961189249e-01
8.631960749626159668e-01,-4.894814349922138597e-01
8.744814246892929077e-01,-4.995017450412051474e-01
8.916476517915725708e-01,-1.481343825059147079e-01
8.279104530811309814e-01,-2.778731670356209271e-01
8.913106322288513184e-01,-9.716978081425837743e-01
8.922287523746490479e-01,-1.049615493406929279e+00
7.958215326070785522e-01,-7.022813843128337119e-01
7.181081026792526245e-01,4.540261056097172343e-02
6.874071359634399414e-01,5.186169582722772731e-01
7.225849330425262451e-01,3.930919395714029818e-01
7.377095073461532593e-01,2.524836503060523540e-01
7.993901669979095459e-01,-1.353196882653193711e-01
7.569135427474975586e-01,5.156624723260794241e-02
6.009942516684532166e-01,8.288866685368176945e-01
7.053229510784149170e-01,2.879884146162843273e-01
7.085966318845748901e-01,1.100002043500403204e-02
7.077594250440597534e-01,-3.232493748510978371e-01
7.194072753190994263e-01,-2.548366779648132407e-01
6.192460805177688599e-01,-1.408629540445893724e-01
6.800712496042251587e-01,-3.118581818250425464e-01
7.089467048645019531e-01,1.684772297757288761e-01
7.119218111038208008e-01,1.126644473493136900e-01
4.660596475005149841e-01,-2.704674778046529671e+00
4.575331956148147583e-01,-2.302026355380675682e+00
5.736266896128654480e-01,-1.608183269802569093e+00
5.034774690866470337e-01,-2.376114331773703015e+00
5.257313996553421021e-01,-2.487282998052017025e+00
6.451499611139297485e-01,-2.162781178071552013e+00
6.162438169121742249e-01,-2.085367672894045121e+00
6.736051589250564575e-01,-1.873484516778685549e+00
5.826463997364044189e-01,-2.008990054156795324e+00
5.521140322089195251e-01,-2.161480796042563934e+00
6.419419944286346436e-01,-1.901312823276494202e+00
6.745362430810928345e-01,-1.817893629766533570e+00
6.070227175951004028e-01,-1.411173192182056280e+00
6.545853018760681152e-01,-1.487974097488033776e+00
6.533237248659133911e-01,-2.006287517813880150e+00
7.110627442598342896e-01,-2.347414641047814943e+00
