6.183310225605964661e-01,1.919148907752433963e+00
5.908033549785614014e-01,2.656579836459163957e+00
5.533439368009567261e-01,1.175647220117083336e+00
5.727404654026031494e-01,3.141592653589793116e+00
6.948887109756469727e-01,3.141592653589793116e+00
7.207604050636291504e-01,1.370961623540245533e+00
7.248610109090805054e-01,5.173372677566021594e-01
7.541252970695495605e-01,7.524142058946523548e-01
7.368552684783935547e-01,9.560939728087802791e-02
7.684354186058044434e-01,-5.891201533904899534e-01
7.885409444570541382e-01,2.898534596171802313e-01
8.122366070747375488e-01,6.702604716332913881e-01
7.632671594619750977e-01,-3.904228279807631097e-01
7.486763000488281250e-01,-1.816684908332719672e-01
7.978405654430389404e-01,3.332940278569282988e-01
7.842012643814086914e-01,7.627022884688727800e-02
7.755975425243377686e-01,-3.228149466982785931e-01
7.778877913951873779e-01,-3.584050986109632575e-02
7.646569907665252686e-01,-1.341727604911735483e-02
7.806870788335800171e-01,-2.077285623969982176e-01
7.822579592466354370e-01,-3.536717042803738664e-01
7.430938184261322021e-01,-1.010727058096074771e-01
6.996798962354660034e-01,9.574309628997834665e-02
7.045004963874816895e-01,-2.476877133017385546e-02
7.260584831237792969e-01,4.261290770722148125e-02
7.206512838602066040e-01,3.102528574482654733e-02
7.232256680727005005e-01,-1.177223520199164319e-01
7.218740582466125488e-01,5.896538259058070608e-02
7.457478642463684082e-01,2.598546976369031647e-01
7.529554069042205811e-01,3.406530909628737724e-01
7.473493218421936035e-01,4.040556328246625029e-01
7.534829527139663696e-01,5.070577988440327921e-01
7.614129036664962769e-01,5.589258987414442714e-01
7.505665868520736694e-01,1.113294983216140732e+00
7.171346843242645264e-01,1.118028096666456861e+00
7.364692538976669312e-01,1.335148827199243105e+00
7.672248482704162598e-01,1.096233192021195624e+00
8.657060414552688599e-01,7.935088621091765937e-01
7.691648453474044800e-01,5.183914114144880791e-01
6.971380561590194702e-01,5.932219884312410763e-01
6.223175004124641418e-01,6.475372108782719849e-01
6.185647323727607727e-01,9.346739496988409890e-01
6.052556559443473816e-01,1.394845153882293243e+00
6.358873099088668823e-01,1.105011824017883448e+00
6.654441803693771362e-01,5.918361251730450689e-01
7.028202265501022339e-01,5.432497367378026354e-01
6.146120503544807434e-01,8.630573451855148015e-01
5.690468400716781616e-01,1.065827621781435752e+00
5.276961177587509155e-01,1.228802219790464889e+00
5.414544641971588135e-01,1.115439784967171111e+00
6.102212294936180115e-01,7.999480423268789941e-01
6.683982312679290771e-01,6.268454634982245643e-01
6.748851984739303589e-01,3.625074954122549098e-01
6.271903365850448608e-01,4.777147518569169193e-01
5.803653597831726074e-01,7.172490258323245271e-01
5.231594517827033997e-01,1.377191547955889384e+00
5.093448683619499207e-01,1.747326019439454647e+00
6.052031740546226501e-01,1.212561441628293935e+00
6.397672146558761597e-01,1.306392585912082627e+00
6.226497367024421692e-01,7.049303193373241960e-01
5.445378199219703674e-01,1.013072408360756960e+00
5.537197589874267578e-01,9.900275865085697014e-01
6.256047487258911133e-01,1.985204644656159978e-01
6.333865076303482056e-01,6.187726836231099981e-02
6.395052075386047363e-01,4.101235829505700536e-02
5.913906916975975037e-01,2.761490303041198580e-01
5.909371301531791687e-01,2.843864060181680031e-01
5.922329947352409363e-01,4.548127576226446145e-01
5.966573879122734070e-01,8.243784465569907738e-01
6.261676549911499023e-01,1.057357396322546883e+00
7.164140641689300537e-01,-2.209382117496302200e+00
6.410881578922271729e-01,-2.243712989526351897e+00
5.395986884832382202e-01,-2.080825370774643801e+00
5.415112599730491638e-01,-2.070456956442854768e+00
6.613838523626327515e-01,-1.868375679152234792e+00
5.957568809390068054e-01,-2.190562577564067137e+00
5.195420905947685242e-01,-1.863343802720098363e+00
4.573843553662300110e-01,-1.892973300770479206e+00
5.472450628876686096e-01,-1.967102004802833592e+00
5.281653702259063721e-01,-1.968793559422873152e+00
2.500000000000000000e-01,-2.348599862165603458e+00
6.047025620937347412e-01,-1.976417960758363845e+00
6.688847839832305908e-01,-2.373026146818403959e+00
5.076506063342094421e-01,-2.079355056181568351e+00
2.500000000000000000e-01,-2.483071479265354764e+00
5.503405332565307617e-01,-1.474697823335068492e+00
5.546822473406791687e-01,-2.860784006839659277e+00
7.381540387868881226e-01,-2.138561902178640395e+00
5.505001470446586609e-01,3.141592653589793116e+00
7.600795328617095947e-01,3.134022368519890911e+00
8.599107265472412109e-01,2.540368807551921293e+00
8.192412853240966797e-01,2.781272700543172327e+00
8.499228954315185547e-01,1.132295035536012406e+00
9.424557536840438843e-01,-1.932216581490640017e+00
8.675944507122039795e-01,-2.040525886607941430e+00
8.293895125389099121e-01,5.000342940354363108e-02
8.487104028463363647e-01,-9.705383343829905307e-01
8.493224382400512695e-01,1.890245578829912176e-01
8.703560531139373779e-01,-3.675202251725697700e-01
8.408100008964538574e-01,-7.012981161100517724e-01
8.618716895580291748e-01,-1.448581950224125947e-01
8.364084064960479736e-01,-9.250417225579177227e-02
8.340015709400177002e-01,-4.443716889273670034e-01
8.316159248352050781e-01,-3.882023758100174859e-01
7.800099998712539673e-01,-1.773125995872031346e-01
7.299183607101440430e-01,-1.360063469016936644e-01
7.501778006553649902e-01,-2.134186349313584863e-01
7.509184479713439941e-01,2.555542334310216823e-01
7.472625076770782471e-01,1.861539615111298396e-01
7.705119848251342773e-01,1.932553637816103453e-01
7.723155915737152100e-01,1.261167398055764721e-01
7.871506661176681519e-01,2.195536218153302244e-01
7.900277376174926758e-01,3.784191287099352152e-01
7.867007702589035034e-01,4.449106045410800014e-01
7.976786941289901733e-01,5.252356209832886869e-01
7.031560391187667847e-01,8.316934114603546924e-01
7.413234710693359375e-01,7.168069202854252531e-01
7.138421833515167236e-01,7.045943865329458156e-01
6.912494897842407227e-01,9.367030287781292763e-01
7.132444530725479126e-01,9.443940923646558794e-01
7.134830802679061890e-01,9.461830188120514684e-01
7.166508585214614868e-01,8.309653697973544695e-01
7.412266433238983154e-01,9.048495207402336149e-01
7.018478363752365112e-01,1.229850184082383890e+00
6.550711840391159058e-01,1.006875908697387967e+00
6.374017298221588135e-01,1.071488482767589456e+00
5.796631798148155212e-01,1.104472814777413880e+00
5.944425538182258606e-01,9.619505137172179587e-01
6.129038631916046143e-01,1.142486308043419552e+00
6.670886874198913574e-01,7.983296102041133047e-01
7.147868126630783081e-01,6.226566960135313522e-01
6.668653041124343872e-01,6.862023463735065221e-01
6.006131768226623535e-01,1.201131580751567451e+00
6.240006536245346069e-01,8.906858521837297538e-01
6.652720719575881958e-01,9.303896829219331366e-01
6.817379295825958252e-01,5.910096349749820455e-01
6.188354119658470154e-01,7.602262352513173838e-01
6.054039597511291504e-01,1.087215811793971643e+00
5.896709263324737549e-01,7.071401448711420734e-01
5.898964777588844299e-01,9.113429108502812959e-01
6.070257350802421570e-01,8.705430852937805497e-01
6.077454611659049988e-01,6.144423524817232973e-01
6.020131334662437439e-01,7.118675002758982906e-01
6.144865453243255615e-01,6.673321075523164225e-01
6.188016384840011597e-01,4.725473975072955746e-01
6.346630156040191650e-01,4.766768992547616435e-01
6.469909846782684326e-01,4.260360120756856439e-01
6.529744118452072144e-01,4.150684801253858858e-01
6.609751731157302856e-01,4.062176618989945531e-01
6.565101444721221924e-01,3.834893921124717941e-01
6.439164131879806519e-01,4.538954026568426947e-01
7.563771456480026245e-01,1.871467796431330655e+00
8.365395665168762207e-01,8.839358311325442585e-01
7.266637682914733887e-01,1.619844388769266175e+00
7.736978232860565186e-01,6.556281075308794115e-01
7.758105546236038208e-01,-1.247118890410460423e+00
7.775504589080810547e-01,1.467914003024581859e-01
8.703590035438537598e-01,9.775517275018223984e-01
7.706091701984405518e-01,1.504941512911850410e-01
7.661682367324829102e-01,-6.144323344187161418e-01
8.309715688228607178e-01,6.857347275353049554e-01
8.160435557365417480e-01,-1.503641973523675013e-01
8.209844976663589478e-01,-2.745550347649503564e-01
8.090515732765197754e-01,2.277437160170565633e-01
8.317312598228454590e-01,1.259766741769929865e-02
8.480657339096069336e-01,-2.099677399191581806e-01
8.417605757713317871e-01,2.183585698880494697e-01
8.107811063528060913e-01,1.547964880322076908e-01
7.809051871299743652e-01,4.720623640922783082e-02
8.057822287082672119e-01,-7.513491079061873634e-02
8.070276230573654175e-01,6.653716568859646685e-02
8.194844275712966919e-01,-3.792464147354346338e-02
8.113673031330108643e-01,-4.582917406619690937e-02
8.081017136573791504e-01,-5.300472872827910464e-02
8.205382227897644043e-01,1.004394144247653387e-01
8.175840377807617188e-01,-2.708901089860811240e-01
8.085040003061294556e-01,-3.341033375450663812e-02
8.360113501548767090e-01,1.500953013060533081e-01
8.296664059162139893e-01,-3.055733921297534295e-01
8.146612346172332764e-01,-1.864951374139023343e-02
8.304059803485870361e-01,4.722009316927477940e-02
8.441024124622344971e-01,-4.962165693890243645e-01
8.706691563129425049e-01,-2.994932705254083061e-03
9.007936716079711914e-01,3.419170521833603260e-01
8.443740755319595337e-01,-8.116129063638677366e-03
8.175935149192810059e-01,-2.152222607796145937e-01
8.319635391235351562e-01,-2.524879571368776610e-01
8.309292793273925781e-01,-2.237617700387377617e-01
8.667047619819641113e-01,-1.050288108029744372e-01
7.873448133468627930e-01,-1.557541025035513726e-01
7.469071149826049805e-01,-3.411420098883093388e-01
7.248564064502716064e-01,-2.830966038127291640e-01
7.107070386409759521e-01,4.151148253701375523e-02
7.009248435497283936e-01,3.821353619516805189e-01
7.397525012493133545e-01,3.761702140050395826e-01
7.279423773288726807e-01,2.206786409283205685e-01
7.299113869667053223e-01,2.170874930340249698e-01
7.196034342050552368e-01,5.613650630167126288e-01
7.279319614171981812e-01,2.468739095292606933e-01
7.192033827304840088e-01,-1.392982636803838936e-01
7.314085513353347778e-01,-1.019580404244906369e-01
7.667243480682373047e-01,1.232581276586204311e-01
7.776582837104797363e-01,1.691985303122223172e-02
7.585216164588928223e-01,3.579238570796050567e-02
7.742040902376174927e-01,1.714343372711235602e-02
7.479972541332244873e-01,1.118035118673237349e+00
7.328290045261383057e-01,1.155008231414647035e+00
7.161391377449035645e-01,1.250909463297321889e+00
7.195041030645370483e-01,1.565446774776011019e+00
7.098916023969650269e-01,1.327923463102397950e+00
7.271703481674194336e-01,1.450880487110271400e+00
7.017050981521606445e-01,1.039844230531752789e+00
7.279662489891052246e-01,7.559405640730534337e-01
6.941178888082504272e-01,8.420407597718022608e-01
6.743226051330566406e-01,6.403080548977655440e-01
6.452340483665466309e-01,5.720570982343247124e-01
6.282912045717239380e-01,-4.787627629622148717e-02
6.227842941880226135e-01,1.945600526414239528e-01
6.324421018362045288e-01,7.781030005532052485e-01
6.151127070188522339e-01,1.066091649236382111e+00
5.733576864004135132e-01,9.525896169182925810e-01
6.017640903592109680e-01,5.876740413141177122e-01
6.081456020474433899e-01,8.243826597610590667e-01
5.850194841623306274e-01,7.738931670481705716e-01
6.182367652654647827e-01,6.889497767464383138e-01
6.545340716838836670e-01,8.531206438305898310e-01
6.501932293176651001e-01,7.190925834924724036e-01
6.095197424292564392e-01,8.916501141548254239e-01
5.504989624023437500e-01,1.402428078564400771e+00
5.591706782579421997e-01,1.764031092689950952e+00
6.226387172937393188e-01,1.266430064444086234e+00
5.794995203614234924e-01,1.512543818332670487e+00
5.985103473067283630e-01,1.080737027458027466e+00
5.857127681374549866e-01,9.643849030278754952e-01
5.582214891910552979e-01,6.738278851446692919e-01
5.696875751018524170e-01,6.094491439002576172e-01
5.674228295683860779e-01,3.491259379709608091e-01
5.624410957098007202e-01,2.302043208196948854e-01
5.774969607591629028e-01,2.778932967883915861e-01
5.956883728504180908e-01,4.049963944797332349e-01
6.220378130674362183e-01,9.824733116141266542e-01
5.692814663052558899e-01,1.703106476580858342e+00
6.508359313011169434e-01,-1.896386370572821889e+00
6.769485771656036377e-01,-1.735698886985574729e+00
5.731696635484695435e-01,-1.764066858111152714e+00
5.548126921057701111e-01,-1.735568371286214884e+00
6.021199747920036316e-01,-2.141711599913336261e+00
5.914796069264411926e-01,-2.265656198954816958e+00
6.159815192222595215e-01,-2.254678368061239002e+00
5.590083599090576172e-01,-1.582101664084716086e+00
4.648105204105377197e-01,-1.543753361535417090e+00
3.472388163208961487e-01,-1.858705907681725167e+00
4.854647368192672729e-01,-1.918033532195421831e+00
6.329784095287322998e-01,-2.123965958884729499e+00
7.133825421333312988e-01,-1.614994429126122899e+00
6.885764896869659424e-01,-1.487610263910047914e+00
6.164636909961700439e-01,-1.570021284499845349e+00
6.258640289306640625e-01,-1.661974837797290272e+00
7.414379119873046875e-01,-2.009374953755122650e+00
6.095521748065948486e-01,-2.496242329689855932e+00
7.415613830089569092e-01,1.077291188290709023e+00
7.188756614923477173e-01,1.100122260256498397e+00
6.679925471544265747e-01,1.549715794306103067e+00
6.450112909078598022e-01,1.690772462111076901e+00
6.675639301538467407e-01,1.502452351948303733e+00
6.783971041440963745e-01,1.433986662317515481e+00
6.807977259159088135e-01,1.086497320060192617e+00
6.894111484289169312e-01,9.394323423735668754e-01
6.696317344903945923e-01,8.615389064393035312e-01
6.681442707777023315e-01,7.638203792018396499e-01
6.864062696695327759e-01,7.292402259310830637e-01
6.641134023666381836e-01,5.585749856559343307e-01
6.462793052196502686e-01,3.648538287578853012e-01
6.463431417942047119e-01,8.531535068223226048e-01
6.611579656600952148e-01,1.332063638300170272e+00
6.666343212127685547e-01,1.341302352181115154e+00
6.416756957769393921e-01,9.957729924563603063e-01
6.285586655139923096e-01,6.627996830557862928e-01
6.193081960082054138e-01,6.871305152297506602e-01
6.384133249521255493e-01,7.599631908773205602e-01
6.260655522346496582e-01,1.017927423848782542e+00
6.179842352867126465e-01,1.009522081732544763e+00
6.176358833909034729e-01,9.998322741360214927e-01
6.301037967205047607e-01,8.529779566528103985e-01
6.571079641580581665e-01,7.365976037554013978e-01
6.552773118019104004e-01,4.459272506827578475e-01
6.384233832359313965e-01,3.620548568551849034e-01
6.213720887899398804e-01,3.986525731141097317e-01
6.149412244558334351e-01,4.833393792880831263e-01
5.934687554836273193e-01,5.600386527492577926e-01
5.727517753839492798e-01,6.597901913898072124e-01
5.668778270483016968e-01,7.506156358912781101e-01
5.615114644169807434e-01,8.360361013336765623e-01
5.830493122339248657e-01,8.354819245585605181e-01
5.976120308041572571e-01,8.094190441921225165e-01
7.425103485584259033e-01,2.285079350589902525e+00
7.876574695110321045e-01,2.875674687164835319e-01
7.593234181404113770e-01,6.015931099677680471e-01
7.668960988521575928e-01,-2.570769790080582595e-01
8.048062622547149658e-01,-9.348792731771022879e-01
9.075499773025512695e-01,-1.659268369130577625e-01
8.227256983518600464e-01,-2.493274923251180830e-01
7.306933403015136719e-01,-6.711334475162411550e-02
7.538048624992370605e-01,1.265163388047643167e-01
7.639141976833343506e-01,2.464035287017254383e-01
7.548132836818695068e-01,-1.603732721905082315e-02
8.057405650615692139e-01,-2.114341221884372679e-01
8.053914308547973633e-01,-1.889872944336761229e-01
7.462149262428283691e-01,2.546198383954312305e-02
7.425119578838348389e-01,5.166017359530359343e-01
8.132174015045166016e-01,5.075124503763794870e-01
8.813958466053009033e-01,7.628577088856141053e-01
8.902076631784439087e-01,1.520818363869277157e+00
8.412067890167236328e-01,-1.024805151796615021e+00
8.762719333171844482e-01,-3.000246959985735096e-01
8.476601839065551758e-01,2.147722905851212616e-01
8.192373514175415039e-01,-5.455129295231522235e-01
7.575215995311737061e-01,-6.815599104374157058e-01
7.790329158306121826e-01,-8.225986955317883265e-01
7.808915972709655762e-01,-7.447688321655774324e-01
7.711993902921676636e-01,-5.700214184686629437e-01
7.694094181060791016e-01,-4.842666118767566807e-01
6.738391816616058350e-01,-1.478912899938499503e+00
6.667890846729278564e-01,-1.716885526419306363e+00
5.885892808437347412e-01,-2.078721390289697268e+00
5.664889514446258545e-01,-1.795077818962147242e+00
5.543000772595405579e-01,-1.662761302556704290e+00
6.246503964066505432e-01,-1.784250071760157486e+00
6.064859405159950256e-01,-1.661533387637690762e+00
6.658609956502914429e-01,-1.893123103581796141e+00
7.990967780351638794e-01,-1.914594808661641112e+00
7.435805499553680420e-01,-1.580018843246868032e+00
6.538918167352676392e-01,-1.663637649002908558e+00
6.693763434886932373e-01,-1.384831116826025887e+00
6.629851311445236206e-01,-1.617964550740752738e+00
6.963158249855041504e-01,-1.639522860570890250e+00
6.906441152095794678e-01,-3.141592653589793116e+00
7.835103720426559448e-01,-3.141592653589793116e+00
9.007389545440673828e-01,-2.631343118597138542e+00
8.819738626480102539e-01,-1.225898573173356931e+00
8.900456130504608154e-01,-3.123362400466573874e-01
8.473064899444580078e-01,-4.783147589296197211e-01
9.007883071899414062e-01,5.319048421431205043e-02
8.773140162229537964e-01,-2.698235129695043533e-01
8.894618749618530273e-01,-3.093362514965214416e-01
8.635666668415069580e-01,-3.331730620867898729e-01
8.831008374691009521e-01,-8.869794497514771336e-01
9.343520402908325195e-01,-1.013278948986859884e+00
7.925428450107574463e-01,-2.710779242607697093e-01
7.202285677194595337e-01,-2.445416670105697854e-01
6.850252896547317505e-01,3.316222284826331190e-02
7.304904758930206299e-01,2.020147086663413027e-01
7.322652488946914673e-01,3.035686560073043161e-01
7.891847640275955200e-01,-8.433523770116391205e-02
7.855037450790405273e-01,3.605079555748247344e-02
6.265475451946258545e-01,8.613931295785404174e-01
6.657391339540481567e-01,6.467792554663867044e-01
7.728586047887802124e-01,1.861251244699513308e-01
7.175987958908081055e-01,-5.424865382275223524e-02
7.782710790634155273e-01,-3.588413992989236689e-02
6.573224961757659912e-01,3.652941553963984234e-02
7.308563292026519775e-01,-7.608091554408558110e-02
7.628481984138488770e-01,4.976647880674311963e-01
7.616789340972900391e-01,3.678123406546380814e-01
7.748989164829254150e-01,-1.516380830091041965e-01
7.926540672779083252e-01,-1.886221500810911778e-01
8.124647289514541626e-01,-1.823491573571933699e-01
8.313101530075073242e-01,-1.571390294941767962e-01
8.361600339412689209e-01,3.845438166506287558e-03
8.256892263889312744e-01,7.067359581608556596e-02
8.004791438579559326e-01,-3.863631717940734234e-01
7.938767522573471069e-01,-3.813193111370316579e-01
8.383416533470153809e-01,-3.447861505271099247e-02
8.140889853239059448e-01,1.655781708697174892e-01
8.021035790443420410e-01,4.315051254633535116e-01
7.905360162258148193e-01,2.162703186982910530e-01
7.788345217704772949e-01,4.818632130226907506e-02
7.958155423402786255e-01,2.046703380039622822e-01
7.758101969957351685e-01,-1.442376368765341255e-02
7.424366772174835205e-01,-3.570138050008551112e-01
7.671036124229431152e-01,-5.089990560251864693e-01
7.862823903560638428e-01,-2.208984765539283579e-01
8.451614379882812500e-01,3.878020277967575424e-03
8.220790624618530273e-01,1.957548236884321113e-03
7.920875847339630127e-01,-5.345320089465888103e-02
8.202883303165435791e-01,-7.428009849854166902e-02
8.130586594343185425e-01,-2.400397180234667971e-01
8.138226419687271118e-01,1.625109583080028841e-01
8.365214169025421143e-01,-3.950112880914069535e-03
8.133743107318878174e-01,-7.905712289792532488e-02
8.121804594993591309e-01,1.120128051200848240e-01
8.039326667785644531e-01,-1.270537563903642031e-01
7.966573536396026611e-01,-4.800824321031615938e-02
8.000790029764175415e-01,-3.746942818065424063e-03
8.069504201412200928e-01,-1.777097642907072839e-01
7.936372309923171997e-01,-4.468973643261708872e-02
7.950921058654785156e-01,1.893185459002006965e-01
7.999550402164459229e-01,-1.472404342293804902e-01
7.747475504875183105e-01,8.357124336344945448e-03
7.805447876453399658e-01,1.767040256662282260e-01
7.938961088657379150e-01,-2.993241806021527118e-01
7.668656110763549805e-01,-1.074340821921819789e-01
7.875969409942626953e-01,2.224687845235582273e-01
8.001903593540191650e-01,7.202144661090992273e-02
7.839850783348083496e-01,6.591323697946105398e-02
8.208375573158264160e-01,1.195269141357435672e-01
8.342539668083190918e-01,1.676364614972127853e-01
7.859410345554351807e-01,-2.652408577178055893e-02
7.752926200628280640e-01,7.261166968749899198e-02
8.150018751621246338e-01,2.206820114915775122e-02
8.068021386861801147e-01,-4.045724525237082148e-02
8.034901022911071777e-01,3.430746534078110699e-02
8.266772627830505371e-01,-1.140692232124385086e-01
8.040754497051239014e-01,-6.844677702586121626e-03
8.243380635976791382e-01,6.128095954651247013e-02
8.314069807529449463e-01,-2.245795061350142063e-01
8.124200701713562012e-01,-2.897130194815700222e-02
8.415667414665222168e-01,1.666511335057752063e-01
8.144319057464599609e-01,-7.109266918074474972e-02
8.000617027282714844e-01,-1.157193011790949022e-01
8.007028400897979736e-01,5.616669156815179420e-02
8.087165653705596924e-01,-4.169497225552554198e-01
8.201346397399902344e-01,-2.788659851676240642e-01
9.388705790042877197e-01,-9.588690698884239083e-03
8.906576037406921387e-01,-2.295042735570591574e-01
8.866284787654876709e-01,-5.137412512709387258e-01
8.824872821569442749e-01,-3.760174151374959806e-01
8.898720294237136841e-01,-9.454257656008442368e-01
8.866353631019592285e-01,-1.685454836816353108e+00
8.295539319515228271e-01,-5.588015624080511223e-01
7.713746279478073120e-01,-1.444115953911739858e-01
6.897092312574386597e-01,4.726773046327346073e-01
7.112949788570404053e-01,2.816345283742753836e-01
7.175165414810180664e-01,2.751390784755720631e-01
7.706043422222137451e-01,-6.295687849812114933e-02
7.813539206981658936e-01,-1.025272911074952553e-01
6.494593322277069092e-01,5.312539489279477500e-01
6.189389228820800781e-01,9.152809458795330144e-01
7.746190726757049561e-01,2.070930239699859676e-01
6.866949647665023804e-01,-6.243069612337004415e-02
7.514126896858215332e-01,-2.631758259637999586e-01
6.746373623609542847e-01,7.409996061793489019e-03
6.950944811105728149e-01,-9.151004334918955152e-02
7.226158678531646729e-01,1.746427389825067067e-01
7.378536313772201538e-01,4.958016156016764597e-01
7.600739896297454834e-01,5.946396379734633086e-01
8.367796242237091064e-01,3.326839559078398345e-01
8.448173105716705322e-01,-5.632361001300623116e-02
8.678337931632995605e-01,-2.066327548322144381e-01
8.655705899000167847e-01,-2.340785024006226678e-01
8.502410948276519775e-01,-6.111548361606153890e-01
8.069757223129272461e-01,-1.740523286524036095e-01
8.055104315280914307e-01,4.877205029451836538e-02
8.308256119489669800e-01,-1.045322519341613798e+00
8.354247510433197021e-01,1.715833910683861596e-01
8.326842486858367920e-01,6.966804444512066929e-01
7.887509167194366455e-01,1.479976874405863896e-02
7.689942121505737305e-01,1.359842509870246019e-01
7.840156555175781250e-01,3.944469059997648408e-01
7.845908999443054199e-01,2.171309358493069830e-01
7.484552413225173950e-01,-2.700616994394979820e-01
7.571816742420196533e-01,-5.168148304521342773e-01
7.817641645669937134e-01,-2.225060479728733220e-01
8.330630660057067871e-01,2.031887882000393830e-02
8.211697041988372803e-01,-4.738000767035543959e-02
7.818564772605895996e-01,-5.628597205666263648e-02
7.987163513898849487e-01,-5.033430636304014882e-02
8.045862764120101929e-01,-2.675320917168972912e-01
8.211241960525512695e-01,2.034172374872955658e-02
8.490864932537078857e-01,1.162994125659198019e-01
8.260923624038696289e-01,-2.311356261723007677e-01
8.233647346496582031e-01,-8.674275613254156525e-02
8.174705803394317627e-01,6.366993987998892379e-03
8.022006303071975708e-01,-1.366557420887515306e-02
8.064193427562713623e-01,-1.299758474786152362e-01
8.292274624109268188e-01,-2.023772314697280805e-01
8.997677266597747803e-01,-5.388189908994540644e-01
1.000000000000000000e+00,-1.615274279503014387e+00
9.836320877075195312e-01,-1.143409842375188612e+00
9.728677570819854736e-01,-1.257915553529101782e+00
9.874158799648284912e-01,-1.371073601141704845e+00
9.641128480434417725e-01,-9.180403136639911921e-01
9.455813765525817871e-01,-2.426884377064161491e+00
9.127111285924911499e-01,-1.067918026386606822e+00
7.825871109962463379e-01,-6.195344309186578968e-01
7.031537145376205444e-01,-1.922295890311174205e-01
7.077951431274414062e-01,1.000345723271811593e-01
7.232015728950500488e-01,2.989210237861956720e-01
7.452110648155212402e-01,7.014778794836340481e-02
8.034060597419738770e-01,-1.217986737693652621e-01
7.293871939182281494e-01,2.488404459348236841e-01
5.553050562739372253e-01,9.868192784239457893e-01
7.406792044639587402e-01,2.975409653869385274e-01
6.823948919773101807e-01,-1.323281261233200112e-01
7.300546169281005859e-01,-6.450655113049208467e-01
7.039557844400405884e-01,-3.992782339182507911e-01
6.333628594875335693e-01,-3.955642477186751549e-01
7.062609195709228516e-01,-2.950888806191938052e-01
7.360870391130447388e-01,7.665672010008517390e-02
7.672599852085113525e-01,1.799356468133650466e-02
8.047354519367218018e-01,2.474450046593792862e+00
8.617922067642211914e-01,2.581174157087089860e+00
8.498129695653915405e-01,3.141592653589793116e+00
6.864022910594940186e-01,3.141592653589793116e+00
7.003872394561767578e-01,2.987281526666252240e+00
7.716137021780014038e-01,8.041269790020795227e-01
8.299632370471954346e-01,6.172139385579793469e-01
8.591076731681823730e-01,9.923383884998910887e-01
7.456984221935272217e-01,1.521644339120175715e+00
7.795271128416061401e-01,1.229211462345631389e+00
8.054474890232086182e-01,4.477550790477176079e-01
7.044738531112670898e-01,3.629239004143374192e-01
6.466737687587738037e-01,3.552926643255804873e-01
6.397607773542404175e-01,7.014540046605786117e-01
6.336533874273300171e-01,1.035265320350335916e+00
6.433022767305374146e-01,1.101892648605993230e+00
6.358681321144104004e-01,7.440368581787799585e-01
6.450739204883575439e-01,7.816823982894880452e-01
6.703483313322067261e-01,3.743145784932291331e-01
6.774751394987106323e-01,5.201490197116429570e-01
6.687760651111602783e-01,7.335753320370814734e-01
6.611787527799606323e-01,7.235137794015997770e-01
6.106621846556663513e-01,9.724481329737679758e-01
6.221596524119377136e-01,1.177521066033144770e+00
5.930757224559783936e-01,1.198322778039374370e+00
6.185861676931381226e-01,7.629042881972578627e-01
6.193213611841201782e-01,4.788976791191568161e-01
6.133484169840812683e-01,2.756659162376224881e-01
5.952288433909416199e-01,4.700474226533080113e-01
5.679563432931900024e-01,7.264909698363886115e-01
5.519837439060211182e-01,7.391767868458725133e-01
5.752809196710586548e-01,8.355215286768027383e-01
5.704284906387329102e-01,8.330964084150953575e-01
6.203013733029365540e-01,6.770365209229427528e-01
6.613607853651046753e-01,8.407113534481216455e-01
