8.000000000000000444e-01,2.356194490192344837e+00
8.000000000000000444e-01,2.356194490192344837e+00
8.000000000000000444e-01,2.356194490192344837e+00
8.000000000000000444e-01,2.356194490192344837e+00
8.000000000000000444e-01,2.356194490192344837e+00
8.000000000000000444e-01,2.356194490192344837e+00
8.000000000000000444e-01,2.356194490192344837e+00
8.000000000000000444e-01,2.356194490192344837e+00
8.000000000000000444e-01,2.356194490192344837e+00
8.000000000000000444e-01,2.356194490192344837e+00
8.000000000000000444e-01,2.356194490192344837e+00
8.000000000000000444e-01,2.356194490192344837e+00
8.000000000000000444e-01,2.356194490192344837e+00
8.000000000000000444e-01,2.356194490192344837e+00
8.000000000000000444e-01,2.356194490192344837e+00
7.678067982196807861e-01,-4.434944062135919296e-01
7.890937030315399170e-01,-1.211281189352075849e-01
8.459240794181823730e-01,-6.993282091412340584e-01
8.575553894042968750e-01,-1.198441215887058320e-02
7.685085982084274292e-01,1.229268387413931407e+00
7.726827859878540039e-01,1.016960353074974677e+00
7.701173424720764160e-01,1.386151254100756347e+00
7.228115797042846680e-01,6.865320529985394771e-01
7.091303020715713501e-01,-3.544143517174775937e-01
6.832411736249923706e-01,-4.248827176820593188e-01
7.736487835645675659e-01,-1.687137309640958094e-01
7.518689334392547607e-01,-2.693364665792099544e-01
7.199740707874298096e-01,-6.750170853996317888e-02
7.453653812408447266e-01,6.195016615536821369e-01
7.431860864162445068e-01,3.458647307685907002e-01
7.495569586753845215e-01,7.926066746779980576e-03
7.778860479593276978e-01,1.873168058339778064e-01
7.960262298583984375e-01,2.357787643090700769e-01
8.114498257637023926e-01,-2.961253288199929834e-01
8.333517611026763916e-01,6.053913602487095424e-01
8.563629686832427979e-01,-1.140392626501749440e-01
8.635614812374114990e-01,5.983607398065764471e-01
9.185553491115570068e-01,3.596915302531478176e-02
9.903616160154342651e-01,1.490227131770240909e-01
9.345488250255584717e-01,-1.258980277010537385e-01
8.276776373386383057e-01,3.595376078645178275e-01
8.041544407606124878e-01,-4.432050995342362576e-01
7.452511638402938843e-01,2.256917920090426577e-01
6.661787033081054688e-01,2.827314594601437747e-01
6.787310391664505005e-01,1.593508680032718061e-01
7.229078263044357300e-01,4.680525173403515815e-01
7.732285261154174805e-01,-1.396641570470253946e-01
8.602033108472824097e-01,-3.390966397532904075e-01
6.894183009862899780e-01,5.344177843029616071e-01
5.636001005768775940e-01,1.006766271764855780e+00
8.233160972595214844e-01,-6.500056335151249698e-02
7.124590128660202026e-01,-1.569122654885459767e-01
7.485195249319076538e-01,-2.795747397186674199e-01
6.690206378698348999e-01,1.631727122269976960e-02
7.021963000297546387e-01,-1.585357534561935289e-01
7.367350161075592041e-01,3.053378272089575240e-01
7.602926790714263916e-01,5.049702966683309313e-01
8.115890324115753174e-01,5.642959550201287477e-01
3.625813201069831848e-01,-2.574713161834988995e+00
2.969513311982154846e-01,-2.607330851464115362e+00
2.500000000000000000e-01,-2.748259718745684310e+00
3.569918647408485413e-01,-2.020285841517392988e+00
4.865071997046470642e-01,-2.106641076502409504e+00
5.584438443183898926e-01,-2.564091393498560301e+00
6.094234287738800049e-01,-1.951429166549068173e+00
4.981280267238616943e-01,-1.998981821959466387e+00
7.157030105590820312e-01,-1.685635349203989941e+00
6.971306800842285156e-01,-1.779369964301236395e+00
6.690678000450134277e-01,-1.757250923822988309e+00
6.222553402185440063e-01,-1.827480447930276197e+00
4.894901961088180542e-01,-1.797957028995659234e+00
5.556016638875007629e-01,-2.075586860089646990e+00
7.965496182441711426e-01,-2.077652079097165760e+00
6.528167426586151123e-01,-2.136357179303082887e+00
6.484484523534774780e-01,-9.883922079427738261e-01
7.470740377902984619e-01,3.637744058755894017e-01
7.513238191604614258e-01,-1.261485729029812042e-01
7.608054727315902710e-01,-7.295396911137785878e-04
7.828759849071502686e-01,1.121989351131462698e-01
7.670994102954864502e-01,3.486510630590844428e-02
7.820080220699310303e-01,-5.211115495877338688e-02
7.964713871479034424e-01,-3.119542428777992704e-01
7.831559181213378906e-01,7.858917636607376522e-02
8.156543672084808350e-01,-1.514122552710435166e-01
8.077338486909866333e-01,-3.368488485694793866e-01
7.971741259098052979e-01,-3.332732427168578759e-01
7.810779660940170288e-01,-1.376393847985628582e-01
7.431305199861526489e-01,-9.145405454846011750e-02
6.951352506875991821e-01,-1.006240463897132287e-01
6.781114488840103149e-01,-3.103333764593507738e-02
6.701078712940216064e-01,1.995448348147528250e-01
6.741366386413574219e-01,5.099415029618841189e-01
6.898956894874572754e-01,3.140282628004826826e-01
7.300085723400115967e-01,1.980426871242721987e-01
7.825880944728851318e-01,1.789068760066436781e-01
7.491790354251861572e-01,3.251724684413792588e-01
6.795950233936309814e-01,9.679770808164978035e-02
7.091332077980041504e-01,-1.399944722459789404e-02
7.070379555225372314e-01,6.023196536026453884e-03
7.442613393068313599e-01,3.876297545637585884e-02
7.840633988380432129e-01,5.260250817989309269e-02
7.974007278680801392e-01,9.448175661868996045e-02
7.795211672782897949e-01,1.051604500234191164e-01
7.859940528869628906e-01,2.680612701478741755e-01
7.936072349548339844e-01,4.882945285927982049e-01
7.954926490783691406e-01,7.300271120109038669e-01
7.898815572261810303e-01,1.068896519624777941e+00
8.154067993164062500e-01,1.797116541597413963e+00
7.357359826564788818e-01,1.815420666231961633e+00
7.294169664382934570e-01,1.464894446482215784e+00
7.701446115970611572e-01,9.476618534400209626e-01
7.474301457405090332e-01,1.009028013335470320e+00
6.151788681745529175e-01,8.125067610136360585e-01
6.274108141660690308e-01,3.631247298082591612e-01
6.136583238840103149e-01,-2.313788684871769252e-01
6.081405729055404663e-01,3.296303192259006920e-01
6.266502290964126587e-01,5.562654476258335201e-01
6.184732466936111450e-01,9.555638581102336993e-01
5.896005630493164062e-01,8.616346866117892134e-01
6.079217493534088135e-01,7.195025282483169526e-01
6.306615173816680908e-01,8.739976317495066205e-01
6.029798462986946106e-01,1.054987890354540880e+00
6.092575564980506897e-01,9.076319207069323269e-01
6.490034908056259155e-01,7.981790583787398141e-01
6.475460678339004517e-01,7.238415666781126134e-01
6.164670437574386597e-01,8.337047950825562381e-01
5.573640316724777222e-01,1.306585550658410533e+00
5.638671815395355225e-01,1.769957666412677710e+00
6.343681067228317261e-01,1.262526952195222929e+00
5.748160928487777710e-01,1.626066635790830439e+00
6.085814163088798523e-01,1.069032746556319413e+00
6.009098514914512634e-01,8.681682426006211983e-01
5.757011994719505310e-01,5.762816779535984146e-01
5.857300460338592529e-01,5.237628252811505902e-01
5.788569971919059753e-01,3.643403796220963109e-01
5.612894222140312195e-01,2.530382015881962321e-01
5.690741986036300659e-01,2.290875408613268771e-01
5.870683342218399048e-01,3.901285590832821448e-01
6.086119487881660461e-01,1.005258600095707333e+00
5.935241878032684326e-01,1.519802326301519457e+00
6.325232833623886108e-01,-1.925035970983675959e+00
6.107196509838104248e-01,-2.234684186834764663e+00
5.713826417922973633e-01,-2.059071287395466854e+00
4.696393460035324097e-01,-1.967297965605387500e+00
5.993069410324096680e-01,-1.713021082021114250e+00
5.996357798576354980e-01,-1.788717659727414588e+00
6.205937564373016357e-01,-1.711055481883121621e+00
6.157101690769195557e-01,-1.733404563303498458e+00
5.253959000110626221e-01,-1.859386948712675069e+00
5.206669643521308899e-01,-2.097790913663317713e+00
6.254588365554809570e-01,-1.915355713316374109e+00
7.938502877950668335e-01,-1.911227803223778166e+00
7.504765540361404419e-01,-1.814056805261677896e+00
5.487377345561981201e-01,-1.864246083778011709e+00
5.042514428496360779e-01,-1.921797889590302733e+00
4.570026099681854248e-01,-1.860812696969384117e+00
6.722633838653564453e-01,-1.953383812356483062e+00
7.887543141841888428e-01,-2.196163704679208184e+00
9.174234569072723389e-01,1.488564320564624843e-01
8.737501204013824463e-01,1.688667170851529953e-01
8.115748167037963867e-01,-1.304692604883905815e-01
7.926510721445083618e-01,-6.538638049205940384e-01
8.322373926639556885e-01,-2.344751053435834010e-02
7.795319408178329468e-01,-2.247323050025578084e-01
7.395978718996047974e-01,1.321893712693378298e-01
8.686663508415222168e-01,3.537327489259856073e-01
8.985295295715332031e-01,8.047493160563443659e-01
8.983685970306396484e-01,4.404760668190697004e-01
8.119623512029647827e-01,1.881560760843812297e-01
7.712349295616149902e-01,-9.329906342334215452e-03
6.917351931333541870e-01,2.008975542009450166e-01
6.511419713497161865e-01,2.540678150357291720e-01
6.875934600830078125e-01,3.210442774685122735e-01
6.985597610473632812e-01,5.297993636300599718e-01
7.916923165321350098e-01,-1.221623200938370957e-01
8.425230830907821655e-01,1.008854522954614197e-01
6.306456923484802246e-01,1.102121753280551175e+00
5.928489416837692261e-01,7.075261679905544554e-01
8.419809639453887939e-01,3.463695662427288546e-01
6.986988335847854614e-01,-2.804117629269007317e-01
7.609875053167343140e-01,-4.894906104144070014e-01
6.333048790693283081e-01,-1.882613125593310954e-01
7.043449729681015015e-01,-4.679680660054716945e-01
7.403925210237503052e-01,1.658309631138150664e-01
7.394594252109527588e-01,3.337400657276243798e-01
5.296283587813377380e-01,2.798869287774518710e+00
5.182356089353561401e-01,2.312965518423582001e+00
3.991721943020820618e-01,2.124420704043833652e+00
5.969159975647926331e-01,1.734386146224652592e+00
9.000534713268280029e-01,8.180151040125172024e-02
7.354995459318161011e-01,-1.048946904734671115e-01
7.304438948631286621e-01,6.070925584247279794e-01
7.051424384117126465e-01,-2.834800521963218856e-01
7.490728646516799927e-01,-4.999481574189390543e-03
7.473751157522201538e-01,2.406055981432164703e-01
7.791838794946670532e-01,5.275502148582713602e-01
7.825357019901275635e-01,9.455600263704870834e-01
8.510818779468536377e-01,4.614009448242288869e-01
6.995703279972076416e-01,1.190353642984340432e+00
7.192751318216323853e-01,1.164953078297437106e+00
5.757392644882202148e-01,1.018441153864842352e+00
6.154770404100418091e-01,1.012646593869588330e+00
6.803800612688064575e-01,9.876993699404330584e-01
6.606415063142776489e-01,6.486659282481670452e-01
5.200311243534088135e-01,8.971508733863839957e-01
5.134724527597427368e-01,1.067730304738675251e+00
7.432556450366973877e-01,5.875563524804765514e-01
6.416260749101638794e-01,1.367738803308275131e+00
6.276811361312866211e-01,1.398605298073106074e+00
6.330043375492095947e-01,7.665221665306978238e-01
6.465138196945190430e-01,5.383013285595965591e-01
6.554943919181823730e-01,2.843664635189113721e-01
6.458924412727355957e-01,1.636542346386224978e-01
6.301358491182327271e-01,4.873431871141784555e-01
6.238971203565597534e-01,4.381708824331727037e-01
5.905454605817794800e-01,6.164430626536181457e-01
5.703157484531402588e-01,7.320594212133109124e-01
5.669485032558441162e-01,6.829841606660114195e-01
5.637370049953460693e-01,7.593727805472179071e-01
7.186412811279296875e-01,2.054469157778295418e+00
8.289444893598556519e-01,1.765092071101102889e+00
7.697393298149108887e-01,1.951027695014738939e+00
7.428643554449081421e-01,4.366501030180343079e-01
7.713115513324737549e-01,-1.071745300962241298e+00
7.577753812074661255e-01,-2.639074254435693767e-01
8.453110158443450928e-01,3.639661534740752380e-01
7.907454967498779297e-01,-1.715493109288113160e-01
7.549805641174316406e-01,-2.992357969434755738e-01
7.705591022968292236e-01,-3.674848342583962868e-01
7.619980275630950928e-01,-2.199989106719701937e-01
7.461935579776763916e-01,-6.782790416160588975e-02
7.443429231643676758e-01,1.441571178654492691e-01
7.496108710765838623e-01,2.128926398101218531e-01
7.327860444784164429e-01,2.782325065292656774e-02
7.346924692392349243e-01,1.912502531521327320e-01
7.530295699834823608e-01,6.584649982701944460e-01
7.610081136226654053e-01,3.689250010356945886e-01
7.172474265098571777e-01,-8.982925580621525796e-03
7.229042500257492065e-01,-1.490425620495234860e-01
7.427952438592910767e-01,-2.595369284233970397e-01
7.380454093217849731e-01,-1.998871342386121519e-01
7.309602648019790649e-01,-2.343771717556859535e-01
7.441025078296661377e-01,6.094203068590786643e-02
7.702101916074752808e-01,4.652628144866017834e-01
7.591628879308700562e-01,4.796356452184071806e-01
7.589495182037353516e-01,5.193558606390982213e-01
7.646283358335494995e-01,5.605684865675346629e-01
7.709135115146636963e-01,5.509470265036746639e-01
8.001177161931991577e-01,9.453195928583233432e-01
8.229686617851257324e-01,1.012656143798809971e+00
7.959224283695220947e-01,1.443085497823393570e+00
7.202344685792922974e-01,1.791631511661043508e+00
7.446823120117187500e-01,1.266949131185299837e+00
7.545094788074493408e-01,8.887365431014675465e-01
7.263639867305755615e-01,5.179552043532846817e-01
6.870610415935516357e-01,5.476678429639467716e-01
6.799643188714981079e-01,6.698634005565446969e-01
6.510894000530242920e-01,1.018061684618424945e+00
6.531529575586318970e-01,1.040322850513910158e+00
6.952677965164184570e-01,7.918938005496656274e-01
6.888873577117919922e-01,1.065142554799932029e+00
6.659156680107116699e-01,1.088690994978415372e+00
6.879266351461410522e-01,1.140880515532858741e+00
6.686932742595672607e-01,6.744699774446765161e-01
6.553439646959304810e-01,8.518606149339000844e-01
6.465877145528793335e-01,5.802259391621955587e-01
6.497071236371994019e-01,7.566899526366666073e-01
6.625992506742477417e-01,8.509028132090423746e-01
6.618480980396270752e-01,9.278187857994626420e-01
6.499967575073242188e-01,9.273648832811725029e-01
6.337426602840423584e-01,8.736454078893975961e-01
6.444672942161560059e-01,8.250337402297454048e-01
6.463266462087631226e-01,7.575581535550055534e-01
6.333799809217453003e-01,6.142419444082083402e-01
6.503006517887115479e-01,4.050244825068551879e-01
6.419310867786407471e-01,2.908640668330273460e-01
6.360698342323303223e-01,3.302825232156720858e-01
6.316485702991485596e-01,3.973511143774151044e-01
6.173789054155349731e-01,6.001003249529945904e-01
6.026610881090164185e-01,7.531481928567269613e-01
6.060446277260780334e-01,8.260682222686459575e-01
6.082570478320121765e-01,8.023518156879738683e-01
6.777278929948806763e-01,2.301864006583910438e+00
7.579616159200668335e-01,8.312932507006243199e-01
7.109783887863159180e-01,1.409709618715489832e+00
7.652942836284637451e-01,8.483370655582112008e-01
7.973329573869705200e-01,-1.427398334675795910e+00
7.608458399772644043e-01,-3.596186886361429913e-01
9.061804413795471191e-01,5.528476496722585232e-01
7.887697815895080566e-01,1.313617107368112435e-01
7.953736931085586548e-01,1.322653961960811309e-01
8.057789206504821777e-01,7.711848726596937098e-02
8.123663365840911865e-01,-2.969499932962929023e-01
8.590327501296997070e-01,-6.828321108125248173e-01
8.659076094627380371e-01,-5.250071716960302837e-01
8.101232051849365234e-01,-6.184616555361142076e-01
7.745926976203918457e-01,-4.762081568954767974e-02
7.988099157810211182e-01,8.240353044923187653e-02
8.555485606193542480e-01,1.009221539842330984e-02
8.728922605514526367e-01,5.870981899447396124e-01
8.641930520534515381e-01,2.866218384700451871e-01
8.517661094665527344e-01,5.168530301690199558e-01
7.730349600315093994e-01,-3.530316717690222816e-01
7.319639474153518677e-01,-5.116093700123842680e-01
7.189945280551910400e-01,-8.294081695737145488e-01
7.294124066829681396e-01,-5.933316721771522140e-01
7.624965608119964600e-01,-5.095728007925304226e-01
7.710240185260772705e-01,-4.689693105456114175e-01
7.363439500331878662e-01,-3.231789675297789266e-01
6.638901531696319580e-01,-1.841850188979098357e+00
6.050352007150650024e-01,-1.786380361363841818e+00
6.450146436691284180e-01,-2.262723153535987741e+00
5.686567574739456177e-01,-2.086041785544971550e+00
5.802986845374107361e-01,-1.644248483880640599e+00
6.017140001058578491e-01,-1.847566945139224703e+00
6.057418733835220337e-01,-1.367898530555841985e+00
4.625206962227821350e-01,-1.692097748857446460e+00
5.056109204888343811e-01,-1.651284160167655779e+00
6.737142801284790039e-01,-1.514231159748641753e+00
7.017100602388381958e-01,-2.003393327499236598e+00
6.244132891297340393e-01,-1.983730959499829360e+00
6.759149879217147827e-01,-1.378817657472735103e+00
7.614218443632125854e-01,-1.537236002975558735e+00
5.615938529372215271e-01,-2.245541051958204193e+00
8.113553225994110107e-01,7.740876766359896521e-01
8.253409862518310547e-01,9.748530298559474616e-01
7.280201613903045654e-01,1.242720118109652105e+00
6.831327676773071289e-01,1.118346614894019542e+00
7.175633013248443604e-01,7.251722369630138054e-01
7.582473158836364746e-01,6.062743541946660208e-01
7.538325339555740356e-01,9.182461052760380049e-01
7.212122678756713867e-01,9.607357065441943789e-01
6.923181712627410889e-01,6.204564204089351165e-01
6.569621413946151733e-01,5.580605534391960276e-01
6.205307021737098694e-01,9.115164948578948767e-01
6.088607013225555420e-01,9.812641220465279090e-01
6.214894577860832214e-01,9.433759013814859706e-01
6.494031399488449097e-01,8.138594803998282501e-01
6.465042978525161743e-01,7.021630869052719603e-01
6.466860175132751465e-01,8.616462027029090365e-01
6.309660375118255615e-01,9.975138883773775333e-01
6.368772685527801514e-01,6.704028311174212718e-01
6.292107105255126953e-01,6.724191301443691593e-01
6.170117333531379700e-01,6.648398569057873964e-01
6.030120998620986938e-01,5.091562085369334412e-01
5.380102172493934631e-01,8.855932119862526264e-01
5.373118147253990173e-01,1.388055154205837916e+00
6.283528953790664673e-01,1.343333116542030581e+00
6.522801667451858521e-01,1.019189418907370470e+00
5.901127532124519348e-01,1.318364264831991761e+00
5.585002154111862183e-01,9.910089821762100293e-01
5.409012362360954285e-01,9.856660776570764781e-01
6.098960340023040771e-01,5.887576774004816826e-01
6.324375420808792114e-01,2.933181177626704716e-01
5.950706824660301208e-01,3.047749431454342961e-01
5.651462823152542114e-01,4.612128954826477667e-01
5.580481737852096558e-01,5.791878056797687968e-01
5.584319755434989929e-01,7.111991456705322179e-01
5.710025504231452942e-01,1.115431077678763483e+00
6.175397485494613647e-01,1.381858935422740409e+00
6.690446436405181885e-01,-2.190673618897955865e+00
6.458832770586013794e-01,-2.442829201047223897e+00
5.849742665886878967e-01,-2.002950847445309268e+00
5.746108591556549072e-01,-2.269847775242222365e+00
6.460863649845123291e-01,-2.320444985539123817e+00
5.993416756391525269e-01,-2.344064488426225612e+00
6.228444874286651611e-01,-1.911839185947465491e+00
4.387355595827102661e-01,-1.742061574142748315e+00
3.978743627667427063e-01,-1.952197842224638213e+00
5.342635512351989746e-01,-2.016761355874133521e+00
7.335229814052581787e-01,-1.723056278724480084e+00
6.655900478363037109e-01,-1.826319101635541564e+00
4.361880645155906677e-01,-1.958278525589507657e+00
6.466994285583496094e-01,-1.799068097721845616e+00
8.085267096757888794e-01,-1.923399749777066292e+00
6.462073773145675659e-01,-3.141592653589793116e+00
4.416112899780273438e-01,-2.472286051357562187e+00
