0.000000000000000000e+00,-3.000000000000000000e+00
0.000000000000000000e+00,-3.000000000000000000e+00
0.000000000000000000e+00,-3.000000000000000000e+00
0.000000000000000000e+00,-3.000000000000000000e+00
0.000000000000000000e+00,-3.000000000000000000e+00
0.000000000000000000e+00,-2.100000000000000089e+00
7.918230652809142844e-01,1.596893849061451931e+00
7.937498748302459495e-01,1.629134035606059072e+00
7.943578869104385154e-01,1.610261315675806548e+00
7.990628838539123313e-01,1.606279182443973497e+00
8.073211550712584561e-01,1.574206587794527046e+00
8.020542263984680176e-01,1.567319497170986953e+00
8.096189767122268233e-01,1.571450965080351647e+00
8.142623364925384299e-01,1.587063226822290840e+00
8.188023954629897183e-01,1.620737962538772114e+00
8.234952330589294656e-01,1.528479186013268931e+00
8.156474381685256958e-01,1.420194317479563484e+00
8.063903570175170454e-01,1.413063610034119177e+00
7.982966035604476263e-01,1.376297599679355388e+00
8.242896139621734841e-01,1.358694084067985752e+00
8.301439195871352927e-01,1.440255909971130288e+00
8.219778090715408325e-01,1.383715834895771213e+00
8.285510540008544922e-01,1.565028824932436669e+00
8.342985898256300992e-01,1.571362581421674731e+00
8.385168462991714478e-01,1.599398177559643086e+00
8.339909136295318159e-01,1.497302693055769129e+00
8.371679991483688132e-01,1.310629103042883381e+00
8.733977675437927246e-01,1.036580776287212791e+00
8.525833606719970259e-01,1.028194627656175308e+00
8.219025105237960371e-01,1.149138676386977309e+00
8.048084437847137229e-01,1.418819221298430744e+00
7.886086255311965942e-01,1.886769030086273391e+00
7.911801218986510564e-01,1.839273674251203694e+00
8.623938262462615967e-01,1.862140324384680579e+00
5.491877377033234087e-01,-2.682328037295079515e+00
5.625652194023131880e-01,-2.680028470514607353e+00
5.353145480155945268e-01,-2.884602372958784411e+00
5.599338293075561968e-01,-2.586499927909678753e+00
5.768931329250335249e-01,-2.526462518950610914e+00
5.901954412460327370e-01,-2.472543056805728057e+00
6.199326992034912553e-01,-2.207385339648204603e+00
5.667672753334045410e-01,-2.301273315373536743e+00
7.096633553504944070e-01,-1.855830536345253412e+00
6.985329031944275124e-01,-1.737876926235366160e+00
7.579481601715087891e-01,-1.709538260284751976e+00
7.154931902885437456e-01,-1.503213724736822021e+00
7.059489965438843218e-01,-1.518626186979167292e+00
6.993159472942351851e-01,-1.631800712901015249e+00
6.776300191879272017e-01,-1.801938038706407230e+00
7.105857133865356445e-01,-1.805303077982371551e+00
7.055193424224853738e-01,-1.806321924352841002e+00
6.794825673103332964e-01,-1.910238730162058030e+00
6.903257012367248757e-01,-1.896876506646099525e+00
8.254274785518646018e-01,1.526124847579908739e+00
8.180181086063385010e-01,1.549830299830003533e+00
8.081030368804931197e-01,1.590853986962666333e+00
7.975308418273925337e-01,1.754364691782695829e+00
8.068091660737990445e-01,1.805343337487912869e+00
8.154250741004943626e-01,1.714674811431296408e+00
8.076471686363220215e-01,1.596964443636285091e+00
7.995139598846434659e-01,1.273633800760047619e+00
7.976441740989684837e-01,1.435024514919670979e+00
7.872463852167128628e-01,1.656356951492633289e+00
7.913794636726378950e-01,1.729947208045060192e+00
7.896669447422026700e-01,1.689918960593598474e+00
7.983358263969421165e-01,1.572775034678879358e+00
8.050381302833556907e-01,1.485567796204498192e+00
8.169432759284972478e-01,1.595213810532532195e+00
8.222232580184936079e-01,1.534713698140009352e+00
8.257216095924376775e-01,1.466812296974101093e+00
8.477188527584076372e-01,1.480852190957754555e+00
8.397532820701598677e-01,1.459956945821208718e+00
8.266458541154860784e-01,1.301760870239676571e+00
8.179613173007964644e-01,1.240594697097335830e+00
8.265021681785582608e-01,1.273262664295010005e+00
8.232167035341262373e-01,1.202692432418732915e+00
8.142147898674010342e-01,1.137519408580691671e+00
8.085256904363631314e-01,1.133763477593947133e+00
8.167899519205092940e-01,1.277858427292700050e+00
8.245650589466094749e-01,1.396394021324553592e+00
8.225979447364807351e-01,1.351269856739117259e+00
8.972970128059387651e-01,3.813193111370316579e-01
9.076820969581603782e-01,6.268345091676472691e-01
8.998914420604705589e-01,3.319607828362074464e-01
8.952032983303069846e-01,4.452304335432413218e-01
9.129308342933655229e-01,9.659352684982485115e-01
8.970815122127533403e-01,1.114383113386843149e-01
8.982690095901489924e-01,4.064022938639428872e-01
9.067553639411926047e-01,3.074279509338575522e-01
8.953371167182923029e-01,-1.109681177646635319e-01
9.076376080513001154e-01,3.789932479843072244e-01
9.093234062194824885e-01,4.265511464931019958e-01
9.099186182022095393e-01,5.752169544721632555e-01
9.236047625541686790e-01,1.371174718039343432e+00
9.198613762855529785e-01,8.044968983192752887e-01
9.063674330711365412e-01,6.569830739592412705e-01
8.900773882865905540e-01,1.198171570826700894e+00
8.830418527126312478e-01,1.043312914627796850e+00
8.667091012001038042e-01,2.797230445018712430e-01
8.508472204208374912e-01,9.999903161019609854e-01
8.437689304351807529e-01,2.527980864070065614e+00
8.821838021278382014e-01,-2.073739042412059419e-02
8.945158481597900169e-01,-2.454566064060393682e+00
8.998249292373657893e-01,-1.821062520986429512e+00
8.960448265075683372e-01,9.054531324430836747e-02
8.910484492778778520e-01,-1.016086628177968354e+00
6.754229545593262163e-01,-1.671272255654920214e+00
6.746992230415345126e-01,-1.775943318619118250e+00
6.280923008918761763e-01,-1.891539875119690128e+00
6.337381720542907271e-01,-1.919625936079720985e+00
5.980400800704955833e-01,-2.310071983496237991e+00
5.494504153728485552e-01,-2.929461386568189774e+00
6.177656888961792214e-01,-2.321707635985011287e+00
6.274895012378692849e-01,-2.091975194020965212e+00
7.106218695640564853e-01,-1.895329511738980788e+00
7.507738947868347612e-01,-1.582603503502627795e+00
7.491651058197021928e-01,-1.611642965729934263e+00
7.933566808700561745e-01,-1.601607207266025901e+00
6.508749127388000488e-01,-1.700186258027748476e+00
7.011184096336364746e-01,-1.362150596685610449e+00
6.243794441223144975e-01,-1.538693771583186765e+00
6.555253446102142778e-01,-1.640678776513714521e+00
8.217472672462463601e-01,-3.141592653589793116e+00
8.626455068588256836e-01,-3.141592653589793116e+00
8.912610530853272151e-01,-3.141592653589793116e+00
9.017151236534118874e-01,-9.913789014934057953e-01
9.207130312919616921e-01,-1.004366056220529213e+00
8.908145546913147639e-01,-1.162051304215470759e+00
9.032763838768005371e-01,-9.075084270143527476e-01
8.935566544532775879e-01,-8.872842984725068938e-01
8.959030747413635476e-01,-3.782470427304347460e-01
8.983039259910583496e-01,-6.485323228658237404e-01
8.927844405174255593e-01,-3.926663123337483796e-01
9.160894751548767090e-01,9.033034621006841292e-02
9.231688618659973367e-01,4.672514468068342808e-01
9.288161039352417214e-01,1.219258189054704289e+00
9.051377415657043679e-01,6.973362062577468379e-01
8.944391846656799538e-01,1.115281181240689534e+00
8.607613205909729892e-01,3.485417070068246304e-01
8.728158712387085183e-01,6.167325565864882897e-01
8.702376246452332431e-01,2.680365526840069457e-01
8.839522123336792658e-01,8.273627994386956175e-01
9.089928627014159934e-01,-1.934731396185624952e-01
8.680120468139649326e-01,5.807577859557491173e-01
8.862564265727996826e-01,1.255038216030730958e+00
9.063679814338684304e-01,1.199560242887609540e+00
8.966050088405609353e-01,2.317239767137482254e-01
8.958979070186615656e-01,2.068698177811238992e-01
6.999999999999999556e-01,3.141592653589793116e+00
6.999999999999999556e-01,2.673934117643204988e+00
8.626825034618377241e-01,1.559194005431641106e+00
8.547436118125915083e-01,1.625601872568719575e+00
8.458233535289764182e-01,1.275275171438296162e+00
7.972319185733794944e-01,1.803254899044640425e+00
7.773805767297744529e-01,1.800450215909758622e+00
7.987009733915328979e-01,1.581835670467871324e+00
8.356383800506591575e-01,1.642524721656167808e+00
8.287402570247649480e-01,1.490881021041639443e+00
8.388498783111572044e-01,1.181439720323681941e+00
8.196859508752822876e-01,1.425972305538815599e+00
8.132068783044814619e-01,1.326950868349922485e+00
8.449037402868271318e-01,1.092772185319231593e+00
8.523975908756256104e-01,1.234283598283309358e+00
8.191279888153075728e-01,1.180737051511848490e+00
8.320946097373962402e-01,1.459148946907667943e+00
8.226227551698684914e-01,1.374817547903544046e+00
8.256500482559203657e-01,1.492760390936367809e+00
8.074148893356323242e-01,1.348336249559745958e+00
8.225579977035522017e-01,1.099287764970705572e+00
8.212626785039901511e-01,1.084968020610160622e+00
8.184740304946899192e-01,1.185696179953739327e+00
8.162830233573913352e-01,1.091331924915176277e+00
8.109235405921935147e-01,1.105473403930254062e+00
8.197644233703612615e-01,1.223879793037346619e+00
8.270768940448760542e-01,1.369173726987177542e+00
8.844916105270386186e-01,1.520544224724567073e+00
8.943778038024902122e-01,8.503657701304709882e-01
8.986735820770264116e-01,7.468677568056421023e-01
8.901740252971649392e-01,1.232110521251643220e+00
9.052382469177245872e-01,1.696396246901429095e+00
9.034041762351989746e-01,6.691474367452068250e-01
8.916647851467133234e-01,8.354465336443883672e-02
9.065250754356384277e-01,4.319234498139561396e-01
9.007831096649170366e-01,3.164842798920242117e-01
8.969742059707641602e-01,9.030888695734740068e-01
9.128970265388488547e-01,8.829392679302587865e-01
9.198382854461669700e-01,1.079711252707534541e+00
9.265430331230163352e-01,1.587150674213397394e+00
9.307423114776611772e-01,1.718134881865689856e+00
9.023399710655212180e-01,1.274978468245131502e+00
8.937842369079590510e-01,1.208361907066537455e+00
8.619558393955231157e-01,2.114395525403476306e-01
8.748724341392517534e-01,7.464898792140948203e-01
8.787471115589142734e-01,4.458824502794986877e-01
8.852609574794769731e-01,9.745815122604355452e-01
9.056240916252136230e-01,-7.484298256206489697e-02
8.642502546310425471e-01,7.831631054525991509e-01
8.967611908912659358e-01,1.176807442890733135e+00
9.045575857162475586e-01,1.186908646457835559e+00
8.957732677459716575e-01,4.601912403094661208e-01
8.948805749416351984e-01,-4.207137054431075995e-02
8.965286195278168169e-01,-1.535048132916294605e-02
8.966381728649139848e-01,-1.011286946103373552e-01
8.986706137657165527e-01,-4.403404952748277701e-01
8.979236662387848344e-01,-5.334657874370423158e-01
8.984193742275238259e-01,-5.412332504573407199e-01
8.986444532871246116e-01,-5.360775994523536703e-01
8.988557517528533714e-01,-6.586468214324301407e-01
8.981770873069763184e-01,-1.114150544522274799e+00
8.981210052967071311e-01,-1.059973421541926530e+00
8.986593008041382502e-01,-9.850261387724819073e-01
8.994707643985748735e-01,-5.215265033750808854e-01
8.911668062210083008e-01,-4.797463120452674090e-01
8.868036925792693870e-01,-5.837366148587870285e-01
8.863128781318664329e-01,-8.804628402056753345e-01
8.736739277839661311e-01,-7.624348904506716984e-01
8.873035550117492898e-01,-6.185290668012068949e-01
8.962751269340515359e-01,-1.302582257779478780e-01
8.850677907466888428e-01,-6.068642963909836041e-01
8.930668354034424494e-01,-8.638753621620587353e-03
8.953403532505035400e-01,-3.100436952729657136e-01
8.846977889537811501e-01,-7.680000648910967342e-01
9.066997528076171653e-01,-1.557833140517583814e-01
8.877550482749939631e-01,-6.540147312529960288e-01
8.812513709068298118e-01,-5.012585575109249625e-01
9.012345910072326882e-01,1.658612981831066868e-01
8.874402046203613281e-01,-4.086381008228485712e-01
8.948103308677674006e-01,-2.789075554477644658e-01
8.950400352478027344e-01,-3.571261571093429232e-01
8.828698694705963135e-01,-6.783633056974256448e-01
9.011180520057678889e-01,1.726372538460010375e-01
8.945891439914703813e-01,-2.683408396444946220e-01
8.819793522357940452e-01,-4.316174775718413237e-01
9.036181926727294700e-01,3.374008719291827774e-01
8.899726212024688943e-01,-1.299264125508807766e-01
8.913402795791626199e-01,2.158579864601413156e-01
9.054536223411560059e-01,4.833900781770381627e-01
8.955710411071777788e-01,3.423526038572646257e-01
9.078428864479065608e-01,9.224658632173223793e-01
8.980537235736847368e-01,8.491789573578123473e-01
8.932195425033570002e-01,6.974609170981680428e-01
8.866431832313538264e-01,4.670402248428771053e-01
8.860510826110840066e-01,3.865189667178432487e-01
8.853780984878539817e-01,9.286066549602329800e-01
8.862075805664062500e-01,9.432011938527873340e-01
9.134888887405395730e-01,-1.031916665756860141e-02
8.884761750698090266e-01,3.478496180185386422e-02
8.786748886108398660e-01,9.108632609737963293e-01
9.098241925239562988e-01,9.878772607788715021e-01
8.953979492187500444e-01,-5.836579683828446719e-02
8.936905622482299583e-01,7.170536267903138139e-02
8.915553689002990723e-01,-2.448051327049731718e-01
8.916776239871978538e-01,-1.820223999750081312e-01
8.898349404335021973e-01,-1.226630359906639711e-01
8.923957169055939387e-01,-3.234609713220830685e-01
8.930621325969696489e-01,-4.778185371171321805e-01
8.914324283599853738e-01,-4.848240655883699901e-01
8.915906786918640359e-01,-5.869296617820078943e-01
8.906751334667205589e-01,-7.665263797347661168e-01
8.907423079013824241e-01,-7.829179906025820479e-01
8.921137332916260210e-01,-7.971266000024810339e-01
8.925708413124084917e-01,-5.355959834139696341e-01
8.892100811004638450e-01,-6.101502210572209428e-01
8.880020618438720925e-01,-6.740167771270644259e-01
8.902626335620880127e-01,-1.099820033084666360e+00
8.797398030757904719e-01,-7.320683625686115192e-01
8.941267609596252885e-01,-1.605320631705060563e-01
8.989877760410308616e-01,-3.836112941501790274e-02
8.897040069103241411e-01,-5.125241034289862441e-02
8.978319108486175759e-01,5.002990705044396691e-01
8.984941363334656428e-01,9.696361469518333109e-02
8.957466185092926025e-01,-2.118882119602418790e-01
9.115239858627319780e-01,2.589734825993312839e-01
8.937884867191314697e-01,-2.253360103321648822e-01
8.940026938915253130e-01,-1.572068152662975393e-01
9.080603957176208718e-01,3.790160929130332867e-01
8.935330986976623979e-01,1.616522136921272335e-02
9.007771849632263406e-01,1.354857821323673939e-01
8.984533905982970969e-01,-4.141130190694530810e-02
8.878299355506896751e-01,-4.705111559810912780e-01
9.050104379653930442e-01,2.102216556843408135e-01
8.968109607696533869e-01,-2.323812365484014819e-01
8.893646240234375222e-01,-4.459667143608645468e-01
9.084113597869872825e-01,1.690386158111394366e-01
8.951234936714173029e-01,-2.720317936618301680e-01
8.975787460803985596e-01,-5.367584532297886568e-02
9.244000911712646484e-01,5.104485854781919407e-01
9.202252864837646706e-01,4.663383986718572238e-01
9.283136963844299538e-01,1.157635679098389048e+00
8.974494695663451926e-01,7.430099599072019778e-01
8.911625683307647927e-01,7.777642121327361657e-01
8.545361042022705522e-01,2.313842988390870659e-01
8.718867301940917969e-01,1.354475824154812713e-01
8.671370625495911089e-01,3.660783731136443286e-01
8.789541304111481157e-01,7.007797983828951693e-01
9.122827291488647683e-01,-1.311735209550946024e-01
8.789184391498565674e-01,2.191334249295864289e-01
8.802766084671020952e-01,1.096870415729835457e+00
9.203810095787048340e-01,1.686114156439662004e+00
8.983957648277283159e-01,3.714274569987443542e-01
8.979335963726043923e-01,4.348947885764280485e-01
8.974520742893219438e-01,-2.176254723801669400e-01
8.978553950786590798e-01,-2.201230597518488707e-01
8.991159439086914285e-01,-3.550249854271085859e-01
8.999656856060028742e-01,-5.078358371953100026e-01
8.999893248081207719e-01,-5.934861563263229556e-01
8.997668862342834695e-01,-6.202047984993011021e-01
9.003378748893737793e-01,-6.947161550878133696e-01
9.003388643264770286e-01,-1.112755505841885650e+00
9.008341670036316140e-01,-1.109538677722368138e+00
8.989941477775573730e-01,-1.215001916678161376e+00
9.017609596252441628e-01,-7.319796044029063253e-01
8.963000059127808061e-01,-5.768404424398108077e-01
8.877075910568237305e-01,-6.957426788523624062e-01
8.911320209503174050e-01,-9.055915127900382444e-01
8.768429517745972568e-01,-7.689797752771099226e-01
8.798359751701355647e-01,-5.924182495351471012e-01
8.985630691051483820e-01,-1.461755234944313031e-01
8.882699787616730180e-01,-2.526484333985008490e-01
8.884578704833984153e-01,2.038569087385115886e-01
8.999903798103332520e-01,-6.854227631807363608e-02
8.894386470317841020e-01,-6.401967326836057737e-01
9.055383801460266113e-01,-1.701885396415110385e-01
8.918378651142120361e-01,-4.266106931106001809e-01
8.779390037059784380e-01,-7.311276009135410092e-01
9.059638500213623713e-01,3.415140826209177582e-01
8.905852258205414484e-01,-8.341806998887602020e-02
8.959508359432221125e-01,1.409397279853892293e-01
9.004123568534850852e-01,2.043752264656681916e-01
8.860643148422241433e-01,-2.819644690662013176e-01
9.030508399009704590e-01,5.017779987591666213e-01
8.987375497817993164e-01,2.558309941249294894e-01
8.847890436649322732e-01,-1.384687306127161399e-01
9.062935948371887429e-01,7.315406821657477465e-01
8.931399285793304443e-01,1.721271752734665483e-02
8.896138787269592951e-01,8.502770119647662383e-02
9.078436732292175515e-01,6.712851228626997013e-01
8.907130360603332520e-01,1.229843630209392913e-02
8.950053095817566140e-01,8.926730801026065976e-01
9.058306217193603516e-01,6.237055029462643674e-01
8.881755530834197776e-01,1.282278359240605070e-01
8.988304436206817627e-01,9.744916305736452955e-01
9.045352697372436301e-01,5.004833279623595033e-01
8.898862481117248979e-01,4.596474561043852880e-01
9.050993323326110840e-01,8.766022345045225705e-01
9.041607499122620295e-01,5.458668386648883875e-01
8.989101409912109153e-01,2.303982218335933752e-01
9.118092060089111328e-01,6.677037121511393281e-01
8.989328444004058838e-01,2.968945662561055521e-01
8.971983373165131059e-01,4.539219926558515361e-01
9.099382638931274858e-01,8.400754405140808956e-01
8.974923193454742432e-01,4.498361209771815084e-01
9.022975325584411399e-01,5.939321941970190366e-01
9.026209950447082742e-01,5.086704261078596190e-01
8.905103802680969238e-01,2.341575233835921921e-01
9.080441713333130549e-01,9.299230471646806606e-01
8.990196704864502619e-01,5.744817971756250863e-01
8.911597192287444846e-01,5.296933781410531061e-01
9.099122405052185725e-01,1.167847736745866172e+00
8.963277935981750488e-01,3.628246560518397779e-01
8.982376813888549583e-01,5.397882150886745833e-01
9.110447883605957697e-01,9.631579243764329945e-01
8.920615136623383234e-01,4.541706653226373902e-01
8.961334526538848877e-01,1.012750145062911500e+00
9.088530540466308594e-01,1.051704868117772307e+00
8.994577825069427490e-01,4.952761822409823544e-01
8.939076304435730203e-01,1.000407891438507058e+00
9.041723728179932307e-01,9.765098489491128575e-01
9.037731409072876643e-01,6.116141690308158907e-01
8.959452390670776811e-01,9.616097123214721876e-01
8.986754536628723811e-01,1.443563930552037355e+00
8.945885539054870828e-01,1.056085851334737313e+00
8.829833745956421343e-01,1.110630552963354667e+00
8.804210186004639560e-01,1.082463130351427161e+00
8.775107800960540994e-01,1.148027326780519886e+00
8.764580309391022395e-01,1.212229815654740861e+00
8.202380299568176047e-01,1.498015754437637792e+00
8.147791624069213867e-01,1.556687336264523047e+00
8.098931431770324263e-01,1.585982212285124815e+00
8.143622577190399170e-01,1.585277202804364460e+00
8.216633737087248868e-01,1.524355114617713003e+00
8.174504905939101729e-01,1.441583162879398694e+00
8.165908873081206831e-01,1.496727637513826092e+00
8.240694493055343850e-01,1.515988908485932152e+00
8.109144926071166770e-01,1.553035518231643985e+00
7.954468011856078435e-01,1.503947758512275135e+00
8.018488228321074551e-01,1.384253533361641919e+00
8.200212717056274414e-01,1.323156737646292269e+00
8.288065969943999578e-01,1.414510424311169690e+00
8.249839395284652710e-01,1.456199984940136583e+00
8.296096146106719527e-01,1.512611791358305480e+00
8.292827606201171875e-01,1.507676912246496581e+00
8.352760851383209673e-01,1.418923427879053234e+00
8.502681851387023926e-01,1.369649070032837646e+00
8.414481878280639648e-01,1.445817901101814851e+00
8.382519870996474332e-01,1.433503548251018556e+00
8.301933705806732178e-01,1.365324918257416753e+00
8.257981240749359131e-01,1.306640415938055355e+00
8.222783684730529119e-01,1.166642385875307220e+00
8.249284714460373147e-01,1.187815234346574655e+00
8.267765045166015625e-01,1.235501120632287897e+00
8.375016570091247115e-01,1.274948133175839882e+00
8.470692217350006548e-01,1.328975453344871216e+00
8.517351210117339866e-01,1.430274267772810193e+00
8.856365323066711648e-01,1.883467001617819214e+00
8.943911790847778320e-01,7.831758386915610437e-01
8.873489916324616145e-01,1.402848649957173066e+00
8.919877171516418235e-01,1.317758406086971590e+00
9.087869644165039729e-01,4.636722831374440190e-01
9.023327469825744851e-01,1.890028364753502110e-01
9.023849368095397949e-01,8.155489752312123919e-01
9.098845243453980158e-01,1.199422424301197942e+00
8.995269179344177468e-01,6.467208323699731309e-01
9.039477109909057617e-01,1.254640489566685169e+00
9.117617487907410112e-01,9.168516283561913838e-01
9.029836416244506614e-01,1.015110288355209889e+00
9.084141254425048828e-01,1.214886568513446896e+00
9.031067252159118430e-01,1.218295331484964272e+00
8.983245432376861794e-01,9.453808247574491119e-01
8.940995156764984797e-01,8.026284827551246615e-01
8.870488107204437256e-01,1.116581469642921043e-01
8.886559545993805154e-01,9.529301374337668662e-01
8.916487753391265647e-01,4.655800219395653805e-01
9.003276586532592551e-01,6.556262349957382440e-01
8.969752848148345725e-01,-8.957627630860187651e-02
8.716688871383667658e-01,1.021841677681737615e+00
9.119997143745423029e-01,1.266193656882476759e+00
9.039052605628967729e-01,3.039105809241351430e-01
9.003677368164062500e-01,7.726454500700352668e-02
8.938446879386902078e-01,-2.787173058773917411e-01
8.940235435962676780e-01,-2.641049779009936316e-01
8.915447890758514404e-01,-1.366285903292014936e-01
8.928996920585632324e-01,-3.658716452340269321e-01
8.941986739635467973e-01,-4.072322014386386968e-01
8.934179663658142756e-01,-4.244149584037222311e-01
8.955224931240082231e-01,-3.695835716449469288e-01
8.956718504428863303e-01,-4.109293348219411612e-01
8.951539695262908936e-01,-4.792367952332754477e-01
8.937631547451019287e-01,-6.287720212785177232e-01
8.960940003395080344e-01,-4.932362424578737858e-01
8.955097258090972678e-01,-5.509077032657039297e-01
8.875252008438110352e-01,-7.675392339927831209e-01
8.944362163543700950e-01,-7.692462370277399764e-01
8.911159694194793479e-01,-7.612248582422593834e-01
8.776342868804931641e-01,-9.143193990843925256e-01
9.011859655380248801e-01,-3.170057809289215101e-01
8.916428148746490256e-01,-4.932658285131088505e-01
8.853349864482880083e-01,-5.380276575486719892e-01
8.993487060070037842e-01,-1.770959472713360405e-01
8.861906528472900391e-01,-7.118946052220711529e-01
8.922641694545746516e-01,-3.468105482685430729e-01
8.975698173046112727e-01,-2.399337325344599314e-01
8.813246250152587669e-01,-8.032342478733878188e-01
8.980000019073486328e-01,-3.062431979498545509e-01
8.942948997020722102e-01,-4.896319868175877943e-01
8.886658549308776855e-01,-5.978075929257888887e-01
8.992778539657593218e-01,-2.866004915694326804e-01
8.913571715354919878e-01,-6.475859436053288398e-01
8.911051511764526145e-01,-4.989195738657246082e-01
9.019744992256164551e-01,-1.685315332948316147e-01
8.876267194747925471e-01,-6.323524957225075127e-01
8.985459566116332786e-01,-1.519478003215017914e-01
9.009888529777526633e-01,-2.490123446608101254e-01
8.882234930992126687e-01,-6.990057585898741266e-01
9.057308912277222124e-01,-1.732222338241937720e-01
8.996826469898223655e-01,-3.641255062146133703e-01
8.930464804172516535e-01,-2.824150010212367334e-01
9.032453060150146262e-01,4.425594494174602822e-01
8.921198606491088645e-01,-1.127681857961508882e-01
9.015134692192078303e-01,-2.146123760840406014e-01
9.073884963989258257e-01,-2.047340041987721904e-01
8.984665513038635476e-01,-1.650345739181511284e-01
9.048322200775146262e-01,1.085905598955489992e-01
8.930390000343323420e-01,4.347506033705355044e-01
8.900866806507110596e-01,2.099231735827915557e-01
9.015839576721191850e-01,2.160553516640510985e-01
9.046914458274841753e-01,-1.476072638635930190e-01
8.961782097816467507e-01,-1.368182781390316904e-01
9.074577450752258079e-01,1.710336147508551008e-02
0.000000000000000000e+00,3.000000000000000000e+00
0.000000000000000000e+00,3.000000000000000000e+00
0.000000000000000000e+00,3.000000000000000000e+00
0.000000000000000000e+00,3.000000000000000000e+00
0.000000000000000000e+00,3.000000000000000000e+00
0.000000000000000000e+00,3.000000000000000000e+00
0.000000000000000000e+00,3.000000000000000000e+00
0.000000000000000000e+00,5.999999999999999778e-01
1.000000000000000000e+00,0.000000000000000000e+00
1.000000000000000000e+00,0.000000000000000000e+00
1.000000000000000000e+00,0.000000000000000000e+00
1.000000000000000000e+00,0.000000000000000000e+00
1.000000000000000000e+00,0.000000000000000000e+00
1.000000000000000000e+00,0.000000000000000000e+00
1.000000000000000000e+00,0.000000000000000000e+00
1.000000000000000000e+00,0.000000000000000000e+00
1.000000000000000000e+00,0.000000000000000000e+00
1.000000000000000000e+00,0.000000000000000000e+00
1.000000000000000000e+00,0.000000000000000000e+00
1.000000000000000000e+00,0.000000000000000000e+00
1.000000000000000000e+00,0.000000000000000000e+00
1.000000000000000000e+00,0.000000000000000000e+00
