0.000000000000000000e+00,-3.000000000000000000e+00
0.000000000000000000e+00,-3.000000000000000000e+00
0.000000000000000000e+00,-3.000000000000000000e+00
0.000000000000000000e+00,-3.000000000000000000e+00
0.000000000000000000e+00,-3.000000000000000000e+00
0.000000000000000000e+00,-3.000000000000000000e+00
0.000000000000000000e+00,-3.000000000000000000e+00
0.000000000000000000e+00,-3.000000000000000000e+00
0.000000000000000000e+00,-3.000000000000000000e+00
0.000000000000000000e+00,-3.000000000000000000e+00
0.000000000000000000e+00,-3.000000000000000000e+00
0.000000000000000000e+00,-3.000000000000000000e+00
0.000000000000000000e+00,-3.000000000000000000e+00
0.000000000000000000e+00,-3.000000000000000000e+00
0.000000000000000000e+00,-2.100000000000000089e+00
8.000000000000000444e-01,-3.141592653589793116e+00
8.000000000000000444e-01,-3.141592653589793116e+00
8.000000000000000444e-01,-3.141592653589793116e+00
8.499034047126770020e-01,-3.141592653589793116e+00
8.837382793426513672e-01,-1.931140997305384355e+00
9.209543347358704057e-01,3.338909920600263703e-01
9.198574066162109597e-01,5.427071228671853653e-01
9.119556427001953569e-01,7.743326042324927272e-01
8.963231921195984331e-01,6.820428372503983816e-01
8.757667481899261697e-01,1.636992691087746365e-01
8.752665519714355469e-01,3.439041864754801558e-01
8.832117021083831787e-01,6.801497042223791922e-02
8.915719032287597878e-01,4.904439180549253763e-01
9.025233983993530273e-01,-2.181999661615674491e-01
8.686700046062469927e-01,8.196663055002586518e-01
8.930982530117035356e-01,1.631725249734814476e+00
9.045243620872497337e-01,1.545262437605921413e+00
8.988511919975280540e-01,1.585336936675378894e-01
4.000000000000000222e-01,-3.141592653589793116e+00
5.817161202430725098e-01,-2.826317469638611080e+00
6.698113083839416504e-01,-2.544535291868431415e+00
6.551021277904510720e-01,-1.875742606905774545e+00
7.192430615425109419e-01,-1.842463069730898795e+00
7.509367227554322177e-01,-1.993707920360295871e+00
7.661120891571044922e-01,-1.977326140301972845e+00
8.053494095802307129e-01,-1.674080309353056517e+00
7.133724212646483931e-01,-1.407660129003159399e+00
7.233151197433471680e-01,-1.417281776320533426e+00
7.049477458000183994e-01,-1.078044509178119004e+00
7.007366776466370517e-01,-1.540372873844535695e+00
7.075516700744628462e-01,-1.401061502418161631e+00
6.859329044818878174e-01,-1.475059035363856630e+00
8.201433956623077615e-01,-3.141592653589793116e+00
8.236742019653320312e-01,-3.141592653589793116e+00
9.124003648757934570e-01,-2.464374777638399738e+00
9.140334963798523171e-01,-1.497218054467374992e+00
9.167725205421447532e-01,-1.603367764806028495e+00
9.004111766815185991e-01,-7.978516456092550335e-01
8.975641310214996782e-01,-1.071717400188633373e+00
9.028795957565307617e-01,-7.756735266472940538e-01
8.927877485752105935e-01,-1.143001067953807404e+00
9.034372210502624734e-01,-8.903234230070995459e-01
9.030269861221313921e-01,-7.561212637142045168e-01
8.919530749320984109e-01,-1.170015383425622613e+00
9.124725580215454768e-01,-5.736133153770150983e-01
9.116391301155090110e-01,1.149665420522270054e-01
8.964791536331176980e-01,-2.437645649268627146e-01
9.013212084770202415e-01,-6.310327329548051090e-01
8.749451458454132746e-01,-7.067520619630740519e-01
8.895138919353485774e-01,-5.722504843010591813e-01
8.891923248767853449e-01,-3.147544319283213099e-03
8.851400852203369363e-01,2.517181579402225644e-01
9.083889722824096680e-01,-4.441570964001555488e-01
8.862369120121001975e-01,-3.132863643774355111e-01
8.801115393638611062e-01,5.387852852669077208e-01
9.133308649063111018e-01,1.066379551514382129e+00
8.943338394165039062e-01,-3.079927075325228358e-02
8.934633851051331233e-01,-3.625228033872218703e-04
8.967479765415191650e-01,-4.018964125530426479e-01
8.967416644096374290e-01,-3.430233459449363309e-01
8.971280276775360774e-01,-3.774954071246519050e-01
8.960513055324554887e-01,-4.506619089745660389e-01
8.958311975002288818e-01,-5.761092174670698896e-01
8.971453905105590820e-01,-6.139847985199069491e-01
8.960491657257080300e-01,-8.314494201314222011e-01
8.913782417774200884e-01,-1.288314663522623693e+00
9.024648904800415261e-01,-6.139694437317468889e-01
9.002434134483338068e-01,-8.954987356310724067e-01
9.006281495094299316e-01,-6.640099493310915868e-01
8.924584329128265603e-01,-7.342127898126138419e-01
8.836430013179779053e-01,-1.120428405837539998e+00
8.918971538543701838e-01,-9.600837834346944710e-01
8.811286151409150058e-01,-8.674082742134587853e-01
8.927189886569977251e-01,-4.041919533829609890e-01
8.990320444107056108e-01,-2.020609602843350672e-01
8.882415592670440674e-01,-2.462172114551499646e-01
8.945663809776306374e-01,2.082161705478347002e-01
8.994863152503967951e-01,-1.157597479381502481e-01
8.929458498954773171e-01,-3.331007822303293509e-01
9.099976181983947532e-01,2.117620030917071183e-01
8.951000988483429621e-01,-1.519408719414783171e-01
8.894822835922241433e-01,-4.812602567071611048e-03
9.086424589157104936e-01,6.027046468277399427e-01
8.943800568580627663e-01,2.065934315942437038e-01
9.007420659065247248e-01,3.422690887899553225e-01
8.994111120700836182e-01,1.990789480715569049e-01
8.903960585594177246e-01,-2.175700453399795897e-01
9.067093133926391602e-01,4.155623612689463009e-01
8.992071688175201638e-01,-2.176016911838685175e-02
8.922694981098174827e-01,-1.273247122253335917e-01
9.077159404754638894e-01,4.339701307235741545e-01
8.968919157981872781e-01,-2.545486820600562083e-02
9.018057584762573242e-01,4.517775654118492135e-01
9.220875501632690430e-01,8.138045214934264138e-01
9.227727055549621582e-01,9.055377710314784778e-01
9.358779430389404519e-01,1.454744463374677999e+00
9.007756352424621804e-01,1.205878550961930529e+00
8.984505057334900568e-01,1.133497577603860051e+00
8.547425806522369607e-01,4.452607686125333863e-01
8.700376033782959428e-01,2.483408535590818644e-01
8.612023711204529475e-01,5.539030104779865127e-01
8.791210889816284402e-01,5.962893414330912023e-01
9.131858944892883301e-01,-1.106739424939395811e-01
8.810569822788238969e-01,1.304381764050424053e-01
8.772346675395965576e-01,1.147592149613643642e+00
9.242760539054870605e-01,1.897879904601651901e+00
8.994310081005096880e-01,6.568621081891028446e-01
8.980592608451843928e-01,6.293878980865446060e-01
4.000000000000000222e-01,-3.141592653589793116e+00
4.000000000000000222e-01,-3.141592653589793116e+00
6.134350478649139848e-01,-2.641241526608420820e+00
6.540093779563904697e-01,-2.683888608081973715e+00
6.184394598007202370e-01,-2.148217629635588821e+00
6.771581113338470681e-01,-2.100124560583364719e+00
7.537656664848327859e-01,-1.797246308282717253e+00
7.811234474182129350e-01,-1.681873800611821235e+00
7.855164766311646396e-01,-1.514732062898982878e+00
7.113881587982178178e-01,-1.462076000214044269e+00
7.564080715179444248e-01,-1.728898494739084413e+00
7.159441590309143510e-01,-1.228173890623747377e+00
6.990345656871795876e-01,-1.569454655366039120e+00
7.086451172828673872e-01,-1.478712351424848803e+00
6.773130893707275391e-01,-1.505154794664461448e+00
8.293941378593445712e-01,-3.141592653589793116e+00
8.382151186466217929e-01,-3.141592653589793116e+00
8.976821601390838623e-01,-3.086263359736903134e+00
9.063664555549622026e-01,-1.081023150827642887e+00
9.202912807464599387e-01,-1.179888886719523189e+00
8.987618386745452881e-01,-1.131854615270740716e+00
8.981588304042816828e-01,-1.004281417632135298e+00
8.960866451263428401e-01,-1.094862496297645649e+00
8.866606831550598589e-01,-9.210333738341041077e-01
8.981440484523773859e-01,-8.145887392106705427e-01
8.858318269252777322e-01,-7.428170887876315298e-01
8.962108016014099787e-01,-3.772122798112631514e-01
8.974171817302704079e-01,-6.878943223139528662e-01
8.996284186840057817e-01,-4.519007782241590832e-02
9.034590363502502663e-01,-3.704923129491000111e-02
8.904556512832642046e-01,1.724754668097805421e-02
8.924884736537933572e-01,5.591517264795045072e-01
8.970077931880950928e-01,1.988336459680253299e-01
9.004576563835143821e-01,7.319706162342272115e-01
9.018633723258971946e-01,7.441705571878802772e-01
9.053695559501647727e-01,4.493799714167212578e-01
9.082775950431823953e-01,3.103273843468969950e-01
9.049961328506469505e-01,2.136476459791594174e-01
8.936229944229125977e-01,3.478548611169363092e-01
8.854715287685394065e-01,5.580723972239658437e-01
8.781675100326538086e-01,1.060790408624145975e+00
8.347189813852309292e-01,1.508458508414542987e+00
8.232696145772934182e-01,1.595862456705534616e+00
8.185798168182372159e-01,1.650303607140829021e+00
8.122639119625091331e-01,1.676994348540199686e+00
8.088398754596709539e-01,1.743892539004069819e+00
8.144933104515075240e-01,1.542399893135168343e+00
8.142799586057662964e-01,1.395649782232579517e+00
8.062337160110473189e-01,1.599984468312434904e+00
8.025992155075072354e-01,1.696850898433776456e+00
8.094475388526916060e-01,1.758952215625763538e+00
8.004827380180358221e-01,1.845885970342734161e+00
7.942503482103346890e-01,1.866066468815783974e+00
7.997801423072814497e-01,1.815324324298933423e+00
8.040970325469970481e-01,1.657262696740558372e+00
7.980060219764708584e-01,1.522486886307076404e+00
7.895530760288238525e-01,1.440747824952792300e+00
8.082836925983428733e-01,1.356373919400957195e+00
8.233195662498473677e-01,1.536576496098735811e+00
7.984829723834990789e-01,1.496331783584921027e+00
8.090801030397414273e-01,1.569389865650144378e+00
8.306152194738387617e-01,1.560662353862818597e+00
8.425703346729278564e-01,1.668259159358793653e+00
8.254932641983031560e-01,1.479358937809195584e+00
8.293473392724990401e-01,1.280468179519355543e+00
8.422613441944122314e-01,9.917225116918640948e-01
8.058688819408416082e-01,1.132689953197347110e+00
7.802734017372130459e-01,1.441626605694680485e+00
7.995202183723448819e-01,1.807408181988403140e+00
7.852730304002761841e-01,1.994016233271337590e+00
6.472069382667541282e-01,-1.874319292944749193e+00
5.994194865226745161e-01,-2.246427510094172408e+00
5.857118606567383035e-01,-2.297173680561576781e+00
5.808905720710754172e-01,-2.439794383343456552e+00
5.893850564956665261e-01,-2.454963696897682901e+00
6.298019945621490256e-01,-2.282027118309319480e+00
5.544900178909302202e-01,-2.462626578830330537e+00
6.560417413711547852e-01,-1.954676891498419833e+00
6.687279820442200151e-01,-1.706619352506241194e+00
7.418021559715270996e-01,-1.782568441576367624e+00
7.459040403366088423e-01,-1.560091417898186839e+00
7.033226490020751953e-01,-1.586273204246108071e+00
7.043424963951110396e-01,-1.700142066198410129e+00
6.874232292175292969e-01,-1.775374348816384895e+00
7.165961146354675737e-01,-1.759857118232875051e+00
7.134831428527832475e-01,-1.785561688999994567e+00
6.618044316768646462e-01,-1.840278663861626418e+00
6.807712972164154941e-01,-1.806929093872460035e+00
7.965027332305907315e-01,1.646142085042443970e+00
7.885907083749770230e-01,1.659509738910312615e+00
7.916286051273345725e-01,1.673821524996506493e+00
8.088328033685683316e-01,1.596920251806946522e+00
8.289089143276213711e-01,1.553903625523225696e+00
8.418693214654922041e-01,1.576627213971894870e+00
8.401743441820144209e-01,1.530372131787772760e+00
8.188232362270354558e-01,1.245612716769425532e+00
8.138451009988784124e-01,1.241011710673339374e+00
8.153845816850662231e-01,1.390620620976398047e+00
8.115231752395629661e-01,1.569139788582002204e+00
8.193454623222350408e-01,1.696824682941796114e+00
8.223074346780776533e-01,1.638433606879101667e+00
8.072010189294814841e-01,1.563380244993893609e+00
7.844042450189590010e-01,1.512797546844338648e+00
8.019793927669525146e-01,1.433171079636651912e+00
8.265223741531371182e-01,1.532828148879314289e+00
8.153180360794066717e-01,1.487862588020359755e+00
8.198587656021117942e-01,1.596200449298568635e+00
8.277908891439437200e-01,1.593223118423644058e+00
8.391894459724426047e-01,1.584007062217910766e+00
8.240513980388640691e-01,1.453906878405902159e+00
8.316623806953429288e-01,1.139043464932327554e+00
8.381435275077819824e-01,1.014128143673513005e+00
8.028474986553191250e-01,1.338591670310334880e+00
7.939706563949584517e-01,1.613145768807714431e+00
8.026892215013503584e-01,1.869036309550142549e+00
6.697723984718322310e-01,-1.525741820516722580e+00
6.693746805191040927e-01,-1.612730066006309970e+00
6.547287821769713911e-01,-1.689358229945487677e+00
6.393960058689117654e-01,-1.674745246581789804e+00
6.242320477962494119e-01,-1.975614830436190905e+00
5.902323842048644575e-01,-2.261545141678494186e+00
6.022441387176513672e-01,-2.313347796472711604e+00
6.702917456626892312e-01,-1.731354511830625942e+00
6.967365026473999468e-01,-1.798015826599101086e+00
7.548523902893067294e-01,-1.770391251924683385e+00
7.192893385887146884e-01,-1.650459027557570568e+00
7.067770481109618697e-01,-1.594812058117931697e+00
6.917664229869842085e-01,-1.724689503874863306e+00
7.000173807144165483e-01,-1.712067868007352889e+00
7.409047603607177290e-01,-1.756298177943012462e+00
6.755422055721282959e-01,-1.836402047985014718e+00
6.613276958465577060e-01,-1.899452365986694646e+00
8.176071584224700040e-01,1.239148444580827624e+00
8.180414974689482754e-01,1.279722723279539620e+00
7.993788301944732000e-01,1.146741082391849353e+00
8.153375983238220215e-01,1.060268158573192565e+00
8.360936403274535911e-01,1.104804347124209718e+00
8.302127182483672874e-01,1.485309760862004724e+00
8.393248260021208829e-01,1.557886226888844039e+00
8.171275615692138450e-01,1.285481049719806368e+00
8.103691548109054343e-01,1.305177778739059269e+00
8.096698045730590376e-01,1.372592414394944615e+00
8.099035501480101873e-01,1.569997222423277661e+00
8.107229292392730269e-01,1.784770542902726964e+00
8.206881940364837424e-01,1.667481121007516220e+00
8.072572469711303267e-01,1.572763612214516549e+00
7.780455052852630615e-01,1.595705351007166151e+00
8.019769340753555298e-01,1.462078621763242214e+00
8.282111018896102239e-01,1.553406373816410557e+00
8.182184427976607610e-01,1.473185563954823918e+00
8.256213128566741721e-01,1.629157629548841690e+00
8.304801881313323975e-01,1.659301138495553829e+00
8.407317429780960527e-01,1.626918452026681283e+00
8.307443857192993164e-01,1.431165219993117965e+00
8.388405084609984463e-01,1.110454441033299933e+00
8.357191145420074241e-01,1.068454320451121653e+00
7.953684449195861372e-01,1.376543369916672477e+00
7.893275916576385498e-01,1.568255296607932614e+00
8.021923333406447698e-01,1.822251019040715514e+00
6.767300486564635786e-01,-1.543056403955764821e+00
6.741105496883392778e-01,-1.621814389364841347e+00
6.533830642700195757e-01,-1.687109034360320559e+00
6.389199316501616988e-01,-1.724520320324832046e+00
6.320971965789794478e-01,-1.932316013106651686e+00
5.934417366981505904e-01,-2.301335202659962054e+00
5.957515120506287065e-01,-2.425487372221873716e+00
6.414599657058716042e-01,-1.953123436345062913e+00
6.566204905509949175e-01,-1.906481956534499922e+00
7.587392687797547275e-01,-1.573353928917862410e+00
7.281266450881958008e-01,-1.561615661503336749e+00
7.456149339675903764e-01,-1.575390498137716477e+00
7.588379025459289773e-01,-1.543269498454863164e+00
6.147627234458923340e-01,-1.613990843917056273e+00
6.958898365497590000e-01,-1.379122693447279113e+00
6.363462805747985840e-01,-1.560957090894084631e+00
6.731516420841217041e-01,-1.668504929596110742e+00
8.445473074913025791e-01,-3.141592653589793116e+00
8.940267682075501154e-01,-3.141592653589793116e+00
9.033868908882141113e-01,-1.885595699566633199e+00
9.048487901687621848e-01,-1.137940541734006494e+00
9.217754364013671653e-01,-1.013179704624362465e+00
8.883554458618164729e-01,-1.261716799866269501e+00
9.063730835914611816e-01,-8.463413176044412012e-01
8.986502230167389138e-01,-9.702486531966063588e-01
8.843535602092743586e-01,-8.685484608610951618e-01
9.016552567481994629e-01,-4.255811732898244770e-01
8.942319571971893977e-01,-3.258941434848989793e-01
9.033014178276062012e-01,1.664365409785637517e-01
9.056201338768005149e-01,1.726949279283580552e-01
9.119916796684265359e-01,9.388434300715768899e-01
9.041739106178283691e-01,8.473494905246043984e-01
8.958194971084595393e-01,1.095365646490156664e+00
8.843325972557067871e-01,7.366347267645805275e-01
8.835132122039794922e-01,5.743409825329872653e-01
8.825451791286468284e-01,9.417364968651362744e-01
8.845494449138641135e-01,9.173740656606588217e-01
9.111320257186890093e-01,-8.863139507622008750e-02
8.860245168209076594e-01,1.168754043754334226e-01
8.790746212005615678e-01,9.463305745811991798e-01
9.099535703659057395e-01,1.086288719645433609e+00
8.972626566886902078e-01,3.862141179968148208e-02
8.969597041606903742e-01,-5.620770008774966797e-02
8.938584506511688677e-01,-1.925776933139151659e-01
8.940579593181610107e-01,-1.832442291548121993e-01
8.921222925186157449e-01,-7.920711296275628754e-02
8.904816567897796409e-01,-3.002422845820085229e-03
8.941425144672393577e-01,-3.830963469862789239e-01
8.943715274333954302e-01,-4.059742323306045897e-01
8.920585513114929199e-01,-6.545332362336666598e-01
8.868522763252258967e-01,-9.907463591226197686e-01
8.912653386592864768e-01,-4.378406608609761719e-01
8.908203601837157981e-01,-2.593689620212078495e-01
8.980822622776031272e-01,-1.323983461911248938e-01
8.937809050083160844e-01,-3.783841123027897879e-01
8.969720184803009477e-01,-1.577395515140436189e-01
8.960790574550628884e-01,-4.073033577740141631e-01
8.826299309730529785e-01,-4.072606639727891498e-01
8.971310317516326682e-01,1.775279411284711450e-01
8.993195116519928645e-01,1.910903386510520718e-01
8.903711199760436790e-01,2.929540033044131242e-01
8.996062517166137917e-01,8.072083292041125624e-01
8.997797489166260432e-01,3.355077389011644762e-01
8.998304307460784912e-01,2.004904650611911698e-01
9.129662752151489480e-01,6.199911422396602312e-01
8.966050028800964800e-01,1.483208870060042095e-01
9.021493077278137651e-01,4.316560517957555021e-01
9.103747367858886497e-01,6.957531650491546316e-01
8.968775093555451106e-01,3.887184464950044216e-01
9.050633192062378374e-01,5.546254345355627891e-01
8.993390202522277832e-01,2.323598896477889753e-01
8.922359228134155718e-01,-3.025455028060175522e-03
9.091854453086852805e-01,4.790124655233283235e-01
8.964815974235534890e-01,-1.649422579356762952e-02
8.942984759807587336e-01,2.171766257067586636e-02
9.074327111244201438e-01,4.084523453368151813e-01
8.951349079608917902e-01,-5.940411757422525696e-02
9.060729026794434038e-01,4.104630735717171852e-01
9.234811305999756081e-01,7.345723165597743964e-01
9.190996408462523970e-01,9.503318076714748486e-01
9.330424427986144797e-01,1.327928144440251756e+00
8.961053371429443803e-01,9.483656457729399136e-01
8.907985150814056174e-01,8.995628859021014279e-01
8.506215095520019975e-01,3.138593601307229086e-01
8.703514337539672852e-01,1.798802197731759200e-01
8.659699559211730957e-01,4.329563401979865667e-01
8.779730677604675737e-01,7.148035885643322374e-01
9.113130569458007812e-01,-1.505166217128826034e-01
8.770981192588807041e-01,1.491878707765010859e-01
8.785896718502045344e-01,1.109314535265935042e+00
9.193526029586791548e-01,1.577742683155664238e+00
8.956610262393951416e-01,3.498491110425936412e-01
8.941087365150451882e-01,4.537871701256661616e-01
8.949349224567413330e-01,-2.342513373941796928e-01
8.956756174564362016e-01,-2.167822698059667097e-01
8.968864679336547852e-01,-4.163538818732424041e-01
8.981239080429077593e-01,-5.192051215602107028e-01
8.988873660564422607e-01,-5.326813824662841590e-01
8.990602791309356689e-01,-5.442287449231373309e-01
8.992886662483215998e-01,-6.194256366269388359e-01
9.002184867858886719e-01,-9.909721868606804485e-01
8.986439943313598855e-01,-1.132495584049663329e+00
8.984424352645874468e-01,-1.133224561980234579e+00
9.039208889007568359e-01,-7.122644309125099049e-01
8.953932523727416992e-01,-6.541941201195480282e-01
8.803308963775635654e-01,-1.042351929593198445e+00
8.922097802162171076e-01,-1.038627082689802528e+00
8.822738349437714289e-01,-9.848501204691846311e-01
8.852055490016937922e-01,-7.092612590526332639e-01
9.020276784896851252e-01,-1.630989343424218418e-01
8.885365128517150879e-01,-4.956748449725996153e-01
8.998582005500793679e-01,9.266315048930184872e-02
8.992326915264129417e-01,5.662770971997943548e-02
8.906225979328156184e-01,-4.635374606072586445e-01
9.076265096664428711e-01,1.149287168423693828e-01
8.956236779689789040e-01,-2.112620362089367987e-01
8.858408391475677268e-01,-4.775736095206291054e-01
9.090199947357178178e-01,3.882836438351566777e-01
8.923147916793823242e-01,-1.673544577049086435e-01
8.968235611915588157e-01,7.162821423120302455e-03
9.021910071372986062e-01,1.006004524469310546e-01
8.868168950080871360e-01,-4.310508484380348726e-01
9.024871230125427468e-01,3.047378669496332293e-01
8.985151708126067893e-01,1.266695121793359746e-01
8.844900429248809814e-01,-3.168698348776510798e-01
9.057850599288940208e-01,5.430655260932613082e-01
8.948338747024536799e-01,8.813348798210540735e-02
8.890407443046569602e-01,2.320546664197307152e-01
9.073254346847534624e-01,6.266506262167554908e-01
8.945454955101013184e-01,-2.337111110058742725e-03
9.017479658126831277e-01,6.476020474075454558e-01
9.070305943489075373e-01,7.809340396202029133e-01
8.931940972805023637e-01,6.113684924202562598e-01
8.974619626998902033e-01,9.418192629183890219e-01
8.960875570774078369e-01,4.818879304865575364e-01
8.999139606952667458e-01,9.686556875517648990e-01
9.069163918495178889e-01,7.223199446221606479e-01
9.059927225112914817e-01,5.487089725025993125e-01
9.106284618377685769e-01,3.711825294022412791e-01
9.065700292587280940e-01,2.802919206778473615e-01
8.963382303714751975e-01,4.161694371618085420e-01
8.881182074546813965e-01,5.202029955370957026e-01
8.828740358352661355e-01,9.503868602046336989e-01
8.204172015190124290e-01,1.582773436066715611e+00
8.152819961309432095e-01,1.614821875012837138e+00
8.101027041673659612e-01,1.626167003674412692e+00
8.084845721721648504e-01,1.674887746506054986e+00
8.163627564907073308e-01,1.709198769663605066e+00
8.118082940578460471e-01,1.666751581316402664e+00
8.000509738922119141e-01,1.458457513306683051e+00
8.082944035530089666e-01,1.341883212581996832e+00
7.857948720455169012e-01,1.560980029449567485e+00
7.811826169490814209e-01,1.701092565036216087e+00
7.830156475305556363e-01,1.745511345633863787e+00
7.980654776096343106e-01,1.700677798502382210e+00
8.100650727748870406e-01,1.629600296856283270e+00
8.149039030075072576e-01,1.544668188578778301e+00
8.270926028490066528e-01,1.513011952118035852e+00
8.320259988307951993e-01,1.463130050245173175e+00
8.292869985103606956e-01,1.449368883117326146e+00
8.377592206001280850e-01,1.401713519154418774e+00
8.379570692777633667e-01,1.465316141396072913e+00
8.213216602802275723e-01,1.463017791763442377e+00
8.202034115791320135e-01,1.272325179576436982e+00
8.071703165769577026e-01,1.218831063788937019e+00
8.130281627178191917e-01,1.219303317151613664e+00
8.125176668167113370e-01,1.123601603888261469e+00
8.214186042547225730e-01,1.231662236338776806e+00
8.308381736278533936e-01,1.397153334324416463e+00
8.349520742893219438e-01,1.440094965575721586e+00
8.361272484064101729e-01,1.267901221677976142e+00
8.521585345268249956e-01,1.202346668804861851e+00
8.855738818645477739e-01,-7.050062974506889901e-01
8.816807806491852029e-01,-7.279862359602242705e-01
8.972667694091797097e-01,-3.430592986196523420e-01
8.905680358409882036e-01,-5.775793448066317559e-01
8.896755874156951904e-01,-2.316453302378067569e-01
9.011969447135925737e-01,-8.841062318304171441e-02
8.854750931262970193e-01,-5.659027774250171561e-01
8.979745328426361750e-01,1.214368999800345961e-01
8.978681623935699241e-01,-1.439563820982847631e-01
8.818893909454346147e-01,-4.542478137704657470e-01
9.047036170959472656e-01,3.614019038513571758e-01
8.930003166198731135e-01,-2.241403966443415996e-01
8.875203073024749978e-01,2.787482027072258894e-01
9.067096471786498801e-01,6.605936962190082085e-01
8.896437227725982888e-01,1.222615644563345150e-01
8.933317899703979714e-01,1.025138837558823290e+00
9.034434556961059570e-01,5.637401865901430220e-01
8.885486781597137229e-01,2.762038019570076663e-01
9.021177530288696511e-01,6.151307900264817441e-01
9.020474314689636008e-01,7.269087792398272185e-01
8.971971035003661887e-01,1.193849759720206904e-01
9.107849001884460449e-01,5.259411922245917914e-01
9.010292053222656028e-01,3.473249336719028690e-01
8.948770582675934504e-01,4.268840832412537090e-01
9.105487823486327903e-01,9.531495985523470438e-01
8.981958925724029541e-01,5.647783200725693398e-01
9.015336751937866877e-01,6.803579301301110327e-01
9.059684395790100764e-01,6.658705002476481560e-01
8.926433145999909113e-01,3.983062009263176328e-01
9.074921965599059837e-01,1.046587604083185852e+00
9.032841205596924272e-01,7.757351330534478784e-01
8.919900655746459961e-01,5.690810313206204896e-01
9.097955822944641113e-01,1.166516738767315431e+00
8.990075945854186790e-01,5.393717632732135669e-01
8.946324944496154563e-01,6.709270941436522584e-01
9.096507430076599121e-01,1.074091774748007211e+00
8.919406712055206743e-01,3.734333166422785233e-01
8.941870331764221191e-01,9.788583825235344094e-01
9.098510861396790217e-01,6.573223773268743741e-01
8.924194693565369318e-01,-5.573282517587507812e-02
8.967751145362854448e-01,7.253122557782165636e-01
9.050852417945861594e-01,5.188300527713756161e-01
8.906443536281586359e-01,4.278581760218420627e-01
9.054053902626038042e-01,9.258630164709629184e-01
9.058798551559448242e-01,7.806943551220957289e-01
9.004548311233521174e-01,1.999897491643642944e-01
9.121941804885864702e-01,5.418180431820194265e-01
9.050955891609192561e-01,3.077788640193674929e-01
8.960566937923432063e-01,4.573884297097259299e-01
9.120042920112609863e-01,8.165309326593948036e-01
8.991398930549622248e-01,4.602436712934268037e-01
9.012551426887512873e-01,5.999950884780447247e-01
9.065584182739258035e-01,5.397893386097596391e-01
8.916658103466034158e-01,2.126525808049866129e-01
9.071772575378418413e-01,7.872066578370722212e-01
9.051447987556457964e-01,7.470595044041279387e-01
8.912096202373505083e-01,4.537609546336858202e-01
9.101624608039856623e-01,1.104048966448144320e+00
9.001777052879333940e-01,4.417010793086140197e-01
8.967371463775635210e-01,4.885979729124723114e-01
9.123507618904114214e-01,9.307675605134804186e-01
8.950287461280822532e-01,4.033429459498223402e-01
8.947945475578308328e-01,8.155508477663535594e-01
9.084782481193542925e-01,1.145300541107522996e+00
9.011261105537414773e-01,5.255528284362522840e-01
8.945316672325134277e-01,7.572082703638232104e-01
9.025104999542236106e-01,9.933124812804789983e-01
9.025121927261352539e-01,7.407337061892409480e-01
8.937899649143219438e-01,1.092552349693623803e+00
8.904113113880157693e-01,1.733343612284643953e+00
8.941918611526489258e-01,1.138277410805955014e+00
8.843939602375030518e-01,9.696601154016448731e-01
8.802777171134948953e-01,8.247693382677709906e-01
8.757089257240295854e-01,1.097612688659911129e+00
8.717685520648956743e-01,1.499281213686237457e+00
0.000000000000000000e+00,3.000000000000000000e+00
0.000000000000000000e+00,1.199999999999999956e+00
1.000000000000000000e+00,0.000000000000000000e+00
1.000000000000000000e+00,0.000000000000000000e+00
1.000000000000000000e+00,0.000000000000000000e+00
1.000000000000000000e+00,0.000000000000000000e+00
1.000000000000000000e+00,0.000000000000000000e+00
1.000000000000000000e+00,0.000000000000000000e+00
1.000000000000000000e+00,0.000000000000000000e+00
1.000000000000000000e+00,0.000000000000000000e+00
1.000000000000000000e+00,0.000000000000000000e+00
1.000000000000000000e+00,0.000000000000000000e+00
1.000000000000000000e+00,0.000000000000000000e+00
1.000000000000000000e+00,0.000000000000000000e+00
1.000000000000000000e+00,0.000000000000000000e+00
1.000000000000000000e+00,0.000000000000000000e+00
1.000000000000000000e+00,0.000000000000000000e+00
1.000000000000000000e+00,0.000000000000000000e+00
1.000000000000000000e+00,0.000000000000000000e+00
1.000000000000000000e+00,0.000000000000000000e+00
1.000000000000000000e+00,0.000000000000000000e+00
1.000000000000000000e+00,0.000000000000000000e+00
