5.935024023056030273e-01,3.880754179274261695e-01
5.961870551109313965e-01,5.076158143161881853e-01
6.057986021041870117e-01,6.015077223653175764e-01
6.131162047386169434e-01,4.947638566262781978e-01
6.165996789932250977e-01,4.093777522037260752e-01
6.223794817924499512e-01,4.738480136031761880e-01
6.299769878387451172e-01,5.519035174539337341e-01
6.362371444702148438e-01,4.882946222195556629e-01
6.384226083755493164e-01,4.613278691403333021e-01
6.382970213890075684e-01,4.915932801247548944e-01
6.417126059532165527e-01,5.838474689391612849e-01
6.360639333724975586e-01,5.066346059020623294e-01
7.304768860340118408e-01,6.954273439345404206e-01
7.304914742708206177e-01,5.591970418299276879e-01
7.401663959026336670e-01,4.858524618880606383e-01
7.312307208776473999e-01,5.185967348927493781e-01
6.911996006965637207e-01,1.221942280926476165e+00
7.261833548545837402e-01,6.630920326047466951e-01
7.559347748756408691e-01,-3.847481102345624571e-01
7.664954364299774170e-01,-1.509649066257483518e-01
7.626851201057434082e-01,1.235006584101427940e+00
7.557469010353088379e-01,-1.729847963682562551e-02
7.598748803138732910e-01,-1.430339712876005365e-01
7.685038447380065918e-01,4.834279033868957853e-01
7.555972635746002197e-01,1.244674108529766343e-01
7.451452612876892090e-01,8.458540839606332185e-02
7.320678979158401489e-01,2.764273826528995670e-02
7.159137874841690063e-01,-2.686629156888260539e-01
7.134441286325454712e-01,-2.576894852528308633e-01
7.037707269191741943e-01,-1.777578884438435480e-02
7.489141970872879028e-01,-8.774549870079439984e-02
7.486291825771331787e-01,-6.070919966641854515e-01
7.220690548419952393e-01,-4.855889961936572519e-01
7.383434474468231201e-01,-3.180040294128345657e-01
7.560991346836090088e-01,-5.191103712820526184e-01
7.687307298183441162e-01,-7.837484599378203853e-01
7.627806663513183594e-01,-3.006497482287935341e-01
7.552018761634826660e-01,-1.933654688479284900e-01
7.179643660783767700e-01,-5.750008639168386892e-01
7.572816610336303711e-01,-1.111227891673480794e+00
7.656868398189544678e-01,-8.808227414598639449e-01
7.415628582239151001e-01,1.112848102704630637e+00
7.177066653966903687e-01,1.174724902933156567e+00
7.283459156751632690e-01,2.204376643809660585e+00
7.035188078880310059e-01,2.302241509668429664e+00
6.686354726552963257e-01,5.384115740660502247e-01
5.688444226980209351e-01,1.160540449236582283e+00
5.847448036074638367e-01,1.526542891050239881e+00
7.172336131334304810e-01,1.454089263328680826e+00
7.034605592489242554e-01,1.541764073827884829e+00
6.240036711096763611e-01,2.122919118113895109e+00
6.071731895208358765e-01,3.134099891474747324e+00
6.449981033802032471e-01,1.042702468171680330e+00
7.374684661626815796e-01,1.309319920098730439e+00
7.414557039737701416e-01,8.712573638234908380e-01
7.022643834352493286e-01,1.406811215196777543e+00
7.136282324790954590e-01,1.752863854866814286e+00
6.741416454315185547e-01,1.135484524642464965e+00
6.851007491350173950e-01,6.740061036767581726e-01
6.957919895648956299e-01,1.141403795478140193e+00
7.210939824581146240e-01,8.718174390843023147e-01
6.690433472394943237e-01,1.190008441131011896e+00
6.318634599447250366e-01,1.701271485768983016e+00
6.820288598537445068e-01,1.733358967072804013e+00
6.751782745122909546e-01,1.221913069378269157e+00
6.483430862426757812e-01,1.334499712892455392e+00
6.297695487737655640e-01,1.158593106316218702e+00
6.110959649085998535e-01,5.278757550926145292e-01
6.154687926173210144e-01,5.636299878970678634e-01
6.195430457592010498e-01,7.041130981882117723e-01
6.674715280532836914e-01,5.062092127313007062e-01
7.147158682346343994e-01,6.036840763334816451e-01
7.079226374626159668e-01,6.888242232652030950e-01
6.411506980657577515e-01,1.090214770449779991e+00
6.050881519913673401e-01,1.485121477453530847e+00
6.496371179819107056e-01,1.081970372728951357e+00
6.466201692819595337e-01,9.410822330867092411e-01
7.008966356515884399e-01,1.610847419175083228e-01
7.036914974451065063e-01,-6.309507159156124700e-03
7.513253390789031982e-01,2.337852633974697447e-01
7.410535961389541626e-01,1.228546899623925714e-01
5.000000000000000000e-01,-3.141592653589793116e+00
5.000000000000000000e-01,-3.141592653589793116e+00
5.579697340726852417e-01,-3.141592653589793116e+00
7.272336035966873169e-01,-1.578916762689360542e+00
7.594550549983978271e-01,1.039017319013284535e-01
7.421825975179672241e-01,-3.756693108546982351e-01
7.119707912206649780e-01,4.852457605022268972e-01
7.197412550449371338e-01,-4.896698120274445287e-02
7.169765233993530273e-01,-1.485294874207454541e-03
7.267245352268218994e-01,3.704425035143357192e-01
7.289750576019287109e-01,4.815366428940190957e-01
7.350585460662841797e-01,7.910513469895219529e-01
7.536314129829406738e-01,4.110813846754268752e-02
7.753328084945678711e-01,-6.932218720449245808e-02
7.659813463687896729e-01,3.312379842716031142e-01
7.520103752613067627e-01,6.495090371956102615e-01
7.234886288642883301e-01,1.137254257604660701e+00
7.258602678775787354e-01,5.264314219246264415e-01
7.244530171155929565e-01,-4.699838500852555612e-01
7.186606526374816895e-01,-5.153596833937044153e-01
7.397537529468536377e-01,-3.313769263791010999e-02
7.194528579711914062e-01,-4.236002183636720098e-01
7.069447636604309082e-01,1.939980112187140726e-01
7.467882782220840454e-01,-2.918561359509741493e-01
7.694362103939056396e-01,-8.014918539242574802e-01
7.656959295272827148e-01,-7.489039515184678919e-01
7.717423439025878906e-01,-5.401271439492782989e-02
7.222101241350173950e-01,1.853435283019067015e-02
7.296928465366363525e-01,-8.232428476204511902e-01
7.624298632144927979e-01,-1.186958268639084491e+00
7.714558243751525879e-01,-1.239624068506758992e+00
6.241437494754791260e-01,1.430628083287790453e-01
6.039035916328430176e-01,9.616276886588295270e-01
5.329032242298126221e-01,2.952086854175446362e+00
5.000000000000000000e-01,3.048113452285842406e+00
6.230873167514801025e-01,3.141592653589793116e+00
6.841252446174621582e-01,1.679247570075920848e+00
7.167282402515411377e-01,1.414363243049052699e-01
7.657869160175323486e-01,-6.937149105476736466e-01
7.526055872440338135e-01,-6.520199195667966130e-01
7.512802183628082275e-01,-7.579016701267065059e-01
7.627913355827331543e-01,-7.427440599171144520e-01
7.470872849225997925e-01,-6.372971120170518589e-01
7.430163025856018066e-01,-6.122459623875453616e-01
7.440095245838165283e-01,-4.769751472894179223e-01
7.208706140518188477e-01,3.772971056531710943e-01
7.066605985164642334e-01,4.819530947094805562e-01
7.204649597406387329e-01,-1.737064714117755315e-01
7.374223917722702026e-01,-4.004088706366655259e-01
7.182158827781677246e-01,3.543525580578092971e-01
7.198544293642044067e-01,8.200145970365708692e-01
7.484342008829116821e-01,-5.403280669699581651e-01
7.485562115907669067e-01,-3.993975144067620775e-01
7.310478240251541138e-01,-3.523925755252412806e-01
6.998637914657592773e-01,7.066400843616147398e-01
7.277754396200180054e-01,-1.386293941278538000e-02
7.265644222497940063e-01,-5.303637457216967555e-01
7.363294810056686401e-01,-2.530624509182781701e-01
7.074413895606994629e-01,8.093497603918882177e-01
7.301819324493408203e-01,-1.337752212806417873e-01
7.345557212829589844e-01,-5.461636354848100616e-01
7.392202913761138916e-01,-1.493043424623001769e-01
7.457307130098342896e-01,-1.190054130988462688e-01
7.440798282623291016e-01,2.731796577035465745e-01
7.543323338031768799e-01,1.202703105869038502e-01
7.551364302635192871e-01,-2.916480972967576690e-01
7.641072273254394531e-01,2.215003093483942642e-01
7.435618042945861816e-01,9.384876483946991144e-01
7.545444369316101074e-01,-7.376187439814190228e-01
7.527409195899963379e-01,-1.398244460551345547e-01
7.494876086711883545e-01,1.589902177350261958e-01
7.291433066129684448e-01,8.573184931107196149e-01
7.622553110122680664e-01,-4.083688302695063221e-01
7.453760355710983276e-01,-3.513849643656206112e-01
7.313175350427627563e-01,-3.255776850459919380e-01
6.776430457830429077e-01,4.436354081097442226e-01
6.633039116859436035e-01,9.511287586276813144e-01
7.204106301069259644e-01,-2.349417411008367651e-01
7.177802771329879761e-01,-8.889692055927942427e-01
7.271573394536972046e-01,-6.814861325528420721e-01
7.302354276180267334e-01,-4.958810110916722635e-02
6.857897490262985229e-01,-6.564007155302467034e-01
7.205630838871002197e-01,-1.997521244549127495e-01
7.505541145801544189e-01,-4.226809908627280343e-01
7.739127278327941895e-01,-7.039571160109279191e-01
7.658611238002777100e-01,-6.232074085986352152e-01
7.688826322555541992e-01,-9.416979226412269810e-03
7.129792869091033936e-01,-2.837613537879479786e-01
7.369803488254547119e-01,-9.183266242871210849e-01
7.645311355590820312e-01,-1.194021845699707374e+00
7.532074749469757080e-01,-1.118535834570064225e+00
6.301184743642807007e-01,1.021767525290135481e+00
5.767636895179748535e-01,2.865610185286506351e+00
5.697453469038009644e-01,2.070597677458735575e+00
6.612664163112640381e-01,2.781778659538395537e+00
6.763243973255157471e-01,-2.045980581475022042e-01
7.261257916688919067e-01,-1.260163719219939971e-01
7.410051822662353516e-01,-2.562569958696121475e-01
7.721154987812042236e-01,-9.356496341343012446e-02
7.672859728336334229e-01,-3.810328132603877371e-01
7.612697482109069824e-01,-3.674588060199290851e-02
7.654423117637634277e-01,-1.324762436530102505e-02
7.707528471946716309e-01,-1.950224751946079138e-01
7.453252375125885010e-01,-3.447048825019689566e-01
7.271323800086975098e-01,2.987202880190311660e-01
7.093436717987060547e-01,4.428987527850929418e-01
7.302787005901336670e-01,1.091148697351584929e-01
7.510379850864410400e-01,-1.265328171140112090e-02
7.383263707160949707e-01,6.219752804755533937e-01
7.513667941093444824e-01,-1.907944780987009814e-01
7.381531596183776855e-01,-4.279386950329251427e-01
7.333927601575851440e-01,-1.964472871837465995e-01
7.173078656196594238e-01,3.512789788766137455e-01
7.244981229305267334e-01,-2.042557587236428773e-01
7.242379933595657349e-01,-3.599115531322674144e-01
7.352978438138961792e-01,-6.084522061909414248e-02
7.284861803054809570e-01,2.624286844423568965e-01
7.259826660156250000e-01,-3.448850203825779559e-01
7.289985120296478271e-01,-2.798816482283528195e-01
7.353914082050323486e-01,2.569608818292876684e-01
7.287423163652420044e-01,1.773605364868244827e-01
7.113390266895294189e-01,5.932827990099598381e-02
7.108767181634902954e-01,-3.404081633663702533e-02
7.213591337203979492e-01,-2.165334098856663836e-01
7.280262708663940430e-01,-1.919779203081040109e-02
7.213292717933654785e-01,6.353137227952152521e-01
7.340424507856369019e-01,-3.680394791672974009e-01
7.388273179531097412e-01,-1.462693375050205802e-02
7.493758797645568848e-01,-2.603095364227643316e-01
7.167259752750396729e-01,1.825796664331074126e-01
7.391036003828048706e-01,-5.574911623160572205e-02
7.445126175880432129e-01,-4.506740804529854039e-01
7.319616377353668213e-01,-1.711244327052137137e-01
7.271083593368530273e-01,2.776003386655099270e-01
7.115448713302612305e-01,3.345909456959046402e-01
7.192532420158386230e-01,-1.703735461134874285e-01
7.170487195253372192e-01,-1.962341926846500328e-02
7.190032154321670532e-01,-4.344618584517219162e-01
7.042634785175323486e-01,-3.571606117559458227e-01
7.362362146377563477e-01,-5.459769437312056439e-02
7.231944203376770020e-01,-5.919877537061251083e-01
6.955631822347640991e-01,-4.932051583745256096e-02
7.425481081008911133e-01,-2.825513215795352195e-01
7.650866210460662842e-01,-5.146672198983917035e-01
7.663432657718658447e-01,-5.996250755340915006e-01
7.623074054718017578e-01,1.435672692958886998e-01
7.469523847103118896e-01,8.851024205256763366e-02
7.177286893129348755e-01,-3.529140765621385789e-01
7.500120699405670166e-01,-6.515609612036241671e-01
7.422180771827697754e-01,-4.624319158597391954e-01
4.763666838407516479e-01,-2.339122400054121975e+00
4.683631062507629395e-01,-2.481654719177324608e+00
5.806705951690673828e-01,-1.953703454105130799e+00
5.831815674901008606e-01,-2.120926834350136847e+00
6.677206158638000488e-01,-2.110130732992037572e+00
7.015720158815383911e-01,-1.870176589824535940e+00
6.847655177116394043e-01,-2.114692228596639190e+00
6.617140322923660278e-01,-2.209408894748825514e+00
5.479661300778388977e-01,-2.041547354527609048e+00
5.710458233952522278e-01,-1.972421970766484067e+00
7.653020620346069336e-01,-1.559804545514514862e+00
6.585831940174102783e-01,-2.118777257634495648e+00
7.187891453504562378e-01,-1.274906001135156952e+00
7.228270322084426880e-01,2.763820673024746100e-01
7.270320653915405273e-01,-4.115060756455113378e-01
6.229776293039321899e-01,-2.071180410394759086e+00
7.311974167823791504e-01,-1.257193129471525728e+00
7.759156525135040283e-01,-4.473295454368204638e-01
7.568562030792236328e-01,-6.134260340336945561e-01
7.391309440135955811e-01,-5.952716185837068075e-01
7.028017938137054443e-01,9.173662010130634314e-02
6.904627680778503418e-01,3.736722521263291519e-01
7.144268751144409180e-01,-1.194832840669475260e-01
7.351333647966384888e-01,-9.309817785336633733e-01
7.083506286144256592e-01,5.765588131545347217e-01
6.963188052177429199e-01,5.800709400658607962e-01
7.161320298910140991e-01,-8.003323801646642366e-01
7.523173689842224121e-01,2.930626103426177131e-01
7.336623072624206543e-01,5.576237378040715953e-01
7.066298127174377441e-01,5.664156648002638406e-02
7.416845411062240601e-01,-5.213081657775866518e-01
7.458433359861373901e-01,6.770225705361392343e-01
7.536201477050781250e-01,-2.623753171908251858e-01
7.365898340940475464e-01,-3.812331745205232991e-02
7.458054274320602417e-01,1.257594601005873614e-02
7.272657901048660278e-01,1.803389908828338939e-01
7.224077582359313965e-01,-1.623480477506955566e-01
7.451265901327133179e-01,-9.862829843594322909e-02
7.511566579341888428e-01,-3.692620573611580248e-01
7.595176696777343750e-01,-5.095720517784734227e-01
7.832731604576110840e-01,-6.713731320143478953e-02
4.026894196867942810e-01,3.141592653589793116e+00
5.669911056756973267e-01,3.076753409140717821e+00
6.611239910125732422e-01,1.275082862079268242e+00
6.482134461402893066e-01,8.223218412111230613e-01
7.271441966295242310e-01,1.397046974328381541e+00
6.724049150943756104e-01,9.865031008653102340e-01
7.188859879970550537e-01,6.628433599379608410e-01
7.005690485239028931e-01,1.093010090908954624e+00
6.800847947597503662e-01,1.412282481999858508e+00
6.629799455404281616e-01,1.055862832399388829e+00
6.616942286491394043e-01,9.436323450691093129e-01
7.086111605167388916e-01,1.027449545923387664e+00
7.546459138393402100e-01,1.069130212010432235e+00
7.259583473205566406e-01,6.617003176742337622e-01
6.567973643541336060e-01,7.257677031379987653e-01
6.580247431993484497e-01,9.628302307266767279e-01
6.627015322446823120e-01,1.116384104439010372e+00
6.630356460809707642e-01,1.012982526673966710e+00
6.718852370977401733e-01,1.203533387950763256e+00
6.452015489339828491e-01,1.527365870244912660e+00
6.804731786251068115e-01,1.044491956379618447e+00
7.198720574378967285e-01,9.242752002977603354e-01
7.072501629590988159e-01,8.542090548815646223e-01
6.744359731674194336e-01,8.848966289136286356e-01
6.536450535058975220e-01,8.757534143248983938e-01
6.209781616926193237e-01,5.153517251193528992e-01
5.944338366389274597e-01,4.965616776155958867e-01
6.053334847092628479e-01,8.932859608544068131e-01
6.454170197248458862e-01,6.225693422491822560e-01
6.835342049598693848e-01,6.484143999652900447e-01
6.916463226079940796e-01,6.181109297041182948e-01
6.843778043985366821e-01,1.146657941831568550e+00
5.942341238260269165e-01,1.714347305035054614e+00
6.213489770889282227e-01,1.165683086122336398e+00
6.431139856576919556e-01,8.702689461490704659e-01
6.420570909976959229e-01,-3.141592653589793116e+00
6.213312596082687378e-01,-3.141592653589793116e+00
7.633463144302368164e-01,-1.452274402269575715e+00
7.554214298725128174e-01,-4.158614051310380866e-01
7.388383895158767700e-01,-5.394745654524797374e-01
7.332925945520401001e-01,-3.999463544567243289e-01
6.906759589910507202e-01,2.104171483531094289e-01
6.954451799392700195e-01,-1.730372273522151616e-02
7.140336632728576660e-01,-9.835434654474717320e-02
7.298162430524826050e-01,6.783745409082753142e-02
7.311428934335708618e-01,2.793455414173524609e-01
7.339167296886444092e-01,5.051347052537513704e-01
7.245438545942306519e-01,4.659305605180468213e-01
7.450862824916839600e-01,-4.159029754111784882e-01
7.433947920799255371e-01,5.369438342087939908e-01
7.504650354385375977e-01,6.507261850375605228e-01
7.499749511480331421e-01,4.370721724389214913e-02
7.327008247375488281e-01,4.804251060340458679e-02
7.048923671245574951e-01,-3.612346864632245413e-01
7.126102447509765625e-01,4.093519112187737896e-01
7.296612262725830078e-01,-1.796678742881341329e-01
7.442239969968795776e-01,-5.702895655009201370e-01
7.454910576343536377e-01,-4.120670871738933982e-01
7.327275723218917847e-01,-2.339358152228410148e-03
7.026188224554061890e-01,7.742895359242396580e-02
7.169368267059326172e-01,-4.801534011850212558e-01
7.486374378204345703e-01,-6.340317852373704710e-01
7.625616490840911865e-01,-9.240878531568568199e-01
7.635440826416015625e-01,-1.084609804637599151e+00
7.398050427436828613e-01,-1.852184429544556643e-01
8.288542330265045166e-01,-2.544971124422606312e+00
7.880542129278182983e-01,-2.148136361610449185e+00
6.656049787998199463e-01,-2.247482309139357870e+00
5.115490406751632690e-01,-1.974394031150714657e+00
5.117249935865402222e-01,-1.686232594287359277e+00
5.009415298700332642e-01,-2.103574332074479969e+00
6.583011895418167114e-01,-2.520368634212994507e+00
6.391085982322692871e-01,-1.683640443891033511e+00
6.432083100080490112e-01,-1.167812907592234994e+00
5.360822230577468872e-01,-1.937815742443882439e+00
6.356362104415893555e-01,7.806046606888195072e-02
6.300089359283447266e-01,1.250798234709920020e-01
6.347702592611312866e-01,1.076722686621760516e-01
6.308871805667877197e-01,2.052975436495951822e-01
6.221495717763900757e-01,5.856826001911725754e-01
6.530025303363800049e-01,8.664689169597443730e-01
6.892782002687454224e-01,8.815937578043611111e-01
7.174608409404754639e-01,7.938313126605365255e-01
6.839491873979568481e-01,8.017307894083076647e-01
6.917577236890792847e-01,9.184986166398640961e-01
7.253953516483306885e-01,1.010070360021964930e+00
7.112294882535934448e-01,1.049188274514404995e+00
7.102816849946975708e-01,8.754556812374056918e-01
6.750582456588745117e-01,1.140729121066671681e+00
6.737583130598068237e-01,1.181723034890585389e+00
6.581534445285797119e-01,9.333392066500070250e-01
6.863958090543746948e-01,1.129492505816543702e+00
6.892013102769851685e-01,9.811632860291599201e-01
6.670998185873031616e-01,1.020503376816134455e+00
6.474285423755645752e-01,1.270458168413642230e+00
6.113729029893875122e-01,1.461973853422077418e+00
6.028375104069709778e-01,1.819915031451741605e+00
7.183596044778823853e-01,1.236451151336308563e+00
6.736311763525009155e-01,1.118989830715111822e+00
6.328126937150955200e-01,3.545896210067185361e-01
6.530972123146057129e-01,5.130483664552190071e-01
7.306778728961944580e-01,9.995426865763947788e-01
6.903365552425384521e-01,9.460608358940709728e-01
6.706743538379669189e-01,1.153856622302647850e+00
6.631623804569244385e-01,7.477249565800248021e-01
7.032480388879776001e-01,6.454539219066384170e-01
6.871876865625381470e-01,5.539099856713884940e-01
7.291613519191741943e-01,7.407480310830729664e-01
7.244086563587188721e-01,8.164486347399275701e-01
7.086222916841506958e-01,5.773421414175867739e-01
4.893311858177185059e-01,-2.261423052387271149e+00
4.696624353528022766e-01,-2.848215925477195043e+00
6.610152274370193481e-01,-1.661409144931054627e+00
5.637028068304061890e-01,-1.749563511679987471e+00
6.094717532396316528e-01,-1.975903200847975993e+00
7.369340807199478149e-01,-1.106561159593929311e+00
6.219834312796592712e-01,-1.296781705671772311e+00
5.512003153562545776e-01,-1.981517435709107211e+00
6.200525090098381042e-01,-1.725693744471229252e+00
5.863151922821998596e-01,-1.854174653519658600e+00
5.345595553517341614e-01,-2.140517016119840576e+00
6.346905082464218140e-01,-1.549112369856767035e+00
6.084837839007377625e-01,-1.400092652735969168e+00
6.160785481333732605e-01,-1.560323050495185715e+00
6.563832312822341919e-01,-1.583774493353341084e+00
6.773917227983474731e-01,-1.912145719950122835e+00
5.746651068329811096e-01,-2.027162352317383842e+00
7.765294313430786133e-01,-1.345049669506208856e+00
6.025728881359100342e-01,-1.318915258297366666e+00
4.304851964116096497e-01,-2.778838404859272249e+00
5.326837077736854553e-01,-2.813366080332689201e+00
3.474482074379920959e-01,-2.085709504184118934e+00
5.425842329859733582e-01,-1.910881290595850768e+00
6.970001012086868286e-01,-2.498345561160745909e+00
5.961344689130783081e-01,3.141592653589793116e+00
4.502494558691978455e-01,3.141592653589793116e+00
6.029056608676910400e-01,2.422484949376053631e+00
4.946800470352172852e-01,2.839383738975461036e+00
5.951735228300094604e-01,1.578345920351485798e+00
7.593774646520614624e-01,1.246990059992727939e+00
7.049781084060668945e-01,1.184754013897312497e+00
6.988352239131927490e-01,1.317165467834427783e+00
6.752942800521850586e-01,1.408230222326977810e+00
6.852129995822906494e-01,1.210982894504041507e+00
6.583598852157592773e-01,1.290156301834251451e+00
6.666893512010574341e-01,9.766251034870698788e-01
6.878897994756698608e-01,1.067560653054858921e+00
6.926796436309814453e-01,1.225357504144231502e+00
6.436828821897506714e-01,1.209229920731361929e+00
6.336094439029693604e-01,1.054496349879907147e+00
6.731196343898773193e-01,1.297034778796140930e+00
7.198922634124755859e-01,7.928125599168240889e-01
6.562468856573104858e-01,1.244578141103767965e+00
6.557495594024658203e-01,1.385495492294216646e+00
6.288293451070785522e-01,1.378209738939059292e+00
6.863667964935302734e-01,1.383314456988198771e+00
6.322408020496368408e-01,1.781868675194003160e+00
6.398319453001022339e-01,5.932308361597842250e-01
6.984010189771652222e-01,5.916522890355317976e-01
6.958200186491012573e-01,2.495381525285325086e-01
5.747831463813781738e-01,1.529605328647344109e+00
6.531163007020950317e-01,1.686221078196239453e+00
6.295967251062393188e-01,1.577322954403705069e+00
6.443817764520645142e-01,9.700232935923316369e-01
7.261161953210830688e-01,4.780248436763430142e-01
6.815955489873886108e-01,2.440699754084354467e-01
7.121486812829971313e-01,3.173293081879873245e-01
6.163375601172447205e-01,-1.859560907227316706e+00
5.528449565172195435e-01,-2.045446347199161075e+00
7.443574070930480957e-01,-1.453448481803272241e+00
5.952650085091590881e-01,-1.442784768679674645e+00
6.098647862672805786e-01,-1.677336928844330055e+00
7.444841414690017700e-01,-1.231299526281875556e+00
6.150547713041305542e-01,-1.492407324435444993e+00
5.306767225265502930e-01,-2.276688146113983180e+00
7.170355767011642456e-01,-1.527302953064159530e+00
5.571972653269767761e-01,-1.620267113577451346e+00
5.872721150517463684e-01,-1.967473515774899484e+00
6.316045820713043213e-01,-1.794820719887224580e+00
5.879094079136848450e-01,-1.767865389272365473e+00
5.895450413227081299e-01,-1.980162375653988338e+00
6.494196355342864990e-01,-2.235328526176941999e+00
5.356000736355781555e-01,-2.106004882688097712e+00
5.914231240749359131e-01,-2.128460698611537971e+00
6.552214771509170532e-01,-1.578788400405413350e+00
4.541992098093032837e-01,-2.029807401831456026e+00
6.108078062534332275e-01,-2.115264288082356003e+00
3.325028046965599060e-01,-2.049906164145581133e+00
3.003200069069862366e-01,-2.050830821998435027e+00
4.753709137439727783e-01,-3.025293428277387786e+00
7.084136158227920532e-01,-2.763421448532587643e+00
4.935348108410835266e-01,-2.527724326755685258e+00
5.588326081633567810e-01,1.307399541684404198e+00
4.811697602272033691e-01,1.690444955714835107e+00
4.197162613272666931e-01,2.455361704242000620e+00
2.500000000000000000e-01,3.141592653589793116e+00
2.500000000000000000e-01,3.141592653589793116e+00
3.122539818286895752e-01,3.141592653589793116e+00
5.365798622369766235e-01,2.530860074103577162e+00
5.836911872029304504e-01,1.946552710533672848e+00
6.870391368865966797e-01,1.588998023757206557e+00
7.158418148756027222e-01,9.782410076873944149e-01
6.846901029348373413e-01,1.567757857647603448e+00
7.094699591398239136e-01,1.560132800924812990e+00
7.042704969644546509e-01,1.097423562610623016e+00
7.136107981204986572e-01,7.581633100993472318e-01
6.753354519605636597e-01,1.160985644466464795e+00
6.821994483470916748e-01,1.323617568544606105e+00
6.398251503705978394e-01,9.909092696799270961e-01
6.184585168957710266e-01,1.084579469568307086e+00
6.582247018814086914e-01,1.180339137794287563e+00
6.894528120756149292e-01,1.066086031630957720e+00
6.795353889465332031e-01,1.147919656009885436e+00
6.671447455883026123e-01,1.816486887741510348e+00
5.977708846330642700e-01,2.459903538227616870e+00
7.209292948246002197e-01,1.049063001913441262e+00
6.457413434982299805e-01,6.173216561419923032e-01
5.923740118741989136e-01,-1.437466113490624142e-01
8.594540357589721680e-01,6.293950137200821082e-01
8.943530619144439697e-01,1.293637531915743377e+00
6.772306561470031738e-01,8.446543506954982128e-01
6.288590729236602783e-01,1.353076291390085562e+00
6.537288725376129150e-01,1.453910061715642854e+00
6.392420828342437744e-01,1.388414680952998914e+00
6.384439915418624878e-01,1.133031035473364589e+00
6.931998133659362793e-01,3.892207540467014226e-01
7.030594348907470703e-01,-4.228071997312632391e-02
7.324288636445999146e-01,-2.265603674344098817e-01
5.725997388362884521e-01,-1.919665352944448733e+00
6.536110341548919678e-01,-1.783698422907482817e+00
5.493080839514732361e-01,-1.699981215429758441e+00
5.160450935363769531e-01,-1.987820950755810667e+00
6.618294566869735718e-01,-1.719692362969600818e+00
5.653622895479202271e-01,-1.873463076251315806e+00
4.886620193719863892e-01,-1.826299814523584475e+00
5.783628895878791809e-01,-1.633169723342938084e+00
4.614991545677185059e-01,-1.545633386817444777e+00
5.302512347698211670e-01,-1.698027318636399885e+00
5.544950962066650391e-01,-1.802220510632496886e+00
4.537135288119316101e-01,-1.982913410657067166e+00
6.422400772571563721e-01,-1.526487089503024475e+00
7.032386064529418945e-01,-1.638716921446004893e+00
5.937748849391937256e-01,-1.748802232518225974e+00
5.978074744343757629e-01,-1.647521019920616725e+00
6.289470940828323364e-01,-1.767558574389436865e+00
5.146598666906356812e-01,-1.440951744029697723e+00
7.159276008605957031e-01,-2.370964672881168411e+00
6.968034952878952026e-01,-2.457531597963926728e+00
7.709673345088958740e-01,-1.266169501179152057e+00
4.193830415606498718e-01,-2.266731127752773300e+00
7.275456786155700684e-01,2.091164854438498644e-01
7.266473472118377686e-01,4.549166833229958407e-01
7.230181843042373657e-01,5.265422760050011419e-01
7.317228913307189941e-01,-3.108932644666451139e-02
7.352137863636016846e-01,2.496887043539062212e-01
7.336340695619583130e-01,3.906647595210399615e-01
7.380822300910949707e-01,2.958605523509882929e-02
7.405072152614593506e-01,-8.699049253175772378e-03
7.445203512907028198e-01,1.028875668687123657e-01
7.435493469238281250e-01,-1.278346035443536088e-01
7.382005900144577026e-01,-1.593428161021632761e-01
7.275219857692718506e-01,-1.503679424226502803e-01
7.334052175283432007e-01,-4.722084218333133521e-02
7.460966706275939941e-01,3.128639204495216042e-01
7.372276633977890015e-01,3.841528313130915251e-01
7.273556739091873169e-01,3.284246874750706979e-01
7.269847244024276733e-01,1.026800899750384133e-01
7.309771776199340820e-01,2.060024595035985229e-01
7.325114607810974121e-01,3.688014137163584394e-01
7.307789474725723267e-01,2.869053402904628847e-01
7.332968860864639282e-01,1.540302466523217895e-01
7.356092780828475952e-01,1.964229442269074255e-01
7.405356168746948242e-01,2.972016620193054237e-01
7.326254695653915405e-01,2.845833967150497301e-01
7.249795049428939819e-01,1.324477811188593535e-01
7.272427082061767578e-01,6.636451794855346975e-02
7.430146783590316772e-01,-1.190745096455669838e-02
7.422536760568618774e-01,1.775829936616304394e-01
7.385266125202178955e-01,2.058294372565274699e-01
7.351856082677841187e-01,1.995227389000833185e-01
