2.768600854606215744e-01,3.162170364667812983e+00
2.927378402401108470e-01,2.376446690018573005e+00
3.081152482834054740e-01,1.627209587312713035e+00
3.195316125689544040e-01,1.067789999847618354e+00
3.279258226850954583e-01,6.535605003083239106e-01
8.972721219062805842e-01,1.711327093105390773e+00
8.892516672611237016e-01,1.164186930544308218e+00
8.967226326465607134e-01,9.742377148084626626e-01
9.052002906799316850e-01,8.553332313537413967e-01
8.972153007984161599e-01,1.089385143755355223e+00
9.055229306221008745e-01,1.276087009048876730e+00
9.039632797241211604e-01,6.057875886846431079e-01
8.940612196922302912e-01,5.465323376541642020e-01
9.041032314300537776e-01,6.049269715336271780e-01
8.919965684413909690e-01,8.018757236282567646e-01
8.919690847396850586e-01,6.796943036759768297e-01
9.013333082199096458e-01,5.989880390789661391e-01
9.021735906600952815e-01,1.815370388663413159e-01
8.955673754215240923e-01,3.206259531179096456e-01
9.057107806205749734e-01,3.731191052455411494e-01
8.997890233993530718e-01,4.540575642000930223e-01
8.999342381954192893e-01,5.516151470421482017e-01
9.037530422210693359e-01,4.480639537193016331e-01
8.936988234519959162e-01,3.307874523165672542e-01
9.032282829284667969e-01,8.295409323152442838e-01
9.029194593429565874e-01,5.441748159110635363e-01
8.925147473812103938e-01,7.225734858803143368e-01
9.057262301445007102e-01,7.966337487532482164e-01
9.029460906982421653e-01,3.509804967750649318e-01
8.984244048595428911e-01,6.684800652207893989e-01
9.102836966514588068e-01,8.291821545821402850e-01
9.014810919761657715e-01,6.625924402290048754e-01
9.002365946769714800e-01,1.164777528127925343e+00
9.077234506607055886e-01,8.747817558399937354e-01
9.010181307792664018e-01,4.810385485463903876e-01
9.050494909286499468e-01,7.078242755850752133e-01
9.040631413459777610e-01,5.244832363634492900e-01
8.956611156463623047e-01,5.973241043522632410e-01
9.038968682289123535e-01,6.663393830470702994e-01
8.920854151248932551e-01,8.103878938743149796e-01
8.924510598182678889e-01,6.705705634527174830e-01
9.014797925949097346e-01,5.429689032799620563e-01
9.027176260948180930e-01,1.451214734633023973e-01
8.950196087360382524e-01,1.958705463601759789e-01
9.049767971038819026e-01,2.175020723143448187e-01
8.998311281204224299e-01,1.915648390558986058e-01
8.991068124771118830e-01,2.701472742954629247e-01
9.036667704582214133e-01,1.404184142020064030e-01
8.954039514064788818e-01,-6.610872964822966935e-02
9.019991517066955344e-01,3.900442013751592718e-01
9.036364078521729182e-01,1.845450793175857918e-01
8.918777048587799294e-01,1.800105482190215156e-01
9.044675350189209651e-01,4.174989371122466153e-01
9.036797046661376731e-01,-1.705973140628902485e-02
8.964002549648285578e-01,7.999207969405697227e-02
9.087260603904724343e-01,3.311417359653319181e-01
9.018833041191101074e-01,1.331780698240296879e-01
8.994744598865509477e-01,3.194514990771848417e-01
9.078887581825256792e-01,6.239991164564453463e-01
9.020447254180908869e-01,2.241574367141287993e-01
9.044346928596497248e-01,5.055361767880808266e-01
9.036289215087890403e-01,3.696728915711946506e-01
8.958960831165313499e-01,3.936488315224737633e-01
9.034716129302978738e-01,4.916378464611215193e-01
8.922598123550414817e-01,6.551805716320702189e-01
8.916203975677490234e-01,6.018915920693173049e-01
9.010904788970947044e-01,5.731953655334409703e-01
9.026464223861694336e-01,2.164654368600311685e-01
8.950026094913482444e-01,2.837913143502115432e-01
9.047461271286011408e-01,2.978016222786297185e-01
8.997314691543579768e-01,2.852769837314474977e-01
8.991314947605133501e-01,3.651035313189989751e-01
9.035327196121215598e-01,2.138345249862774189e-01
8.950235366821289729e-01,5.635581761743946316e-03
9.017773985862732600e-01,4.505199708108431622e-01
9.034431695938111018e-01,2.410364684792671852e-01
8.918247878551482932e-01,2.642064693056607183e-01
9.044919371604919212e-01,4.543901264412166796e-01
9.037797331809998003e-01,4.718114443833210103e-02
8.965898692607879861e-01,1.582045019896685112e-01
9.087307691574096902e-01,4.093095919245768322e-01
9.019973516464233620e-01,1.976659330538099724e-01
8.995857656002045344e-01,3.975819043336001890e-01
9.075942039489746094e-01,7.153747117824780233e-01
9.017636418342590554e-01,3.651098979384799215e-01
9.039710640907288042e-01,6.079986781796811179e-01
9.028699278831482378e-01,5.184753946155828963e-01
8.951388359069823997e-01,5.174690942305613106e-01
9.027495265007019487e-01,5.849444000250296760e-01
8.917375802993774414e-01,7.405445801399532790e-01
8.914986610412597434e-01,5.874839321838805084e-01
9.008478164672851785e-01,5.075251836153413798e-01
9.021350979804992898e-01,1.345648693497962789e-01
8.942219257354736550e-01,1.575161580716670784e-01
9.042759060859680842e-01,1.881025215793354910e-01
8.998736917972565141e-01,1.073471965616183965e-01
8.988277673721313255e-01,1.736854990181915248e-01
9.032450199127197710e-01,7.270117686726074169e-02
8.953789412975311501e-01,-1.803741945434933491e-01
9.013460874557495117e-01,2.913709620958213620e-01
9.033358931541443093e-01,1.109510776948758881e-01
8.912778198719024658e-01,4.715867401663453862e-02
9.039145112037658691e-01,3.233209056935018033e-01
9.033720850944518821e-01,-1.034734831144761280e-01
8.954728364944458674e-01,-9.432970676520291420e-02
9.082011938095092551e-01,2.219223787692796712e-01
9.015192627906799538e-01,-1.855401444917603726e-02
8.988452017307281272e-01,7.058933173472015099e-02
9.078412532806396928e-01,4.583100915063531566e-01
9.020518660545349121e-01,3.628823301341954632e-02
9.035904407501220703e-01,2.971638368094478011e-01
9.036153197288513406e-01,1.848113538147018176e-01
8.956221699714660422e-01,1.335810393864722556e-01
9.030931234359741433e-01,2.826588050966551968e-01
8.925178766250611018e-01,4.639711397460213327e-01
8.913567066192626953e-01,3.154858441545966841e-01
9.008275628089904563e-01,3.324982004218068887e-01
9.023227572441101518e-01,-3.803381027229058020e-02
8.940150618553162065e-01,-3.045097921694051024e-02
9.043034791946411577e-01,5.312644351247408636e-02
0.000000000000000000e+00,3.000000000000000000e+00
0.000000000000000000e+00,3.000000000000000000e+00
0.000000000000000000e+00,3.000000000000000000e+00
0.000000000000000000e+00,3.000000000000000000e+00
0.000000000000000000e+00,3.000000000000000000e+00
0.000000000000000000e+00,3.000000000000000000e+00
0.000000000000000000e+00,3.000000000000000000e+00
0.000000000000000000e+00,2.999999999999999889e-01
1.000000000000000000e+00,0.000000000000000000e+00
1.000000000000000000e+00,0.000000000000000000e+00
1.000000000000000000e+00,0.000000000000000000e+00
1.000000000000000000e+00,0.000000000000000000e+00
1.000000000000000000e+00,0.000000000000000000e+00
1.000000000000000000e+00,0.000000000000000000e+00
1.000000000000000000e+00,0.000000000000000000e+00
1.000000000000000000e+00,0.000000000000000000e+00
1.000000000000000000e+00,0.000000000000000000e+00
1.000000000000000000e+00,0.000000000000000000e+00
1.000000000000000000e+00,0.000000000000000000e+00
1.000000000000000000e+00,0.000000000000000000e+00
1.000000000000000000e+00,0.000000000000000000e+00
1.000000000000000000e+00,0.000000000000000000e+00
1.000000000000000000e+00,0.000000000000000000e+00
1.000000000000000000e+00,0.000000000000000000e+00
