0.000000000000000000e+00,1.500000000000000000e+00
0.000000000000000000e+00,1.500000000000000000e+00
0.000000000000000000e+00,1.500000000000000000e+00
0.000000000000000000e+00,1.500000000000000000e+00
0.000000000000000000e+00,1.500000000000000000e+00
0.000000000000000000e+00,1.500000000000000000e+00
0.000000000000000000e+00,1.500000000000000000e+00
2.758815381291049862e-01,-3.089288050915584005e+00
2.840078111432033925e-01,-2.735680742009734434e+00
2.914982316616125946e-01,-2.407071301066876057e+00
2.982256052788896938e-01,-2.103464526665244527e+00
3.051727723895087396e-01,-1.772309455938497758e+00
3.097963461784137840e-01,-1.553295410496532858e+00
3.139048589529507827e-01,-1.353645664570781504e+00
3.175833657101216900e-01,-1.171196379143267574e+00
3.208939385049706661e-01,-1.004721537519463803e+00
8.852928519248962624e-01,-2.038843226529823749e+00
8.991554796695709895e-01,-1.929728918555207784e+00
9.021829128265380637e-01,-1.417049020202449716e+00
8.996514678001403809e-01,-1.574473611305699627e+00
9.053036928176879661e-01,-1.239975356099297210e+00
8.948907971382141779e-01,-1.211740522222277017e+00
9.001168727874756526e-01,-8.828945143403776896e-01
8.934053838253021018e-01,-1.244198110096808030e+00
8.905970454216003418e-01,-9.254892584567269154e-01
8.976447105407715510e-01,-9.259268699192868546e-01
8.906804680824279563e-01,-1.054537826533290534e+00
8.996655762195587824e-01,-7.400022939629860019e-01
8.950571119785308838e-01,-9.206068103288793658e-01
8.854495584964752197e-01,-1.133347213032000145e+00
9.038359045982361506e-01,-6.179933344972345921e-01
8.919057726860046831e-01,-1.154284215702200633e+00
8.838438391685485840e-01,-8.111739841267007201e-01
8.990691840648651345e-01,-3.883918763663332108e-01
8.827301979064942072e-01,-9.748485357716076827e-01
8.949093043804169367e-01,-5.252178318994449313e-01
8.894043982028961848e-01,-2.863521934096748822e-01
8.820274114608764870e-01,-6.737345860812458120e-01
8.983695805072784424e-01,-2.370114541926944263e-01
8.928003907203674316e-01,-7.153219062914888404e-01
8.909872472286224365e-01,-5.759783272606817661e-01
9.028779149055481401e-01,-2.289458835778752643e-01
8.938702225685120073e-01,-4.242284539036322855e-01
8.967484891414642112e-01,-2.337687850882246288e-01
8.994243860244751643e-01,-2.679346867723113590e-01
8.894322216510772705e-01,-4.597319074392651750e-01
9.021501183509826882e-01,7.236561856991086117e-02
8.991105258464813232e-01,-5.568919510707814879e-03
8.922549605369568537e-01,1.611990601878954266e-02
9.056490302085876687e-01,3.615097618755052089e-01
8.977101325988769975e-01,-1.436614578135042564e-01
9.015803217887878862e-01,2.694806517851024985e-01
9.106589555740356445e-01,4.642025850895059591e-01
8.962997972965240923e-01,2.502871665851174043e-01
9.035668849945068803e-01,9.635863604167989038e-01
9.077835440635680930e-01,7.147949749026816235e-01
8.971368134021758811e-01,5.895639442190163670e-01
9.071567058563232422e-01,1.069930627156650438e+00
9.026401758193970393e-01,7.135725839623350275e-01
8.936898231506348322e-01,9.016492645567186770e-01
9.036172986030578391e-01,6.932563266915292566e-01
8.915025293827056885e-01,7.712185782922418298e-01
8.930337965488434060e-01,7.728293330209274892e-01
9.027625083923339622e-01,5.237353458279496721e-01
8.984161674976348655e-01,1.100399020950404427e-01
8.995227158069610818e-01,3.408804167290471199e-01
9.055383086204529253e-01,2.610426339306464172e-01
8.986205399036407693e-01,3.189762496582817519e-01
9.017088413238525391e-01,4.221978767962308865e-01
9.021909475326538308e-01,3.037420527614038690e-01
8.927524149417876975e-01,3.373439468608823155e-01
9.039730906486511675e-01,6.404276162665478722e-01
9.002376198768615723e-01,3.747605695505469292e-01
8.953308224678039329e-01,7.175371153638385735e-01
9.074005007743836115e-01,6.299567742625207245e-01
8.993774950504302979e-01,2.271134206884406481e-01
9.031943798065186213e-01,7.889095412947177977e-01
9.104602456092835139e-01,7.291157491575543936e-01
8.985252320766449197e-01,7.241494114553690409e-01
9.028392910957336870e-01,1.348688567046612441e+00
9.078409790992737483e-01,5.916615580844823974e-01
8.992636740207672341e-01,3.035424405153239746e-01
9.061848402023315874e-01,5.267152982520721949e-01
9.028975248336792436e-01,2.673924005953440819e-01
8.932203352451324463e-01,2.775097079646631215e-01
9.037148833274841753e-01,3.748721726449777414e-01
8.927361309528351052e-01,4.799191470388244340e-01
8.920834422111511008e-01,4.975438222972927704e-01
9.017580389976501687e-01,4.198051513924707656e-01
8.993701875209808572e-01,6.056602562950219593e-02
8.984573364257812944e-01,2.478566159714996608e-01
9.051196336746215598e-01,1.531089593627221745e-01
8.988183319568634477e-01,1.240127593206299395e-01
9.010615706443786399e-01,1.913876972315162739e-01
9.022102713584899680e-01,6.213146500776467462e-02
8.926198482513427734e-01,6.508932151721769088e-03
9.031223893165588601e-01,3.418522624674658061e-01
9.012902379035949707e-01,8.397608546103141336e-02
8.938380360603332964e-01,2.366071738556527748e-01
9.058549761772155540e-01,3.080020702082295614e-01
8.998625814914703591e-01,-1.751438293863620821e-01
9.000776171684264915e-01,1.646359111865338676e-01
9.098335385322571245e-01,2.846976213586791538e-01
8.986694812774658203e-01,8.886227865916218605e-02
9.017914533615112305e-01,5.424269916100228350e-01
9.083980083465575950e-01,4.689749281510358081e-01
8.998433768749237727e-01,1.889571466178985304e-01
9.063369750976563166e-01,5.460679489390813934e-01
9.028222203254699929e-01,3.354991252395138623e-01
8.936439156532287598e-01,3.847449269248222059e-01
9.036902666091919389e-01,4.389776641988718531e-01
8.927572071552276611e-01,5.424322347084187257e-01
8.924061000347137673e-01,5.840433361149584002e-01
9.018792748451233132e-01,4.851952020534078258e-01
8.995329320430756059e-01,1.434234585970246556e-01
8.989456534385681374e-01,3.233740856915194861e-01
9.052808642387389915e-01,2.160519811007963753e-01
8.989885091781616433e-01,2.051822891116379388e-01
9.013425111770629883e-01,2.714108610089214224e-01
9.022897839546203391e-01,1.310474993400743138e-01
8.927734017372132014e-01,9.743586805786019767e-02
9.033323764801025613e-01,4.101724561177624295e-01
9.012298941612243430e-01,1.385204125826207111e-01
8.942165553569794145e-01,3.175295290079880317e-01
9.060038208961487260e-01,3.548266839556277752e-01
8.999089062213897483e-01,-1.065450025070160400e-01
9.005232095718384011e-01,2.478521218871603260e-01
9.099598288536071555e-01,3.408186230693788232e-01
8.988983750343323420e-01,1.711130102408509046e-01
9.018547415733337846e-01,6.357552665815719983e-01
9.081958651542664240e-01,5.314546846951122561e-01
9.001080036163330300e-01,2.828752701590082630e-01
9.063969969749451350e-01,6.124403315352289212e-01
9.028630256652832031e-01,4.023272828890931407e-01
8.941422283649445024e-01,4.869306676225146902e-01
9.037932753562927246e-01,4.980992162202504403e-01
8.927918732166290061e-01,6.081357477520361599e-01
8.927231788635253684e-01,6.684238891665454929e-01
9.018827438354491965e-01,5.419918144431470353e-01
8.995835065841675249e-01,2.199356189841887854e-01
8.993627071380615456e-01,4.001072052253760170e-01
9.053221821784973589e-01,2.768105033428414075e-01
8.991667211055756059e-01,2.803619534921377721e-01
9.016000866889953835e-01,3.513478881698195444e-01
9.023588061332702415e-01,2.021304313380833939e-01
8.928833246231079324e-01,1.840466104629285837e-01
9.035416603088378684e-01,4.774612574121412933e-01
9.012049436569213867e-01,1.909656278106304228e-01
8.945205807685852051e-01,3.951210186506908251e-01
9.062178373336792214e-01,3.981204454402846871e-01
9.001082062721252885e-01,-4.808164658786129309e-02
9.010394811630249023e-01,3.229029558499276753e-01
9.100944399833679199e-01,3.971950385733742372e-01
8.990194499492645264e-01,2.496755966079158284e-01
9.018148899078369807e-01,7.223558972968766589e-01
9.078936457633972612e-01,5.870862057198342754e-01
9.002868771553039773e-01,3.672318547607846817e-01
9.064386844635009544e-01,6.798388633888978738e-01
9.028046846389771174e-01,4.711358337042828026e-01
8.943543493747710960e-01,5.837688224632202605e-01
9.037116527557372825e-01,5.697072070719255699e-01
8.927633106708526833e-01,6.794126743907011878e-01
8.930128991603851762e-01,7.402303687432159052e-01
9.020611524581909624e-01,5.399627353638587479e-01
8.997728765010833962e-01,1.858371285651947424e-01
8.991407454013824463e-01,3.382371461233595333e-01
9.052866816520691584e-01,2.177207844188675523e-01
8.991127371788024680e-01,2.129184807950741387e-01
9.013488769531250444e-01,2.782302594870977863e-01
9.023358821868896484e-01,1.261474493818965925e-01
8.927846014499664085e-01,8.531045400283732150e-02
9.032860279083252397e-01,3.980904848780215666e-01
9.012813091278076838e-01,1.253246574407378411e-01
8.940499484539031760e-01,2.821101523002069733e-01
9.056925654411316362e-01,3.255218834987760879e-01
8.999748468399048074e-01,-1.384838981473621722e-01
9.002439498901367854e-01,2.030150169389099979e-01
9.097747921943665217e-01,2.987569897078037329e-01
8.988905429840088335e-01,1.211721235110321260e-01
9.018346428871154563e-01,5.605767257221572208e-01
9.082638382911681907e-01,4.716444142487041802e-01
9.000994682312012385e-01,2.024738542830277765e-01
9.061766743659973589e-01,5.267310275472603109e-01
9.026127338409424272e-01,3.144499577143400337e-01
8.936851203441620317e-01,3.729531986320075987e-01
9.036054134368897151e-01,4.109731521442512303e-01
8.927297711372376154e-01,5.210456363507534050e-01
8.923688888549804465e-01,5.494853255722493834e-01
9.018300771713256836e-01,4.480231324532177872e-01
8.996186017990112083e-01,9.910092630564815153e-02
8.985001087188720925e-01,2.724856961801207511e-01
9.050636649131774680e-01,1.640153530406536220e-01
8.989304006099700928e-01,1.401334143534760379e-01
9.010794043540955034e-01,2.045137940661363452e-01
9.022640347480773704e-01,5.562290736307096140e-02
8.926545441150665061e-01,1.236622207421600450e-03
9.031318664550781472e-01,3.258802867248520307e-01
9.012713074684143288e-01,7.049495596359012239e-02
8.936786413192748801e-01,2.051032681286684145e-01
9.054853320121765137e-01,2.713153617167067821e-01
8.999079406261444314e-01,-2.044903873768677549e-01
8.997619211673736350e-01,1.220926617865747410e-01
9.095412969589233843e-01,2.411184855184629328e-01
8.987062931060790794e-01,3.825364589789836955e-02
9.017205834388732910e-01,4.710328442715026043e-01
9.082813143730164018e-01,4.145032553929355323e-01
8.998710930347443293e-01,1.202583263619985132e-01
9.060588359832764116e-01,4.620034798193728420e-01
9.026920199394226074e-01,2.460192844906972098e-01
8.933631479740142822e-01,2.731073778470860525e-01
9.036002159118652344e-01,3.453370503657264834e-01
8.927207350730895774e-01,4.528156988942755312e-01
8.920881688594818337e-01,4.624161865645510794e-01
9.017815828323364480e-01,3.848449203013761810e-01
8.995013713836670366e-01,2.383400178755623600e-02
8.981134593486785889e-01,1.959458222728627241e-01
9.048887133598327859e-01,1.007719766658889959e-01
8.987246394157409890e-01,6.306548553632573828e-02
9.008609414100646751e-01,1.329631027897897333e-01
9.021257162094116211e-01,-3.877833024453547495e-03
8.923718333244323730e-01,-8.245877023590475474e-02
9.028557181358337624e-01,2.617841578466655328e-01
9.013126254081725852e-01,1.435410538039061379e-02
8.933760583400726096e-01,1.220185093949726074e-01
9.053337931632995383e-01,2.176376438585867490e-01
8.997797429561614768e-01,-2.662361101454915335e-01
8.992622613906861018e-01,4.070629242618517551e-02
9.093663573265076128e-01,1.891440256250165319e-01
8.984636843204498735e-01,-3.798437534455612052e-02
9.015943288803101030e-01,3.713001246091249818e-01
9.083286762237549050e-01,3.499685787846185114e-01
8.997196435928345171e-01,3.120317658326543508e-02
9.059340953826904297e-01,3.926155666314148363e-01
9.026563644409180132e-01,1.840619652510886439e-01
8.929319083690643311e-01,1.769178691793831248e-01
9.034886479377747248e-01,2.789504365025039512e-01
8.927345752716064897e-01,3.863219760209610776e-01
8.918041884899139404e-01,3.813841008529261778e-01
9.017059683799744096e-01,3.181092658877848756e-01
8.993878901004791482e-01,-5.330864118173828103e-02
8.978288352489471880e-01,1.209481683081130576e-01
9.047366142272948997e-01,3.649421187898038710e-02
8.985530674457550271e-01,-9.917882376753173190e-03
9.006491303443908691e-01,6.038064465049775009e-02
9.019511342048645020e-01,-6.528818474924102944e-02
8.921128511428833008e-01,-1.700613945054056941e-01
9.025924324989319514e-01,1.954462298971209044e-01
9.012641429901123713e-01,-3.966797169024438574e-02
8.929370641708374023e-01,4.564229505907890783e-02
9.051255822181701882e-01,1.621491845186726621e-01
8.995603382587432639e-01,-3.232744668219935669e-01
8.987057626247406672e-01,-3.612270090691449553e-02
9.091920375823975276e-01,1.381114509077252528e-01
8.981972098350524680e-01,-1.150341405708337206e-01
9.014857053756714089e-01,2.732815236152421612e-01
9.083514809608459473e-01,2.829887457885806867e-01
8.995406568050384744e-01,-5.551579835297948406e-02
9.057806968688965066e-01,3.200769258144329221e-01
9.026576042175292747e-01,1.229236928823556063e-01
8.925480782985687478e-01,8.226945693310305785e-02
9.034133672714234065e-01,2.054028737513022840e-01
8.927924036979675293e-01,3.252630991422260642e-01
8.914931416511535645e-01,3.034933800946175708e-01
9.015814542770386186e-01,2.507635395251051058e-01
8.992708861827850564e-01,-1.349090413087967733e-01
8.974983096122741699e-01,4.132048395258447471e-02
9.046391844749450684e-01,-2.801874332169518311e-02
8.984412670135498713e-01,-8.548459977099343021e-02
9.004222512245178001e-01,-1.314650746766199418e-02
9.018102765083313432e-01,-1.262157969145598635e-01
8.919520556926727739e-01,-2.565657769144391587e-01
9.023504734039307085e-01,1.267301823179192155e-01
9.011594414710998313e-01,-9.328258511409748266e-02
8.924909889698028342e-01,-3.082604800577515292e-02
9.048615336418152078e-01,1.052757981881331517e-01
8.992545664310455100e-01,-3.823164360998601019e-01
8.981481552124023215e-01,-1.105462355972921529e-01
9.089908838272094949e-01,8.520147245760423260e-02
8.976718425750732644e-01,-2.006501923087578021e-01
9.012981414794921653e-01,1.749288623521221275e-01
9.082440853118897151e-01,2.201827936228615279e-01
8.992320835590362771e-01,-1.444730145438137825e-01
9.056321859359741655e-01,2.483341124325724181e-01
9.026997685432434082e-01,5.209767270575493825e-02
8.922904670238495095e-01,-5.656179648299897167e-03
9.032055854797363947e-01,1.390713124212386020e-01
8.926566600799560325e-01,2.644675007043804094e-01
8.911856651306152566e-01,2.292290108912644619e-01
9.014547109603882058e-01,1.823916639049047994e-01
8.991136848926544189e-01,-2.139244066730676685e-01
8.972163558006286399e-01,-3.552180438001917295e-02
9.045202612876892534e-01,-8.685379746643029364e-02
8.982397913932800293e-01,-1.649327080064555417e-01
9.000520229339600276e-01,-8.619279256149425805e-02
9.016692042350769043e-01,-1.942987403624329978e-01
8.917482912540436457e-01,-3.467745955938270619e-01
9.021404027938842995e-01,5.554763145038421612e-02
9.010024070739746094e-01,-1.439648085064213490e-01
8.920222878456115501e-01,-1.089218113620735728e-01
9.045758605003356712e-01,5.646330113455899635e-02
8.989798724651336670e-01,-4.412589737617147456e-01
8.975870490074158159e-01,-1.894866995559039147e-01
9.087331533432007058e-01,3.140878094179822000e-02
8.971348166465759055e-01,-2.823826061632894735e-01
9.010030508041382280e-01,8.218856341499192197e-02
9.081369280815124734e-01,1.592767156116696725e-01
8.989314556121826838e-01,-2.362953967545995404e-01
9.054216027259827104e-01,1.710796791153330609e-01
9.027414917945861816e-01,-1.234131735683341446e-02
8.919789612293244074e-01,-8.908454858045411484e-02
9.029560685157775879e-01,7.755703499609989393e-02
8.925127148628234641e-01,1.972311303939622285e-01
8.908781230449677180e-01,1.521861740450098921e-01
9.013381123542786311e-01,1.116289354160850955e-01
8.989625155925751177e-01,-2.893619191425464976e-01
8.967427670955657737e-01,-1.106426711570773769e-01
9.043829917907715288e-01,-1.448025807287112166e-01
8.978941500186919944e-01,-2.487397035442131532e-01
8.996736407279968262e-01,-1.570704947079994973e-01
9.014577865600585938e-01,-2.584532923370330693e-01
8.914453506469727229e-01,-4.295389635648185767e-01
9.018383264541626199e-01,-3.838322532968785339e-03
9.007789015769959162e-01,-1.912757196300565177e-01
8.914544284343719482e-01,-1.912478188564490367e-01
9.042865753173828791e-01,1.214750996969193864e-02
8.987633585929870605e-01,-4.939157854607101328e-01
8.970294952392577903e-01,-2.661848026826154623e-01
9.085359096527100276e-01,-2.620182247393465502e-02
8.966288208961487038e-01,-3.598349664449815855e-01
9.006778359413146751e-01,-1.168798984597740898e-02
9.079516530036926270e-01,1.038189658480757060e-01
8.983672857284545898e-01,-3.243459314299381724e-01
9.051201939582824707e-01,1.029130333466365954e-01
9.026535630226135698e-01,-6.984556077653136796e-02
8.915517151355744074e-01,-1.730497733376648029e-01
9.026918888092041460e-01,1.576824391922304613e-02
8.923264741897583008e-01,1.371103936210995577e-01
8.904971420764923318e-01,7.266896926282750968e-02
9.011769413948059748e-01,3.976852682734088873e-02
8.986231029033661111e-01,-3.741196007716243166e-01
8.962338864803314209e-01,-1.907720076770034190e-01
9.041713356971741167e-01,-2.035189161454775686e-01
8.974922537803650124e-01,-3.180066509620327331e-01
8.992781162261963557e-01,-2.159838208216471322e-01
9.012382030487060547e-01,-3.165479460868336758e-01
8.911554813385009766e-01,-4.986051752154732064e-01
9.014268636703491877e-01,-6.907239101662154823e-02
9.005497574806213823e-01,-2.433803207158349302e-01
8.909404993057251643e-01,-2.800383794196932286e-01
9.039012551307678001e-01,-4.576419709678791747e-02
8.984529912471771462e-01,-5.461701893578054801e-01
8.964963674545288752e-01,-3.441423729454737845e-01
9.082345962524414062e-01,-8.036096911692514055e-02
8.961224317550658958e-01,-4.293372915300830428e-01
9.001941680908203125e-01,-8.991576692974900809e-02
9.077946901321410911e-01,5.042437530334442641e-02
8.977666974067688432e-01,-4.087575685648734414e-01
9.047885537147521973e-01,3.274951610308507455e-02
9.025538086891174983e-01,-1.309274698375064716e-01
8.911289334297179954e-01,-2.624753105673791609e-01
9.023392319679260920e-01,-5.230646037402797432e-02
8.920107364654541460e-01,7.305658403711046134e-02
8.899760484695434792e-01,-1.014745518509663214e-02
9.010534644126891868e-01,-2.411506931228979411e-02
8.983184456825256126e-01,-4.433721296688548641e-01
8.957220315933227539e-01,-2.647800268194906437e-01
9.039105534553527610e-01,-2.607042668305843414e-01
8.970756590366363303e-01,-3.861137501132305694e-01
8.988416433334350808e-01,-2.784315570148048202e-01
9.010432124137878196e-01,-3.697341234703204194e-01
8.908969938755035844e-01,-5.704723249307268595e-01
9.009959816932678889e-01,-1.326202416053878785e-01
9.003147959709167925e-01,-2.848882454360799343e-01
8.904321014881134699e-01,-3.520721847625369882e-01
9.035063028335571511e-01,-8.683076528419020335e-02
8.982084274291992632e-01,-5.930908641579599738e-01
8.959457337856292503e-01,-4.182316601131006450e-01
9.080046415328979492e-01,-1.346893929367034559e-01
8.956418275833130105e-01,-5.005492411993390789e-01
8.996908068656921387e-01,-1.676184851598545578e-01
9.075420379638672319e-01,-6.691691581528491639e-03
8.971278965473175049e-01,-4.970187634436267210e-01
9.044789552688599077e-01,-2.972012875122764797e-02
9.024568200111389160e-01,-1.798296613243564046e-01
8.906066417694091797e-01,-3.457102466194199586e-01
9.019525289535522683e-01,-1.175916490670427805e-01
8.918074607849121316e-01,6.838123829590703195e-03
8.894046187400818093e-01,-8.837673029698134286e-02
9.008893132209777610e-01,-8.955979799935676056e-02
8.979797959327697754e-01,-5.186974772833603531e-01
8.951345860958099809e-01,-3.443865515279207479e-01
9.036648750305176225e-01,-3.072047447449950397e-01
8.966453135013580100e-01,-4.487539829189306495e-01
8.982284665107727051e-01,-3.481808694850649921e-01
9.008136749267577903e-01,-4.229790984572487922e-01
8.906067371368407981e-01,-6.391398738497646725e-01
9.006723046302795854e-01,-1.877956130696496473e-01
9.000673294067382812e-01,-3.205124774883372218e-01
8.900602161884307861e-01,-4.113390455108931754e-01
9.032165646553039773e-01,-1.229263144315537737e-01
8.980482041835785578e-01,-6.235023328834157219e-01
8.954946517944336604e-01,-4.642214976944347704e-01
9.078423738479614036e-01,-1.704926393484846869e-01
8.952373206615448220e-01,-5.601321858795738073e-01
8.992793619632720725e-01,-2.250086911894375596e-01
9.073233842849731667e-01,-4.863123565188054442e-02
8.966967761516571045e-01,-5.573181400689848353e-01
9.042431831359863947e-01,-7.646759405079750493e-02
9.023578405380249245e-01,-2.202539499582369942e-01
8.903720498085022639e-01,-3.961527855136366405e-01
9.017161726951599121e-01,-1.556007418754656868e-01
8.916683316230774592e-01,-3.563116043228076180e-02
8.890407562255859819e-01,-1.402480135041335174e-01
9.007649660110473855e-01,-1.272838909592497458e-01
8.976942002773284912e-01,-5.664302705743673449e-01
8.948217809200287309e-01,-3.932724519590395929e-01
9.035086750984192561e-01,-3.435847319803464472e-01
8.964198708534241167e-01,-4.877873524497333690e-01
8.978935241699218528e-01,-3.893513633728185042e-01
9.006629705429077815e-01,-4.554211442901059392e-01
8.904389560222626399e-01,-6.728290280868347573e-01
9.006362318992614524e-01,-2.008765818073605658e-01
9.001860022544860840e-01,-3.182553236288190313e-01
8.902646541595459206e-01,-3.923921731890387399e-01
9.034542202949523704e-01,-1.089146957285360706e-01
8.981095612049102561e-01,-6.123403381586749461e-01
8.959884643554687500e-01,-4.345652223915306145e-01
9.080774784088134766e-01,-1.566532938784814810e-01
8.955234110355377863e-01,-5.324254069124463307e-01
8.996557831764221413e-01,-1.839340711009267437e-01
9.075358390808105913e-01,-2.190229453562420048e-02
8.971649706363677979e-01,-5.064868628794010341e-01
9.046896934509277566e-01,-2.618946374200126215e-02
9.025642752647400346e-01,-1.863702393199688778e-01
8.908161640167236994e-01,-3.303826102189830749e-01
9.021064639091491699e-01,-1.046102991988573372e-01
8.918890595436096413e-01,2.159856933567905202e-02
8.895585834980010986e-01,-6.506254426469482155e-02
9.008997321128845437e-01,-6.873608370521511191e-02
8.980143427848815696e-01,-5.005717116210366413e-01
8.955505907535553645e-01,-3.088574442608496007e-01
9.039462327957153986e-01,-3.000713221235957739e-01
8.970174968242645708e-01,-4.289547326006823980e-01
8.988480329513549583e-01,-3.243436843877685050e-01
9.010496258735657404e-01,-4.015996157331209737e-01
8.907326579093933772e-01,-5.867620698868472040e-01
9.010579109191895197e-01,-1.562299136829969903e-01
9.002734422683715820e-01,-3.156744084433418251e-01
8.905686855316162776e-01,-3.551068152127903055e-01
9.036765098571777344e-01,-1.011052879210692090e-01
8.982324004173278809e-01,-6.076031987578045523e-01
8.963524937629699929e-01,-4.138343858404054387e-01
9.081665754318237749e-01,-1.476029570327677121e-01
8.958750367164611816e-01,-5.012903906083296945e-01
9.000393271446228693e-01,-1.492296283101555154e-01
9.076501369476318581e-01,-4.095234354377197405e-03
8.975604176521301270e-01,-4.636906339818303024e-01
9.048187971115112527e-01,-2.189555340911475412e-03
9.025983333587647151e-01,-1.753282740977959442e-01
8.909228026866913286e-01,-2.972426705389032975e-01
9.022938370704650657e-01,-8.125304485831774670e-02
8.919624686241149902e-01,4.963603800878901851e-02
8.898937642574310525e-01,-2.744574756840822971e-02
9.009083271026611106e-01,-4.244793736125895833e-02
8.981065511703490989e-01,-4.710137444130597650e-01
8.958172440528869851e-01,-2.786508308798700817e-01
9.040837287902832031e-01,-2.870907212694673305e-01
8.971686065196990967e-01,-4.006423757688057918e-01
8.991600096225739192e-01,-2.997039307288411614e-01
9.011791825294495073e-01,-3.876291928032160605e-01
8.908466041088104470e-01,-5.543187132793909733e-01
9.012514114379882590e-01,-1.348787062395051528e-01
9.004242539405823420e-01,-3.127392096091003992e-01
8.908397555351257324e-01,-3.261540513625336146e-01
9.039016485214234065e-01,-1.008659779299900805e-01
8.983752131462097168e-01,-5.970449093626712944e-01
8.966722309589386652e-01,-3.814144359222177982e-01
9.082844495773315652e-01,-1.338407600105928630e-01
8.961936950683594416e-01,-4.770058568657380427e-01
9.002295255661011408e-01,-1.165037061498530591e-01
9.077157735824584739e-01,8.710658971052609445e-03
8.978916406631469727e-01,-4.230026924000314104e-01
9.049058198928833230e-01,2.331118997605985399e-02
9.026696205139160822e-01,-1.504119469984748214e-01
8.911740720272064431e-01,-2.534820860434798817e-01
9.024812579154968262e-01,-5.826599071524452000e-02
8.919609010219574641e-01,7.531823198096798677e-02
8.902188420295715776e-01,1.101649874424914799e-02
9.009282350540160911e-01,-1.809243453680542402e-02
8.982207059860229936e-01,-4.321133248773003643e-01
8.961698651313781960e-01,-2.403670371661941196e-01
9.042468428611755149e-01,-2.661018493758486869e-01
8.973483324050903764e-01,-3.707846156846805741e-01
8.994147419929504617e-01,-2.746421076490284108e-01
9.012861251831054688e-01,-3.734919269922061247e-01
8.909597039222717507e-01,-5.273542072423387239e-01
9.014039874076843484e-01,-1.100163081522582686e-01
9.005565643310546875e-01,-2.990122162475850054e-01
8.911434769630431907e-01,-2.908309229610233082e-01
9.040608286857605425e-01,-9.114714603877427379e-02
8.985373675823211670e-01,-5.905573241115620320e-01
8.969980895519257258e-01,-3.500485360351590636e-01
9.084073424339295100e-01,-1.184181860784838669e-01
8.965269267559051736e-01,-4.455976376844823506e-01
9.004040002822876199e-01,-8.116915528397994350e-02
9.078062295913696955e-01,2.662108309210831081e-02
8.981851816177368608e-01,-3.762065411867836495e-01
9.050462722778320757e-01,5.125016330072895698e-02
9.026861310005188654e-01,-1.251227981524882793e-01
8.913796007633209006e-01,-2.066923014497130673e-01
9.025680661201477273e-01,-2.644899711260784159e-02
8.922115325927734153e-01,1.077711385176454151e-01
8.904905140399933527e-01,5.481434668898765850e-02
9.009635806083678977e-01,1.477954536453118806e-02
8.984197378158569336e-01,-3.855151006285053583e-01
8.964823544025420921e-01,-1.984640075311010499e-01
9.043832540512085627e-01,-2.397916071172230268e-01
8.975375175476074663e-01,-3.213569908371365358e-01
8.995699763298035112e-01,-2.335328456604006675e-01
9.013810157775878906e-01,-3.380755463406512895e-01
8.911193549633026345e-01,-4.831254889615497206e-01
9.015697121620178667e-01,-7.073557672926833462e-02
9.006597280502319780e-01,-2.718100855010812111e-01
8.915474236011505793e-01,-2.374700380488383722e-01
9.043033123016357422e-01,-6.252188858475937749e-02
8.986984848976135032e-01,-5.594509575951103209e-01
8.973586797714233620e-01,-3.024867052025674852e-01
9.085604071617127131e-01,-8.285556043238084811e-02
8.968870282173156960e-01,-3.951191461155496576e-01
9.006303548812866211e-01,-2.214778389266980341e-02
9.078913211822510210e-01,6.039038183323341968e-02
8.985068261623382346e-01,-3.128777772095685528e-01
9.052116394042969416e-01,9.213846614266429924e-02
9.027371644973755105e-01,-8.410079630145306240e-02
8.916936933994293879e-01,-1.470252799416265077e-01
9.026883244514465332e-01,1.444024199689808441e-02
8.923267304897308794e-01,1.491212085254649544e-01
8.908183515071869119e-01,1.083175442719239712e-01
9.010690927505493608e-01,6.198578177375901888e-02
8.986319065093993919e-01,-3.322049614186539657e-01
8.968906521797180842e-01,-1.472655262002762200e-01
9.044655919075011985e-01,-2.050639448906976803e-01
8.977741181850433794e-01,-2.674156200310982001e-01
8.998285889625549094e-01,-1.875430080790665421e-01
9.015303850173950195e-01,-2.971202067406517600e-01
8.912317633628845659e-01,-4.305888940186362035e-01
9.017423987388610840e-01,-2.751671665026922398e-02
9.007742404937744141e-01,-2.399775498567704446e-01
8.919407606124878374e-01,-1.799465075171835515e-01
9.045058250427245872e-01,-2.906998455011233773e-02
8.988861501216888206e-01,-5.221758985621400839e-01
8.977702438831329790e-01,-2.506759048804849677e-01
9.086802005767822266e-01,-4.958753934862514257e-02
8.972613811492919922e-01,-3.425338652589582367e-01
9.008274197578430842e-01,4.596324758232528396e-02
9.079599618911743386e-01,1.006472658254673469e-01
8.987797021865845393e-01,-2.556261387804537044e-01
9.054001450538635698e-01,1.364621219551254150e-01
9.027337193489074485e-01,-4.377631379061197592e-02
8.919644236564636675e-01,-8.642966825688924715e-02
9.028245806694030762e-01,5.959642693325317708e-02
8.924875378608704279e-01,1.926501604238897158e-01
8.910415530204772727e-01,1.630071801204904247e-01
9.011759161949157715e-01,1.097605198519344682e-01
8.987570285797119585e-01,-2.788751605898172059e-01
8.972486495971679910e-01,-9.513995272091380073e-02
9.045942902565002885e-01,-1.666039456202104141e-01
8.980228543281555398e-01,-2.139090518849076084e-01
9.000934362411499023e-01,-1.388981029206535212e-01
9.017228960990906206e-01,-2.563197257968510279e-01
8.913943588733673762e-01,-3.718206893784516964e-01
9.018943428993225764e-01,1.918487153833448033e-02
9.009258747100830078e-01,-2.050575782712167339e-01
8.923014819622040461e-01,-1.264537961310394643e-01
9.047131896018981712e-01,5.146101075765852073e-03
8.990901947021484597e-01,-4.833275355033133103e-01
8.982526898384094460e-01,-1.986138103424179846e-01
9.088669896125793901e-01,-1.702340422454495794e-02
8.977044224739074707e-01,-2.788420167178133902e-01
9.010042428970337358e-01,1.159563641280039192e-01
9.080027341842651367e-01,1.416097210590043787e-01
8.990589618682861550e-01,-1.892578757616174556e-01
9.055418968200683594e-01,1.833402902075693675e-01
9.027008771896362083e-01,1.066596016576770722e-03
8.922051668167114702e-01,-2.406731966618247398e-02
9.028799414634705034e-01,1.069322427742704917e-01
8.925458312034607600e-01,2.333130100347928781e-01
8.913316726684570312e-01,2.154726187280280314e-01
9.012964248657227007e-01,1.567648969729127373e-01
8.988954484462737815e-01,-2.291636594148274142e-01
8.975110232830048052e-01,-4.615911475812239928e-02
9.046482086181640847e-01,-1.278812296693758732e-01
8.981969177722931574e-01,-1.597896029869163570e-01
9.003069639205932839e-01,-8.967683144569837950e-02
9.017982840538024680e-01,-2.145818537612349530e-01
8.915297389030456543e-01,-3.141351845570601320e-01
9.021117925643921120e-01,6.044880492964699314e-02
9.009475827217102717e-01,-1.694110630507759119e-01
8.925990343093872514e-01,-7.666158869145300869e-02
9.048815131187438743e-01,3.898580713820987143e-02
8.992538928985596147e-01,-4.438612358478044584e-01
8.986470103263854980e-01,-1.469990644496461663e-01
9.090488791465759499e-01,1.870175747183733250e-02
8.980293631553649680e-01,-2.162721912334326646e-01
9.011273622512817605e-01,1.822931685564634918e-01
9.080579757690430132e-01,1.821310070132131642e-01
8.992799580097198264e-01,-1.285435453489109925e-01
9.056722283363342063e-01,2.300154756506782583e-01
9.026576638221740501e-01,4.444761763882620897e-02
8.924533307552338091e-01,3.914422361117742000e-02
9.029650330543518288e-01,1.520745709505786358e-01
8.925320267677306907e-01,2.750087500297264675e-01
8.915861129760742632e-01,2.669006728671963202e-01
9.014142274856568049e-01,1.983456633101603472e-01
8.990078091621399592e-01,-1.737886757044857511e-01
8.977258384227753130e-01,4.398585047294290007e-03
9.047079682350158691e-01,-8.490355211659750267e-02
8.983425259590148704e-01,-1.105926744688003893e-01
9.005473732948303667e-01,-4.315594289824575824e-02
9.019383192062377930e-01,-1.749174398877593184e-01
8.917314410209655762e-01,-2.542943917878459636e-01
9.022915005683899148e-01,1.057057322566126167e-01
9.009728908538818803e-01,-1.312403704596447618e-01
8.929250538349151611e-01,-2.509365617721748265e-02
9.051009774208068626e-01,7.342285191078001816e-02
8.994052827358246516e-01,-3.989447354095565501e-01
8.989719212055206077e-01,-9.205570008941155180e-02
9.091690421104431374e-01,5.240626649706792151e-02
8.982170462608337624e-01,-1.603863799364999565e-01
9.011953473091125488e-01,2.479172861100829017e-01
9.080062270164489524e-01,2.187675315629449280e-01
8.993757367134094238e-01,-6.231197739540128566e-02
9.057236194610596147e-01,2.741121802039945266e-01
9.026600956916809304e-01,8.998168016672813962e-02
8.927049517631531206e-01,1.032160095325247440e-01
9.030330181121826172e-01,1.988707221638263967e-01
8.924973309040069580e-01,3.197121559688764769e-01
8.917750060558319314e-01,3.218899143383966432e-01
9.015081405639648882e-01,2.402271587911273265e-01
8.991194963455200195e-01,-1.215803361718705844e-01
8.979700565338134544e-01,5.675429309554225199e-02
9.047590732574463113e-01,-4.443788045609053938e-02
8.985449612140655740e-01,-5.799353685216201981e-02
9.007414340972900169e-01,6.223932303191404003e-03
9.020918130874634455e-01,-1.292444352523602902e-01
8.919346213340759721e-01,-1.929580052011461433e-01
9.024874448776245561e-01,1.502143945410505665e-01
9.009521484375000444e-01,-9.399545924245211737e-02
8.932230830192565696e-01,3.112490461435246658e-02
9.052692651748657227e-01,1.050671977733741436e-01
8.995104014873505083e-01,-3.543284023544845951e-01
8.992944240570068803e-01,-3.936911508166707208e-02
9.092866420745849831e-01,8.918585273160717364e-02
8.983863532543182595e-01,-1.048967970755012580e-01
9.013004541397094949e-01,3.188653955779070515e-01
9.079330563545227051e-01,2.577791796861066409e-01
8.994982361793518733e-01,-2.936322355326481670e-03
9.058119773864746760e-01,3.192882140128494584e-01
9.026450157165527566e-01,1.350071621502095809e-01
8.930047988891601785e-01,1.724597375145902056e-01
9.030921220779418723e-01,2.391201160154947658e-01
8.925267398357391579e-01,3.637762784107310132e-01
8.920244932174682395e-01,3.762649642831972230e-01
9.015850901603699175e-01,2.824108814439254544e-01
8.992193281650543435e-01,-6.762885367606852327e-02
8.982269048690796343e-01,1.067109091205495908e-01
9.047858119010925293e-01,-3.437974519724384947e-03
8.986727535724640115e-01,-6.138544700740489191e-03
9.008792638778686523e-01,5.921105920114033694e-02
9.021500229835510698e-01,-8.161350787304888499e-02
8.921411454677582453e-01,-1.299756602251012083e-01
9.025931715965270774e-01,1.989849468074558203e-01
9.009552359580993430e-01,-5.494973097971556086e-02
8.935661494731903520e-01,8.535988893057178117e-02
9.054035186767578347e-01,1.413674150116994710e-01
8.995623528957367165e-01,-3.089473259476398503e-01
8.995569646358489990e-01,1.522520872819876914e-02
9.094179987907410334e-01,1.263833888097205538e-01
8.985535025596619318e-01,-4.207867343136273419e-02
9.013556599617004172e-01,3.808358225635060101e-01
9.077702045440674272e-01,3.002651295107372498e-01
8.996022641658782959e-01,6.042521098686437497e-02
9.057902336120605691e-01,3.633849185661652825e-01
9.026338577270508479e-01,1.810310798711181057e-01
8.932966232299804910e-01,2.485554460862933190e-01
9.031078457832336648e-01,2.786594445415206955e-01
8.926118373870849387e-01,4.062626027423896780e-01
8.922153234481812190e-01,4.334368327152855471e-01
9.016431212425232156e-01,3.251192884433620200e-01
8.993104100227355957e-01,-1.095788839432110251e-02
8.984597563743591531e-01,1.586625240852703733e-01
9.047806262969970703e-01,3.876222644231930303e-02
8.987886488437653032e-01,4.521872761007994512e-02
9.009980440139770952e-01,1.102743434947517365e-01
9.021063089370727761e-01,-3.283789976176176850e-02
8.922617375850677712e-01,-6.702140327617822635e-02
9.027375578880310059e-01,2.429985108004908412e-01
9.009588599205017312e-01,-1.567349364106496168e-02
8.938393414020538996e-01,1.417801217568777083e-01
9.055411458015442117e-01,1.765530993338262356e-01
8.996214628219604270e-01,-2.649470569541088061e-01
8.998775482177734375e-01,6.742062776833801507e-02
9.095548987388610840e-01,1.658227239591925084e-01
8.986934900283813921e-01,1.442338918062491260e-02
9.013335466384887473e-01,4.442417349885494637e-01
9.076235055923461692e-01,3.476084354923201225e-01
8.996692597866058350e-01,1.240577001640250643e-01
9.058239817619323508e-01,4.118685984488985596e-01
9.026580572128296565e-01,2.272122905439100116e-01
8.936546981334686501e-01,3.175628601335063195e-01
9.031304240226746272e-01,3.179223868806668740e-01
8.926119029521942805e-01,4.469071015089065568e-01
8.924681305885314719e-01,4.925516436101551321e-01
9.016734838485718218e-01,3.706559725204621181e-01
8.994130492210388184e-01,3.898543263118137148e-02
8.987112581729889138e-01,2.080105661893023594e-01
9.047971725463866965e-01,8.313007408411898780e-02
8.988987207412719727e-01,9.921365292116401946e-02
9.011108279228210449e-01,1.635363585514673090e-01
9.021284818649292214e-01,1.839204015943929349e-02
8.923652112483978494e-01,-4.726840457592640377e-03
9.028571724891663042e-01,2.877569692727997008e-01
9.009614348411559837e-01,2.321718871195876943e-02
8.940728187561035600e-01,2.022382893622318711e-01
9.056679964065551536e-01,2.122518582847137125e-01
8.997445285320282427e-01,-2.196508063891724483e-01
9.002011656761169656e-01,1.192509024558918718e-01
9.096527576446533647e-01,2.019031055719100465e-01
8.987900018692016602e-01,7.020209146746569928e-02
9.013550639152526633e-01,5.093853600248698932e-01
9.074534177780151367e-01,3.900468229243574392e-01
8.997656762599944846e-01,1.807880248097566422e-01
9.058575034141540527e-01,4.582291979882420208e-01
9.026131391525268333e-01,2.740825941487594619e-01
8.939090371131896973e-01,3.838352493530998721e-01
9.031080126762390803e-01,3.656619212981833122e-01
8.926248967647553156e-01,4.909142988824606313e-01
8.926638066768646240e-01,5.466907541271317506e-01
9.017568349838257502e-01,4.159057842138906835e-01
8.994055986404418945e-01,9.127897251273342505e-02
8.988462924957275613e-01,2.589330358402754939e-01
9.047922730445862038e-01,1.284162129592916202e-01
8.990019798278808816e-01,1.568768745743720494e-01
9.012157082557678001e-01,2.161328746189075112e-01
9.021046280860901545e-01,6.682665962146616678e-02
8.924774944782257746e-01,5.945561229061535613e-02
9.029832959175110307e-01,3.274887944113680227e-01
9.009317278862000178e-01,6.479346096486704454e-02
8.942596614360809326e-01,2.605965960599503362e-01
9.058224201202392800e-01,2.483288693341765274e-01
8.997489631175995539e-01,-1.754434350089959516e-01
9.004787802696228027e-01,1.699348111298428776e-01
9.096367955207824707e-01,2.424393718072503923e-01
8.988404750823975053e-01,1.201156391842190807e-01
9.013754248619080256e-01,5.735747411531009199e-01
9.072816729545593040e-01,4.333177394802887328e-01
8.998294591903687190e-01,2.397399251473188997e-01
9.057481288909912109e-01,5.037965916416626833e-01
9.025594353675842063e-01,3.183643051740521202e-01
8.940696775913238303e-01,4.430099813724956981e-01
9.030762434005737971e-01,4.144976377875111417e-01
8.925355911254883035e-01,5.360356546651847687e-01
8.927805125713348389e-01,5.990277368239653732e-01
9.017537117004394975e-01,4.616080003974962764e-01
8.994141638278961848e-01,1.434167174705152092e-01
8.990617454051971214e-01,3.169138394534756209e-01
9.047939419746399148e-01,1.694816576256092944e-01
8.990685343742370605e-01,2.092378257210163461e-01
9.013003110885620117e-01,2.640817584652395134e-01
9.020678043365478738e-01,1.149710361365667843e-01
8.925545573234557883e-01,1.225817679655247794e-01
9.031190276145935059e-01,3.699844814187338571e-01
9.008873224258423518e-01,1.054390832524685351e-01
8.944119870662688987e-01,3.129878822758862533e-01
9.059199810028076838e-01,2.868514112783886461e-01
8.998095393180847168e-01,-1.295676348177767778e-01
9.007231116294861506e-01,2.244870028990262334e-01
9.096395254135132280e-01,2.860862934195873564e-01
8.989010632038116899e-01,1.730559527036317213e-01
9.014557242393493874e-01,6.393336812369057043e-01
9.071028947830200861e-01,4.758883278933132566e-01
8.998980522155761719e-01,3.011935324338739228e-01
9.056619644165039285e-01,5.473442688915017840e-01
9.025223493576050027e-01,3.601330740395023433e-01
8.942065358161926936e-01,5.018109553776564091e-01
9.030143618583679199e-01,4.591898085158123699e-01
8.925097286701202393e-01,5.823820229374532254e-01
8.929661333560944270e-01,6.527822286228857074e-01
9.017042636871338557e-01,5.010821647005991863e-01
8.993705630302429865e-01,1.969536206859978655e-01
8.992447137832642046e-01,3.685546135847137528e-01
9.047997713088989924e-01,2.088404737639981690e-01
8.992030382156371848e-01,2.604760047968404102e-01
9.014372825622558594e-01,3.094383046617310562e-01
9.020292401313781960e-01,1.600354668509900158e-01
8.926132321357727051e-01,1.844001450976366918e-01
9.032705545425415705e-01,4.116203002891407614e-01
9.008780241012573908e-01,1.443739574348308352e-01
8.945591568946839045e-01,3.661573940966138530e-01
9.060131907463073730e-01,3.279625458021575568e-01
8.998232901096344660e-01,-7.808752420167630603e-02
9.009488463401794656e-01,2.851084555687157795e-01
9.096448898315430132e-01,3.280543000240894180e-01
8.989442706108093928e-01,2.255685791967345644e-01
9.014360904693603516e-01,6.976152139938247565e-01
9.069511413574219416e-01,5.180304802659714269e-01
8.999711334705352561e-01,3.670326170217332873e-01
9.055653452873230203e-01,5.924498953790378053e-01
9.025098323822021706e-01,4.044683395698407402e-01
8.943488776683807817e-01,5.576188692127037605e-01
9.029249191284179910e-01,5.079172924739636663e-01
8.924268066883087602e-01,6.295238441378150362e-01
8.931390762329102229e-01,7.042687058584671256e-01
9.017269015312194824e-01,5.157489834496140624e-01
8.994725704193115012e-01,2.109807814306892126e-01
8.993049263954162598e-01,3.722948152762697305e-01
9.047902464866638406e-01,2.110021283313017193e-01
8.992563486099243164e-01,2.606741190148067489e-01
9.014723658561706321e-01,3.110745258683405012e-01
9.020874261856078880e-01,1.550241883054095382e-01
8.926679909229279231e-01,1.766100244021266974e-01
9.032637000083924006e-01,4.060030693717830985e-01
9.009547114372253862e-01,1.359565374669307047e-01
8.945246815681457964e-01,3.520343595526793656e-01
9.059742927551269753e-01,3.123942886360429050e-01
8.998795211315154807e-01,-9.474709484823495842e-02
9.008851170539856623e-01,2.620058660074144896e-01
9.096049904823303445e-01,3.105659453239195678e-01
8.990138709545135720e-01,2.032569484791868497e-01
9.014787673950195312e-01,6.680726015740074963e-01
9.070569634437560813e-01,4.994998725060639799e-01
8.999759793281555398e-01,3.297178602437642603e-01
9.056186437606811301e-01,5.620226973583939412e-01
9.025077819824218750e-01,3.736853598723195446e-01
8.943316817283630815e-01,5.190135612152388944e-01
9.029151797294616699e-01,4.729001363145681758e-01
8.925048112869262695e-01,5.924019584794164572e-01
8.930398702621460405e-01,6.582844858825573908e-01
9.016747593879700373e-01,5.085232448457408516e-01
8.995058596134185569e-01,2.050478410884810643e-01
8.992157816886902078e-01,3.731865165106338367e-01
9.048006057739258479e-01,2.101179172375036153e-01
8.992683351039886253e-01,2.582173529092086639e-01
9.014609217643737571e-01,3.090076215791950354e-01
9.020836591720581277e-01,1.523745510802410053e-01
8.926697969436645508e-01,1.753284613513099721e-01
9.032626032829285112e-01,4.046301266060630120e-01
9.009498357772827148e-01,1.355498228342053579e-01
8.945230603218078391e-01,3.509692615642161506e-01
9.059645652770996760e-01,3.117613717582288224e-01
8.998757481575012651e-01,-9.666531984714854531e-02
9.008811831474304865e-01,2.597299867964819597e-01
9.096050620079040305e-01,3.094154597330054379e-01
8.990216612815856712e-01,2.016147351601249582e-01
9.014885783195495383e-01,6.664079178332475983e-01
9.070503592491150346e-01,4.982786050868024397e-01
8.999830543994903342e-01,3.284718753606354902e-01
9.056240439414978693e-01,5.616785253993934468e-01
9.025182127952575684e-01,3.736070879034061321e-01
8.943227112293243852e-01,5.174267749363639091e-01
9.029075503349304199e-01,4.722376333815190286e-01
8.925041079521179865e-01,5.913376095050093539e-01
8.930411159992218684e-01,6.571205180386248124e-01
9.016870379447937678e-01,5.072622796814800772e-01
8.995048522949219416e-01,2.036494318448371921e-01
8.992254972457885964e-01,3.724150320323516006e-01
9.047955155372620073e-01,2.099190540054802767e-01
8.992580652236938921e-01,2.582555526260947865e-01
9.014624714851379172e-01,3.089102497518387835e-01
9.020743489265442561e-01,1.537752073660545449e-01
8.926553905010223833e-01,1.741940795626124583e-01
9.032556414604187012e-01,4.036766317120306091e-01
9.009470105171203391e-01,1.353696849535968028e-01
8.945205211639404297e-01,3.502723039845636599e-01
9.059458017349243386e-01,3.120190325936937903e-01
8.998710513114929199e-01,-9.771543755448020008e-02
9.008705019950866699e-01,2.590255390762639109e-01
9.096067190170288308e-01,3.088458345429723195e-01
8.990071475505828635e-01,2.008728367370777868e-01
9.014747500419616477e-01,6.655802573007214562e-01
9.070482730865478960e-01,4.976557998987520826e-01
8.999733507633209673e-01,3.270090509081251540e-01
9.056170582771301270e-01,5.607823300806895617e-01
9.025199413299560547e-01,3.727532118788996485e-01
8.943224012851714866e-01,5.174136671903739604e-01
9.029211997985839844e-01,4.721028108513336541e-01
8.924986481666564719e-01,5.911919262710036982e-01
8.930401325225830744e-01,6.568299005846696126e-01
9.016769289970397727e-01,5.068619316682356768e-01
8.994991779327392578e-01,2.023191828803430070e-01
8.992135643959046076e-01,3.711480747556383797e-01
9.047997236251831277e-01,2.080364071742546450e-01
8.992419540882110596e-01,2.572492522410727567e-01
9.014468908309937190e-01,3.074976092411199069e-01
9.020610213279723899e-01,1.532875992152180622e-01
8.926528573036194292e-01,1.727503549685454054e-01
9.032564282417298029e-01,4.048705601182267522e-01
9.009505987167358843e-01,1.348659730005432600e-01
8.945194661617279497e-01,3.489506686817200887e-01
9.059524416923523393e-01,3.104843027917518761e-01
8.998740494251251665e-01,-9.865207963223987520e-02
9.008762001991271751e-01,2.575997908195546415e-01
9.096040487289428489e-01,3.080601187976150790e-01
8.989986479282379150e-01,2.003241839406291191e-01
9.014760971069336604e-01,6.650016439420096681e-01
9.070625782012939897e-01,4.967955572547646526e-01
8.999685585498810036e-01,3.245080929731885000e-01
9.056290268898010698e-01,5.601962265814117714e-01
9.025167226791381836e-01,3.715499207969963358e-01
8.943316340446472168e-01,5.157441148582462276e-01
9.029292464256286621e-01,4.698100788241279524e-01
8.925066769123077837e-01,5.896961452000035742e-01
8.930278301239014116e-01,6.550386334683473422e-01
9.016827344894409180e-01,5.058552567761855911e-01
8.994935989379883035e-01,2.024513838613302141e-01
8.991906046867370605e-01,3.701091922591555061e-01
9.048050880432129128e-01,2.073330829751212079e-01
8.992412984371185303e-01,2.565339438170344266e-01
9.014432549476624201e-01,3.078575104953089614e-01
9.020547866821289062e-01,1.534932035737504030e-01
8.926571786403656450e-01,1.708598434897252716e-01
9.032415390014648660e-01,4.037867367783487538e-01
9.009501814842224565e-01,1.340476751437242875e-01
8.945132136344909890e-01,3.476852094331199794e-01
9.059448122978210893e-01,3.093252035391866883e-01
8.998736917972565141e-01,-9.906066680010683356e-02
9.008571267127990501e-01,2.566470449395787945e-01
9.096033096313477229e-01,3.066609605399146510e-01
8.989928364753723145e-01,1.990954263808020208e-01
9.014745831489563432e-01,6.637253239895892776e-01
9.070670604705810547e-01,4.952881664658876915e-01
8.999637424945831077e-01,3.229014578218141196e-01
9.056379556655883567e-01,5.584420356608905678e-01
9.025257349014282893e-01,3.702810909851415033e-01
8.943251788616181086e-01,5.137187808492411634e-01
9.029137134552002175e-01,4.694243365849866123e-01
8.925025761127471924e-01,5.893122754960038456e-01
8.930245935916900635e-01,6.549813338930183804e-01
9.016741752624511941e-01,5.045628330215485846e-01
8.994965851306915283e-01,2.013866603798946109e-01
8.991826593875885676e-01,3.694036210178524016e-01
9.048089623451233132e-01,2.061473937235476228e-01
8.992531478404999223e-01,2.563043710086914118e-01
9.014537692070007102e-01,3.067212561714698360e-01
9.020734429359436035e-01,1.522284933392068496e-01
8.926538228988647461e-01,1.700419201399347990e-01
9.032415509223937766e-01,4.033923808775567998e-01
9.009473919868469238e-01,1.337746595200992594e-01
8.945015251636505571e-01,3.475518849310477165e-01
9.059491395950317605e-01,3.080192975315312331e-01
8.998783409595489946e-01,-9.960407649815916642e-02
9.008496284484863725e-01,2.558223804632788756e-01
9.095967888832092729e-01,3.065695808250112897e-01
8.989870071411133479e-01,1.982022271183243589e-01
9.014792084693908913e-01,6.618520398340708155e-01
9.070701837539673074e-01,4.940421815827589214e-01
8.999510884284973589e-01,3.221591848917388923e-01
9.056343197822570579e-01,5.576125025932228141e-01
9.025231003761291504e-01,3.700035812771766963e-01
8.943149507045745628e-01,5.124125003345572082e-01
9.029162645339966486e-01,4.681049483243127085e-01
8.924994051456451860e-01,5.886707449565391492e-01
8.930391490459442805e-01,6.542083513866230327e-01
9.016806960105896440e-01,5.030846537808786323e-01
8.994943857192992942e-01,1.997961290307368465e-01
8.991721272468566895e-01,3.681535165574123525e-01
9.048042178153992143e-01,2.049193851777770803e-01
8.992518782615661621e-01,2.549973414799509008e-01
9.014481902122497559e-01,3.060928333779950883e-01
9.020742654800415483e-01,1.512678828116369445e-01
8.926537513732910600e-01,1.692131360863236011e-01
9.032310009002685325e-01,4.019748717754700884e-01
9.009457707405090776e-01,1.327365260376729417e-01
8.945123076438904475e-01,3.472466617029894564e-01
9.059420228004455566e-01,3.064141604082699644e-01
8.998634994029999223e-01,-1.005710536452100179e-01
9.008415341377258301e-01,2.549741220441967826e-01
9.095918059349060725e-01,3.053370781949009682e-01
8.989712953567504661e-01,1.971270174400969744e-01
9.014818549156189409e-01,6.613846550627617837e-01
9.070743322372436523e-01,4.944792312847758886e-01
8.999436855316161887e-01,3.211783509846410922e-01
9.056336164474487749e-01,5.566013336168333936e-01
9.025236725807189719e-01,3.690542059604555725e-01
8.943042576313019465e-01,5.103197550604594568e-01
9.029285430908203791e-01,4.672877739885783477e-01
8.925091624259948730e-01,5.867000889736644353e-01
8.930314064025879350e-01,6.527728659471785377e-01
9.016897320747375710e-01,5.025719536591464198e-01
8.994845926761627641e-01,1.981801312036552964e-01
8.991832435131072998e-01,3.666809549221667908e-01
9.048011779785156694e-01,2.042636233712369354e-01
8.992408096790314165e-01,2.536652199803146601e-01
9.014348268508911577e-01,3.038030974070156098e-01
9.020831108093262385e-01,1.496545065337535618e-01
8.926572442054748757e-01,1.685768486452547954e-01
9.032280564308167170e-01,4.010640706826631430e-01
9.009484291076660378e-01,1.318553110001006168e-01
8.945132553577422874e-01,3.458677268248169234e-01
9.059489846229553667e-01,3.057055931107406366e-01
8.998683393001556396e-01,-1.019855666910700620e-01
9.008385300636291282e-01,2.530720008474998117e-01
9.095973253250122514e-01,3.040798581009234169e-01
8.989697575569153276e-01,1.950001920264243793e-01
9.014914870262146218e-01,6.600296886343999248e-01
9.070940494537353960e-01,4.932617089357975715e-01
8.999434411525726318e-01,3.203754079159821799e-01
9.056264758110046387e-01,5.563481668657077606e-01
9.025223970413208674e-01,3.672708034917273601e-01
8.943200945854187234e-01,5.101695777421140221e-01
9.029393672943115678e-01,4.658414278453131274e-01
8.925075650215149592e-01,5.846028496152273490e-01
8.930156767368316872e-01,6.514310072648066274e-01
9.016937375068664329e-01,5.022004426870800842e-01
8.994897365570068137e-01,1.970858216669850727e-01
8.991844475269318293e-01,3.655881434136096786e-01
9.048087477684021440e-01,2.031517120042369839e-01
8.992389976978302224e-01,2.515294063979633954e-01
9.014353156089782715e-01,3.016882562182483518e-01
9.020754218101502131e-01,1.486669315001463154e-01
8.926462054252625178e-01,1.668586103994491587e-01
9.032231330871581809e-01,3.990522189266760833e-01
9.009446024894715022e-01,1.305917242866421191e-01
8.944988131523132768e-01,3.447644291194675858e-01
9.059297442436218262e-01,3.052097458052815959e-01
8.998673796653747781e-01,-1.035686078996622683e-01
9.008291363716125488e-01,2.511099585262757117e-01
9.095807671546936035e-01,3.025215343561988846e-01
8.989605426788330744e-01,1.936632019354207479e-01
9.014731645584106445e-01,6.573834219724861150e-01
9.070955991744995561e-01,4.909884512740627649e-01
8.999372839927674006e-01,3.178954223746299768e-01
9.056178331375122070e-01,5.552875629615834363e-01
9.025042414665221946e-01,3.671618219464942712e-01
8.942966580390930842e-01,5.085333565355045771e-01
9.029321670532226562e-01,4.637778941194223847e-01
8.925056755542755127e-01,5.835497358516690269e-01
8.929972469806671809e-01,6.487360546892144697e-01
9.016770243644715022e-01,5.010926508973914117e-01
8.994666814804077593e-01,1.965397904197345724e-01
8.991704404354096125e-01,3.637942547480887967e-01
9.047963976860046165e-01,2.027056741335404588e-01
8.992340087890625666e-01,2.508290782550566256e-01
9.014240384101868120e-01,3.007961804768557457e-01
9.020708799362182617e-01,1.482456110933174642e-01
8.926375389099121538e-01,1.653070277812340727e-01
9.032230734825134055e-01,3.991578299086548931e-01
9.009473323822021484e-01,1.306471513268294693e-01
8.944809257984162043e-01,3.433222025535136446e-01
9.059250712394714133e-01,3.036896217774427420e-01
8.998633146286011408e-01,-1.046112354664283650e-01
9.008268237113953303e-01,2.498006819553655333e-01
9.095840692520141824e-01,3.018032298759338872e-01
8.989702701568603738e-01,1.919348519998513858e-01
9.014747381210327370e-01,6.560726473734623809e-01
9.070870876312255859e-01,4.911824459147182687e-01
8.999408960342407671e-01,3.166138593238132515e-01
9.056176185607910378e-01,5.543149682091081942e-01
9.024982094764709695e-01,3.660892338174646099e-01
8.943005323410034846e-01,5.073319379887428759e-01
9.029430031776428667e-01,4.627416331721372345e-01
8.924950003623962624e-01,5.831696112179520775e-01
8.930020987987518089e-01,6.472031974224137230e-01
9.016907572746276633e-01,5.002844647303366088e-01
8.994845151901245117e-01,1.953368738448593156e-01
8.991594314575195312e-01,3.634088870159759566e-01
9.048079490661621316e-01,2.027180328654742958e-01
8.992186605930329035e-01,2.501418578581398044e-01
9.014079093933106135e-01,3.001231913470143731e-01
9.020661473274230735e-01,1.479171684295050859e-01
8.926281988620757835e-01,1.640778957143784744e-01
9.032127857208251953e-01,3.990615816023836970e-01
9.009427905082703081e-01,1.292423754637046507e-01
8.944891393184661865e-01,3.415837409281801129e-01
9.059139013290405940e-01,3.023773491503063404e-01
8.998580336570739524e-01,-1.058521645046752724e-01
9.008194684982300249e-01,2.488014972038814498e-01
9.095964670181274636e-01,3.002902214816329796e-01
8.989658117294311301e-01,1.904705295192279380e-01
9.014667272567749023e-01,6.554090209193286221e-01
9.070878148078919123e-01,4.909135498684040755e-01
8.999342858791351540e-01,3.151641426172933080e-01
9.056331634521485041e-01,5.527236878458938740e-01
9.025177121162414329e-01,3.652439714546087401e-01
8.943012118339538352e-01,5.051227210288460334e-01
9.029448390007018821e-01,4.615900240601380489e-01
8.924893498420715110e-01,5.832872064248362243e-01
8.929865121841430442e-01,6.473878293873620571e-01
9.016927242279052512e-01,4.991354771675351465e-01
8.994790434837341975e-01,1.938032675640020130e-01
8.991581916809082697e-01,3.626617454945328944e-01
9.048062443733215776e-01,2.022540186574199872e-01
8.992216348648071067e-01,2.499478632174843007e-01
9.014228701591492365e-01,3.008310096304871450e-01
9.020653128623962180e-01,1.472340676098995438e-01
8.926214575767517090e-01,1.639610495215508834e-01
9.032087564468384011e-01,3.970489808323400815e-01
9.009407281875611018e-01,1.283843798618868881e-01
8.944926083087921809e-01,3.407714351838140310e-01
9.059086322784424272e-01,3.025342675951607774e-01
8.998621046543121560e-01,-1.058330646462319891e-01
9.008140087127686213e-01,2.479899404735719237e-01
9.096013307571411133e-01,3.000853661371567505e-01
8.989777863025665283e-01,1.898158912337728488e-01
9.014614343643189143e-01,6.544353026457683242e-01
9.070872426033019797e-01,4.903401796080886221e-01
8.999167561531067339e-01,3.147203517887668944e-01
9.056193113327026811e-01,5.527068350296207022e-01
9.025313258171081543e-01,3.651421055429131535e-01
8.942971467971801980e-01,5.044141537313167056e-01
9.029349565505981889e-01,4.604653794541762046e-01
8.924744367599487527e-01,5.825745195499956175e-01
8.929836332798004594e-01,6.456366345230666326e-01
9.016973733901977317e-01,4.984130531099593142e-01
8.994800567626953791e-01,1.934534779995771281e-01
8.991629123687744363e-01,3.624954643739708438e-01
9.048138976097107600e-01,2.006129288594427074e-01
8.992170989513397217e-01,2.493392892965093921e-01
9.014124751091003862e-01,3.010699451145373295e-01
9.020631670951843040e-01,1.454753826050385612e-01
8.926220417022705522e-01,1.627948346354486375e-01
9.032141566276550293e-01,3.960864977696290090e-01
9.009337306022644487e-01,1.283649054964155489e-01
8.944955408573150857e-01,3.395164621320061471e-01
9.059046149253845437e-01,3.006164171032752463e-01
8.998629391193390115e-01,-1.083383294119939499e-01
9.008216381072998713e-01,2.464267481374795565e-01
9.096001744270324485e-01,2.990550973023244907e-01
8.989703953266143799e-01,1.880283691877333574e-01
9.014719605445862260e-01,6.518261121796551372e-01
9.070896387100220171e-01,4.896694375204169170e-01
8.999269366264343040e-01,3.134331711325262226e-01
9.056207060813904475e-01,5.514241484577193653e-01
9.025344252586364746e-01,3.636654243303563128e-01
8.942941606044769731e-01,5.024157842283485387e-01
9.029374837875366877e-01,4.598747818705590795e-01
8.924927473068237083e-01,5.809349277801314493e-01
8.929783642292022927e-01,6.426525625216328308e-01
9.016943931579589622e-01,4.981726195977955740e-01
8.994832456111908625e-01,1.936433530629213529e-01
8.991622388362884299e-01,3.606225547254808816e-01
9.048054099082947221e-01,2.000886190198332137e-01
8.992274284362793413e-01,2.469776479760974475e-01
9.014215946197510210e-01,2.990940460332667250e-01
9.020685672760010432e-01,1.442147919478062867e-01
8.926211535930633767e-01,1.602425692376359123e-01
9.032158732414246050e-01,3.937746658839800240e-01
9.009382963180542214e-01,1.275956680603029803e-01
8.944870531558990479e-01,3.372937629190908559e-01
9.059144735336304155e-01,3.005385196413907778e-01
8.998620271682739036e-01,-1.092144886046844121e-01
9.008090376853943315e-01,2.449204808696872071e-01
9.096086382865905540e-01,2.974020232794418739e-01
8.989766955375672053e-01,1.872576337235076771e-01
9.014627814292908159e-01,6.504670261739819992e-01
9.071065068244934526e-01,4.882983672898384420e-01
8.999225378036499468e-01,3.126976393289595535e-01
9.056426286697387695e-01,5.495220272610223944e-01
9.025426387786865678e-01,3.624231845175103217e-01
8.942830801010132058e-01,5.012769083553112459e-01
9.029479980468749778e-01,4.587153081109658359e-01
8.924888193607330988e-01,5.811356635472963994e-01
8.929618179798126665e-01,6.431236923632246416e-01
9.016949415206909624e-01,4.963049530477015026e-01
8.994902312755584939e-01,1.912667314613778480e-01
8.991640627384186457e-01,3.592080416796203934e-01
9.048083424568176270e-01,1.988014383635925419e-01
8.992268741130828857e-01,2.462694551855966196e-01
9.014269471168517844e-01,2.976855250998591274e-01
9.020891189575195312e-01,1.421793462490370530e-01
8.926293075084686945e-01,1.592175435011995432e-01
9.032139897346497248e-01,3.930211577430555714e-01
9.009486198425292747e-01,1.266403006311294099e-01
8.944913744926452637e-01,3.353804065115451039e-01
9.059164285659789817e-01,2.989652156155342411e-01
8.998615086078644021e-01,-1.094506152860224013e-01
9.008016228675842507e-01,2.441100476604627367e-01
9.096128225326538530e-01,2.955508350385924743e-01
8.989583849906921387e-01,1.855966950530310022e-01
9.014675259590149148e-01,6.485488011750684123e-01
9.071274995803833008e-01,4.859767982214537874e-01
8.999210238456726296e-01,3.092671549498016148e-01
9.056420326232910156e-01,5.465136123027494186e-01
9.025426387786865678e-01,3.619984935474267473e-01
8.942819058895111750e-01,4.998904833365727107e-01
9.029365539550781028e-01,4.564918598839935449e-01
8.924875497817993386e-01,5.786474388513216383e-01
8.929569840431214045e-01,6.414533910170407971e-01
9.017031908035278986e-01,4.950952953463172435e-01
8.994892477989196999e-01,1.882923966426797158e-01
8.991487979888915794e-01,3.564482993881337158e-01
9.048093557357788086e-01,1.961349483221503931e-01
8.992254972457885964e-01,2.428805410865786385e-01
9.014256238937378152e-01,2.948553754870535393e-01
9.020975232124328613e-01,1.391121336873224479e-01
8.926352560520172119e-01,1.549234459147990073e-01
9.032097458839416504e-01,3.912815725966374281e-01
9.009557247161865678e-01,1.248093357698079053e-01
8.945010125637055109e-01,3.328633447743918339e-01
9.059158802032470925e-01,2.960114786833920597e-01
8.998838365077972412e-01,-1.134183299972661985e-01
9.008127331733704057e-01,2.405952991999384949e-01
9.096204757690430354e-01,2.931697193527096346e-01
8.989762604236603005e-01,1.833504018973330929e-01
9.014791965484619807e-01,6.458257605723543016e-01
9.071284055709839533e-01,4.833799664872744373e-01
8.999114394187927024e-01,3.064242720980336898e-01
9.056657314300536887e-01,5.443785477344542656e-01
9.025525212287902610e-01,3.587739880338296494e-01
8.943037867546081987e-01,4.966974364133518449e-01
9.029557466506957786e-01,4.541347126479213792e-01
8.925063788890839067e-01,5.754742408006001675e-01
8.929762125015259233e-01,6.384831757756539439e-01
9.017166256904601829e-01,4.924538972757708244e-01
8.994929432868957742e-01,1.858539813814679142e-01
8.991359233856200950e-01,3.519029075857487143e-01
9.048181891441345881e-01,1.928400354872339406e-01
8.992345094680785911e-01,2.389875405274795028e-01
9.014388561248779519e-01,2.912046809752593113e-01
9.021214604377746360e-01,1.362452823857442930e-01
8.926578342914581743e-01,1.510349394400392065e-01
9.032081961631774902e-01,3.886480391736855111e-01
9.009562849998474787e-01,1.217338840534707423e-01
8.944883882999420388e-01,3.297242268632452067e-01
9.059162139892578125e-01,2.931685958316245788e-01
8.998883008956909402e-01,-1.158149877248235704e-01
9.007938981056213823e-01,2.368693287754575216e-01
9.096174240112304688e-01,2.913574798428024692e-01
8.989775717258453591e-01,1.804374862312747574e-01
9.014729619026183860e-01,6.416661110091106401e-01
9.071251511573791282e-01,4.817781999272678917e-01
8.999095320701598899e-01,3.031080123625047307e-01
9.056676506996155229e-01,5.412671433434010915e-01
9.025443553924560325e-01,3.553989306948586169e-01
8.942886888980865479e-01,4.920378199673378639e-01
9.029484152793884055e-01,4.509974672719159194e-01
8.925058245658874512e-01,5.729429477963718931e-01
8.929637074470520020e-01,6.354058515241751692e-01
9.017293453216552734e-01,4.899241022996556616e-01
8.994944572448730913e-01,1.823294957382080028e-01
8.991259694099426047e-01,3.487252154506879087e-01
9.048234820365905762e-01,1.902645506536670972e-01
8.992409586906433550e-01,2.355945068511502427e-01
9.014458179473877619e-01,2.883779019257084464e-01
9.021302580833435725e-01,1.338364531797675561e-01
8.926578581333161067e-01,1.479767150470032711e-01
9.032046675682068315e-01,3.861246108170512947e-01
9.009670972824096458e-01,1.194291678013592595e-01
8.945231020450592485e-01,3.266266792322385371e-01
9.059243679046631303e-01,2.916001603971363210e-01
8.998950839042664240e-01,-1.177442606810719106e-01
9.008221864700317605e-01,2.341616429609034711e-01
9.096292614936828391e-01,2.896429866672800557e-01
8.990039825439453125e-01,1.778893404107733112e-01
9.014824032783508301e-01,6.396752316467084754e-01
9.071532368659973589e-01,4.790810003095060665e-01
8.999305665493011475e-01,3.011017782119425057e-01
9.056759357452393022e-01,5.397927091730139182e-01
9.025729775428772417e-01,3.541214872213531706e-01
8.943331778049469216e-01,4.908805932499142877e-01
9.029577016830444558e-01,4.511094448733756757e-01
8.924954473972320779e-01,5.699461425559761985e-01
8.929924309253692849e-01,6.322375220648215333e-01
9.017308592796325906e-01,4.874665871800010208e-01
8.995070815086364524e-01,1.789417051602750774e-01
8.991035640239716242e-01,3.449838902380468753e-01
9.048263072967529519e-01,1.860670758805662572e-01
8.992583394050598367e-01,2.309079258990993644e-01
9.014580726623535600e-01,2.846777724861793146e-01
9.021546363830567072e-01,1.296902858695423433e-01
8.926762223243713823e-01,1.441387670210629857e-01
9.031906366348266824e-01,3.836127921782939154e-01
9.009859204292297585e-01,1.187861392337810074e-01
8.945163905620575617e-01,3.256844195490549154e-01
9.059327125549316850e-01,2.886643998023519231e-01
8.999129891395568626e-01,-1.177169216680065134e-01
9.008244991302490901e-01,2.330703294804594705e-01
9.096545934677123801e-01,2.898620732788312893e-01
8.990188777446747048e-01,1.775373038041787588e-01
9.015095353126526545e-01,6.390917496966288525e-01
9.071772933006286843e-01,4.776260405045902324e-01
8.999726831912994163e-01,2.996621731951862877e-01
9.056737422943115234e-01,5.396784845293849386e-01
9.025756239891052912e-01,3.545428076281820218e-01
8.943581104278565119e-01,4.917812826529575077e-01
9.029903650283813699e-01,4.506255817928215279e-01
8.925616502761840598e-01,5.708183694248689655e-01
8.930069744586944802e-01,6.343392555075983985e-01
9.017561078071594238e-01,4.897866582202725638e-01
8.995398223400116189e-01,1.817512568865247147e-01
8.991929590702056885e-01,3.502576982104605996e-01
9.048535346984863947e-01,1.898402341906120228e-01
8.992750346660614014e-01,2.350821812364460861e-01
9.014710068702698198e-01,2.876667130789809512e-01
9.021888613700866921e-01,1.317744174819894809e-01
8.927081942558289240e-01,1.444627156005360291e-01
9.032006025314330833e-01,3.819421163250815709e-01
9.009987711906433105e-01,1.187239710670846549e-01
8.945581436157227229e-01,3.255765615249068823e-01
9.059744954109192339e-01,2.883610491094352746e-01
8.999636828899383323e-01,-1.179964911646265158e-01
9.008627295494079368e-01,2.328973072333884176e-01
9.096856117248535156e-01,2.902938798824523658e-01
8.990709781646728516e-01,1.774889923975289108e-01
9.015561938285827637e-01,6.370491883643221165e-01
9.072309851646424006e-01,4.780874331634463736e-01
9.000232219696044922e-01,2.996468184070266716e-01
9.057424664497375488e-01,5.401357576109298009e-01
9.026339888572693093e-01,3.538994045535757138e-01
8.943950414657593218e-01,4.928703490912318408e-01
9.030706644058227317e-01,4.511749836033267513e-01
8.926441490650177668e-01,5.722482372588895139e-01
8.930718183517456499e-01,6.369293461152687463e-01
9.018534898757935014e-01,4.915165061839550376e-01
8.996030628681183083e-01,1.826893969923970573e-01
8.992017924785614680e-01,3.513669880282623836e-01
9.049070954322815385e-01,1.907019748627125644e-01
8.992966115474700928e-01,2.377883690228870250e-01
9.014689207077026811e-01,2.893988080848335365e-01
9.022119045257568359e-01,1.357666624035864800e-01
8.927187561988830788e-01,1.467022676297244921e-01
9.032181978225708452e-01,3.853493812684858355e-01
9.010091781616210715e-01,1.210496597127805884e-01
8.945747733116150568e-01,3.266734926107752734e-01
9.059896349906921831e-01,2.901227301705224804e-01
8.999682545661926714e-01,-1.150944362023889056e-01
9.008798003196716309e-01,2.360334290883088215e-01
9.097196936607361284e-01,2.928929586588013834e-01
8.990951895713806818e-01,1.810265857867787709e-01
9.015853762626647727e-01,6.412931020089316370e-01
9.072577714920043723e-01,4.815325233167078167e-01
9.000370740890503152e-01,3.010032828635016422e-01
9.057705640792846902e-01,5.408375837819496823e-01
9.026698708534240945e-01,3.566849878300146770e-01
8.945083558559417947e-01,4.963873445939257500e-01
9.031955838203430398e-01,4.537691937883079341e-01
8.927728354930878352e-01,5.748458180071254198e-01
8.931868791580200861e-01,6.388415790017294427e-01
9.019616246223449707e-01,4.931399941516025898e-01
8.997043430805206077e-01,1.826980106540476712e-01
8.992341935634613481e-01,3.507018635460150691e-01
9.049412608146667480e-01,1.920580648121594791e-01
8.992887198925018089e-01,2.336631741062462631e-01
9.014584422111511230e-01,2.849994740234826907e-01
9.022215008735656738e-01,1.313119013020487280e-01
8.927249610424041748e-01,1.415127237386766268e-01
9.032179355621338113e-01,3.818702109756495489e-01
9.010270595550536887e-01,1.170896223956168214e-01
8.945879817008972612e-01,3.234017992116129392e-01
9.059972882270813654e-01,2.876060429403977103e-01
8.999856889247894731e-01,-1.187876372618941190e-01
9.009765625000000222e-01,2.337425695962442873e-01
9.097671747207641824e-01,2.902837681926881963e-01
8.991835355758667214e-01,1.774433025400772301e-01
9.016376972198486550e-01,6.343999256461816394e-01
9.073839187622070312e-01,4.768627951809301102e-01
9.001643538475037065e-01,2.977338365065089754e-01
9.058752179145813654e-01,5.403256326742740256e-01
9.027370929718018244e-01,3.532908306326003611e-01
8.945525705814362238e-01,4.887324209356291860e-01
9.031775355339050071e-01,4.451087187590463401e-01
8.927593052387238215e-01,5.681908281143694950e-01
8.932066798210144265e-01,6.310660640803229526e-01
9.020513892173767090e-01,4.886118296725192600e-01
8.997570037841796653e-01,1.745569768730277360e-01
8.992345213890076128e-01,3.441105398480690525e-01
9.049507021903991921e-01,1.846757822704598873e-01
8.993138194084168147e-01,2.270033156221225035e-01
9.014714121818542258e-01,2.764311277231810138e-01
9.022271871566772683e-01,1.223432069885022067e-01
8.927579820156097412e-01,1.282218438116080605e-01
9.032002568244934526e-01,3.689190089232421421e-01
9.010407567024231179e-01,1.079145747094814034e-01
8.946094632148743342e-01,3.146447013690520933e-01
9.060036897659301536e-01,2.799234057620076932e-01
8.999801099300385188e-01,-1.258072097466929051e-01
9.008826375007629172e-01,2.237900453193741868e-01
9.096904277801514116e-01,2.810255799462719750e-01
8.990342020988464355e-01,1.668421320902044869e-01
9.015393972396851252e-01,6.255829066790941084e-01
9.072654724121094194e-01,4.657275777087126478e-01
8.999839007854462114e-01,2.855859520297885368e-01
9.057397246360778809e-01,5.276961321591699949e-01
9.025649547576904963e-01,3.401426378833112274e-01
8.943287730216979980e-01,4.790375574942240533e-01
9.030172109603882280e-01,4.388776708223174339e-01
8.926092863082886186e-01,5.635181039223655652e-01
8.929906010627747248e-01,6.222348138461599731e-01
9.017530202865601252e-01,4.827698945381859730e-01
8.995094239711761697e-01,1.715024975502750237e-01
8.991140902042389360e-01,3.424563423041013799e-01
9.047819852828979936e-01,1.826511972755113788e-01
8.992080569267273393e-01,2.291507389223514934e-01
9.013987541198730247e-01,2.804559547562393007e-01
9.021133661270142046e-01,1.238490997492660561e-01
8.926576256752014604e-01,1.296543331948263322e-01
9.031774163246154563e-01,3.755814889565636250e-01
9.009216666221618874e-01,1.130764050804353715e-01
8.944338858127593994e-01,3.205150990375353892e-01
9.058500766754150613e-01,2.838328846303519448e-01
8.997645080089569092e-01,-1.263332048679295383e-01
9.006376028060912864e-01,2.245795061350142063e-01
9.095129847526550737e-01,2.829531676208931756e-01
8.988602340221405473e-01,1.762493741338810871e-01
9.013679623603820801e-01,6.357987093968540115e-01
9.070757627487182617e-01,4.725443546376904003e-01
8.998057126998901811e-01,2.848376869872604189e-01
9.056002616882324885e-01,5.359678688930640256e-01
9.024834632873535156e-01,3.516190312583034050e-01
8.942070484161377397e-01,4.860648073731024255e-01
9.028827428817749468e-01,4.437376485284678651e-01
8.923884987831115501e-01,5.686095269720006229e-01
8.928679883480071799e-01,6.255566911871133229e-01
9.016059041023254395e-01,4.898166187825356843e-01
8.993470609188080056e-01,1.744101701179370245e-01
8.990136146545409934e-01,3.470691453715790686e-01
9.047074198722839800e-01,1.893983158972267766e-01
8.990661978721619096e-01,2.421985637880581521e-01
9.012904763221740723e-01,2.967728514719105704e-01
9.019651293754578081e-01,1.381249331607437014e-01
8.924924850463867854e-01,1.521689467217086644e-01
9.030645966529846635e-01,4.025006796431926936e-01
9.008158445358276367e-01,1.381024627390461390e-01
8.942824244499206765e-01,3.585586464925611949e-01
9.056064486503601074e-01,3.215285150560944771e-01
8.995572984218597190e-01,-7.957806217427965123e-02
9.005383610725402610e-01,2.708674513108690896e-01
9.094738006591797097e-01,3.132062198733809311e-01
8.987622082233429621e-01,2.078922219683621009e-01
9.011175632476806641e-01,6.815065431858839951e-01
9.068283200263976829e-01,5.179012753412104431e-01
8.997342646121978538e-01,3.316304676372534566e-01
9.054578900337219016e-01,5.601632699629224277e-01
9.025312900543213113e-01,3.703754667562710878e-01
8.941893935203552024e-01,5.108875077153505195e-01
9.029756426811218484e-01,4.653882743410795442e-01
8.925926327705383523e-01,5.932711892920830010e-01
8.930524110794068049e-01,6.556648092196519784e-01
9.018993735313415305e-01,5.102085264730567005e-01
8.996622622013091819e-01,1.936302453169309601e-01
8.992883682250977229e-01,3.695901255179419032e-01
9.051097631454467773e-01,2.092138572712056721e-01
8.994442582130431907e-01,2.685279059051266515e-01
9.016697406768798828e-01,3.140713311087361959e-01
9.024889945983887163e-01,1.563836488181111761e-01
8.929046034812927468e-01,1.780544980102503061e-01
9.035859107971191406e-01,4.287412635945555550e-01
9.013126492500305176e-01,1.605455454235245050e-01
8.947486519813537820e-01,3.712124899645048437e-01
9.062567830085754839e-01,3.323918404257719672e-01
9.000090837478638139e-01,-7.588149055151971467e-02
9.009543657302856445e-01,2.723145464681908656e-01
9.097438573837280940e-01,3.149989850178163131e-01
8.989553213119506614e-01,2.033831573477216104e-01
9.015613079071045366e-01,6.650559474611124067e-01
9.073085427284240945e-01,5.211512473327317707e-01
9.001587271690368874e-01,3.269828354161448125e-01
9.058729529380799006e-01,5.713861220797604723e-01
9.028825879096985529e-01,3.797182935910816681e-01
8.945456445217132568e-01,5.211898215566459491e-01
9.034743785858154741e-01,5.006484855618364982e-01
8.927161693572998047e-01,6.148514077833753255e-01
8.932152152061462180e-01,6.543959794077975900e-01
9.022351384162903276e-01,5.264932155842947381e-01
9.002145290374755637e-01,2.157089326628809367e-01
9.005612254142761897e-01,3.889139391637730370e-01
9.061908245086670588e-01,2.441422552648959687e-01
8.994160413742066096e-01,2.684020715436203908e-01
9.017811536788941096e-01,3.170025976191808148e-01
9.023938059806824175e-01,1.868029821911605382e-01
8.929660022258758545e-01,2.031689393275382116e-01
9.037420034408569780e-01,4.075505324126873496e-01
9.014585852622986062e-01,1.114379368316562591e-01
8.951937854290008545e-01,2.785100162372322607e-01
9.064274787902831809e-01,2.557972884923831458e-01
9.006755113601684348e-01,-1.792332588818008610e-01
9.024565815925598145e-01,1.217335095464422423e-01
9.114937782287597656e-01,2.022952144305318889e-01
9.019179821014404741e-01,1.515034477324328499e-01
9.049705147743225542e-01,6.240976118048862098e-01
9.123104333877564143e-01,5.101969167551794193e-01
9.076184630393981934e-01,2.408170073606874517e-01
9.108557820320130061e-01,4.248729804993236492e-01
9.078002572059631348e-01,1.791986169816834895e-01
9.007114648818970171e-01,2.779961925944149925e-01
9.069178700447082520e-01,2.566826231072667497e-01
8.948775708675384966e-01,4.875527237965080474e-01
8.949003934860230158e-01,6.754964543958474898e-01
9.039150118827820046e-01,5.329392305552631548e-01
9.012956619262695312e-01,2.441800804747531473e-01
8.998279213905334695e-01,4.325365178192708271e-01
9.051197052001953569e-01,2.125522129214041378e-01
0.000000000000000000e+00,-3.000000000000000000e+00
0.000000000000000000e+00,-3.000000000000000000e+00
0.000000000000000000e+00,-3.000000000000000000e+00
0.000000000000000000e+00,-3.000000000000000000e+00
0.000000000000000000e+00,-8.999999999999999112e-01
1.000000000000000000e+00,0.000000000000000000e+00
1.000000000000000000e+00,0.000000000000000000e+00
1.000000000000000000e+00,0.000000000000000000e+00
1.000000000000000000e+00,0.000000000000000000e+00
1.000000000000000000e+00,0.000000000000000000e+00
