0.000000000000000000e+00,1.500000000000000000e+00
0.000000000000000000e+00,1.500000000000000000e+00
0.000000000000000000e+00,1.500000000000000000e+00
0.000000000000000000e+00,1.500000000000000000e+00
1.816731024788381665e-01,7.567396290919442770e+00
2.473161908248066587e-01,5.407303583125641744e+00
2.738422871649415780e-01,3.684019724429715925e+00
2.909232126078170610e-01,2.792524408630274735e+00
3.043948756778914744e-01,2.049909192828432314e+00
3.180103954089465446e-01,1.108508432829949486e+00
3.257950120620077272e-01,6.551089450481849541e-01
3.352666349583198757e-01,-7.746627792561035231e-02
3.304972029661233934e-01,-3.099015526835099399e-01
3.271683109926021849e-01,-4.843410651002398870e-01
3.250173342446320834e-01,-6.107884360661943735e-01
3.222739983137378195e-01,-7.862047140954410152e-01
3.222542111880651872e-01,-8.165572739726627560e-01
3.226715061528677708e-01,-8.232760404916258379e-01
8.000000000000000444e-01,-3.141592653589793116e+00
8.003981471061707431e-01,-3.141592653589793116e+00
8.667950868606567605e-01,-3.141592653589793116e+00
9.082050442695618342e-01,-1.374010298004059605e+00
9.046263575553894487e-01,-1.452450233319358963e+00
8.990788400173187478e-01,-1.623290602443612896e+00
9.029750108718872514e-01,-8.642841365834437184e-01
8.971592545509338157e-01,-1.227361397625867045e+00
8.877421796321869341e-01,-1.211914106229890598e+00
8.999892711639404519e-01,-7.451757340518168071e-01
8.909596562385558860e-01,-1.205920495749099208e+00
8.970463871955871582e-01,-7.970925198629066344e-01
8.972919523715973122e-01,-7.448427973036650940e-01
8.839668035507202148e-01,-1.155209060808568777e+00
9.009976863861084428e-01,-6.126631632170629338e-01
8.951764166355132835e-01,-1.053118632149576683e+00
8.809244990348816806e-01,-8.580761208289549025e-01
8.981120645999908225e-01,-3.568684962738779554e-01
8.849898219108581765e-01,-8.171069244689084243e-01
8.867263376712799516e-01,-6.660585027758507692e-01
8.907549083232879639e-01,-2.259106913670798633e-01
8.797933042049408403e-01,-7.240808766691912979e-01
8.944404304027557817e-01,-3.815543142972850355e-01
8.942765712738037776e-01,-6.110833053182114227e-01
8.828186571598053423e-01,-9.460676706473374331e-01
9.012790679931640403e-01,-3.196481152670380688e-01
8.940783321857452837e-01,-4.865368734822652641e-01
8.936628818511963557e-01,-3.706218923808877186e-01
8.999235451221466731e-01,-2.773001712823335296e-01
8.890756845474243608e-01,-6.165958615211613036e-01
8.998167335987091731e-01,-3.839389877999366263e-02
9.009244441986083984e-01,2.687087927998099701e-03
8.893188834190368652e-01,-2.225453712108440563e-01
9.038454651832580344e-01,2.712895207317549406e-01
8.998252630233765093e-01,-2.026457530090137737e-01
8.968389570713043435e-01,-3.135017059187017452e-02
9.097167968750000666e-01,3.602143420646419791e-01
8.975430727005004883e-01,4.081564847844632027e-02
9.005784749984740989e-01,5.436422669168314847e-01
9.088378310203552024e-01,6.491300360829783678e-01
8.975065410137176292e-01,3.051464541175001877e-01
9.068681478500366655e-01,9.051089604840836245e-01
9.040320396423340288e-01,6.693496705404844427e-01
8.930638134479522705e-01,8.845414089972933880e-01
9.042883157730102761e-01,7.620491482115308024e-01
8.920733869075775369e-01,8.342537287592759476e-01
8.918570876121520996e-01,8.101373486723870698e-01
9.021595120429992676e-01,5.095752350882141180e-01
9.002782106399536133e-01,4.628082954231738100e-02
8.969845294952393244e-01,1.443735829278023353e-01
9.053189516067504661e-01,1.649025601906779492e-01
8.989926457405090776e-01,1.943403106425733995e-01
8.998876571655273215e-01,3.388494651146176651e-01
9.029181241989135964e-01,2.145326060870145213e-01
8.928751349449157715e-01,1.365138039250299862e-01
9.032765984535217063e-01,5.571709588068660679e-01
9.019239425659180132e-01,2.991528436367087984e-01
8.930145442485809548e-01,5.101984147832925309e-01
9.062595129013061301e-01,5.939973584199420564e-01
9.013395309448242188e-01,1.549803709830994691e-01
9.000912189483643022e-01,5.241637818683160255e-01
9.107866883277893066e-01,6.418413802983518046e-01
8.998544633388519953e-01,5.308730752801742447e-01
9.010900974273682307e-01,1.066724846994467235e+00
9.082140088081359641e-01,7.767770116061574193e-01
9.003130912780762385e-01,4.477718382372337658e-01
9.060376524925232156e-01,7.480306011284900691e-01
9.036755681037903498e-01,5.173043111381123715e-01
8.945851981639861839e-01,6.548060646037776600e-01
9.041500329971313699e-01,6.993547991402428998e-01
8.937219738960265891e-01,7.719087947453844301e-01
8.923192024230957031e-01,8.343821846699799316e-01
9.021963477134704590e-01,5.269789511999900533e-01
9.014062047004699485e-01,8.052013460394924493e-02
8.961780190467835139e-01,1.530917320394209469e-01
9.050224900245666948e-01,1.073003831830816601e-01
8.993680238723754661e-01,8.392777405438200944e-02
8.996767461299896018e-01,1.614634621498689526e-01
9.030017971992493342e-01,4.659204488282808754e-02
8.937321364879607932e-01,-1.664721191462517069e-01
9.020953774452209473e-01,2.744428699099765723e-01
9.025420546531677246e-01,9.098648252363705780e-02
8.922069311141967995e-01,1.380616414729622932e-01
9.045358896255493164e-01,3.179347456126007110e-01
9.019745469093323198e-01,-1.656605624159417367e-01
8.969521224498748779e-01,7.849667313008623637e-03
9.088561773300171120e-01,2.326617423125925121e-01
9.002295732498168945e-01,7.743681824001757974e-03
9.002021551132202148e-01,2.691128858833193860e-01
9.085155725479125977e-01,4.515835707711937097e-01
9.006677031517028587e-01,7.539500592176784366e-02
9.052731871604919878e-01,4.200710513825587356e-01
9.035586714744567871e-01,2.422038068864544869e-01
8.944843113422393799e-01,2.214890741375454830e-01
9.034644722938537376e-01,3.553940621034907821e-01
8.937809586524964045e-01,4.409958825743394151e-01
8.910767078399658425e-01,4.579108670141938120e-01
9.013521194458008479e-01,4.123041501228024153e-01
9.010769128799438477e-01,2.839849344838407674e-02
8.958790063858032005e-01,1.358535480341505064e-01
9.049251437187194602e-01,1.024913384327792443e-01
8.993708789348602295e-01,7.466209566739978598e-02
8.996565759181976984e-01,1.532460289350772165e-01
9.029785275459289995e-01,3.996701555233572734e-02
8.937028169631958674e-01,-1.754604750787831513e-01
9.020738840103149636e-01,2.677571704409009712e-01
9.025320172309875266e-01,8.551568385434160646e-02
8.921674907207489680e-01,1.299636760001958713e-01
9.045060753822327104e-01,3.115602614840358164e-01
9.019778251647949663e-01,-1.701469693613706369e-01
8.969288468360900879e-01,1.741457681561087156e-04
9.088415265083312766e-01,2.268052014041561648e-01
9.002367138862610307e-01,-2.956732988370625037e-04
9.001952290534973589e-01,2.584611569846271273e-01
9.085285544395447221e-01,4.437458876830904231e-01
9.006564974784850852e-01,6.747081171012903056e-02
9.052629470825195312e-01,4.079800919741387588e-01
9.035888075828552024e-01,2.311034185678679798e-01
8.944848060607910600e-01,2.089827864347495456e-01
9.034276604652404785e-01,3.445839167318305307e-01
8.937432706356048806e-01,4.367197613252966626e-01
8.909832835197448730e-01,4.526438001682895340e-01
9.012772560119629572e-01,4.061476290847041426e-01
9.010323286056518555e-01,2.307562505526394858e-02
8.958440124988555908e-01,1.289963243461165199e-01
9.048938155174255371e-01,9.663404851028634113e-02
8.993491768836975320e-01,6.909879376211636171e-02
8.996331393718719482e-01,1.478741001212511286e-01
9.029520988464355691e-01,3.500180137123543034e-02
8.936455726623535600e-01,-1.828251557901530155e-01
9.020428776741028498e-01,2.617643089741661377e-01
9.025287032127380371e-01,8.113769669360371140e-02
8.921049118041992632e-01,1.230779897780118759e-01
9.044706821441650391e-01,3.057583986017298194e-01
9.019468426704406738e-01,-1.746610898268929901e-01
8.968721687793731467e-01,-7.706792881715163190e-03
9.088066816329956055e-01,2.176627358294820347e-01
9.002431154251099299e-01,-1.223196130457182562e-02
9.002127528190613237e-01,2.465301120772882548e-01
9.085105299949646218e-01,4.384739522458183103e-01
9.006460666656493919e-01,5.985221523357697748e-02
9.051957607269287553e-01,4.039163162101377935e-01
9.035328984260558860e-01,2.275130196876284927e-01
8.944048643112182395e-01,1.993130149642396987e-01
9.034161686897278498e-01,3.398471518379886369e-01
8.937452733516693115e-01,4.312598233598219366e-01
8.909633934497833696e-01,4.445331014565612193e-01
9.012610077857970969e-01,3.991132635722878241e-01
9.010215520858765315e-01,1.653261276396778001e-02
8.958031475543976052e-01,1.225926286693450606e-01
9.048617959022522417e-01,9.122092392334790745e-02
8.993301153182983176e-01,6.252507189450007274e-02
8.996124088764191340e-01,1.420404041415408436e-01
9.029328346252442072e-01,2.995194860174077434e-02
8.936049103736877219e-01,-1.907873624651634792e-01
9.020480751991272195e-01,2.507923765662836146e-01
9.025726914405822754e-01,7.144245874517007877e-02
8.920989513397217241e-01,1.134546571790107095e-01
9.044362545013427956e-01,2.978974960778728587e-01
9.019239544868469238e-01,-1.802706433501706229e-01
8.967871248722076860e-01,-1.703389042133718334e-02
9.087529063224792925e-01,2.157587420976434522e-01
9.001606822013855647e-01,-1.697677809952224948e-02
9.001419305801391380e-01,2.381089470391053453e-01
9.085115313529968928e-01,4.321260581162622572e-01
9.006191253662109153e-01,5.253622043588501711e-02
9.051928758621216042e-01,3.981485334674066401e-01
9.035248637199402300e-01,2.211164396443945357e-01
8.943678498268127219e-01,1.896668374365124698e-01
9.033932566642761675e-01,3.329869320937284272e-01
8.937174141407012717e-01,4.278285899666069980e-01
8.909174501895904541e-01,4.384035449244993998e-01
9.012499094009399636e-01,3.933818080113011817e-01
9.010052919387817605e-01,1.081051987868830722e-02
8.958201825618744563e-01,1.122839482085686846e-01
9.049013495445251687e-01,8.176649399410651498e-02
8.992906272411346214e-01,5.326426209888568408e-02
8.995673477649689387e-01,1.331878070067653574e-01
9.028751492500305398e-01,2.113455512762474342e-02
8.935598611831665483e-01,-1.998545521271504199e-01
9.019882559776306596e-01,2.468353353053465149e-01
9.024924397468566672e-01,6.925646122102735447e-02
8.920042991638184038e-01,1.041107068231155175e-01
9.044007539749145952e-01,2.929113095031876668e-01
9.019139766693115012e-01,-1.853502694284143715e-01
8.967501759529113992e-01,-2.481109062437081292e-02
9.087165117263794611e-01,2.104699538440986117e-01
9.001502275466919389e-01,-2.254625937077259223e-02
9.001120448112488459e-01,2.286867247142971848e-01
9.084977746009826882e-01,4.266488928274863035e-01
9.006182551383972168e-01,4.549848436021441955e-02
9.051781773567200151e-01,3.914096540003133562e-01
9.035478949546814631e-01,2.112676538143611893e-01
8.944019138813018577e-01,1.775852407038001068e-01
9.033918023109436257e-01,3.263783810724807388e-01
8.936833798885345237e-01,4.198897899808651246e-01
8.908900320529937744e-01,4.284798576888078081e-01
9.012325763702392356e-01,3.833150590908016575e-01
9.009844541549683061e-01,1.314145162278013146e-03
8.957562327384949175e-01,1.086489829919625727e-01
9.048109054565429688e-01,7.980108110962813583e-02
8.992727756500243919e-01,4.538688126578316329e-02
8.995447039604187456e-01,1.240209984752520533e-01
9.028744697570800781e-01,1.336690485381186733e-02
8.935491204261779563e-01,-2.096140180309360446e-01
9.019521355628967729e-01,2.401706082298549205e-01
9.024755954742431641e-01,6.388003832286193173e-02
8.919706165790558527e-01,9.681680794009261959e-02
9.043956518173218440e-01,2.885284537510819369e-01
9.018927812576293945e-01,-1.910410909768316401e-01
8.967090129852295366e-01,-3.675992461555388502e-02
9.087437272071838823e-01,1.999380671944597232e-01
9.001488327980041726e-01,-3.310829383618907329e-02
9.000770926475525346e-01,2.149430657900226471e-01
9.084870576858520286e-01,4.153919605710734153e-01
9.005707859992980735e-01,3.507894981906334309e-02
9.051680088043213557e-01,3.808998632653439742e-01
9.034903049468994141e-01,2.055961193779012319e-01
8.942890226840972678e-01,1.702729909763909255e-01
9.033141613006592241e-01,3.193522547146874224e-01
8.936954259872437190e-01,4.145624275034056616e-01
8.908637642860413042e-01,4.194984301362993939e-01
9.012000799179077370e-01,3.764510942762586687e-01
9.009718298912048340e-01,-6.223932303191404003e-03
8.957286477088928223e-01,1.006232973756566729e-01
9.047809123992920366e-01,7.268956714938390462e-02
8.992281675338745783e-01,3.594331204036249616e-02
8.994991838932037131e-01,1.144530929164382371e-01
9.028258204460144487e-01,3.166456924212024404e-03
8.934598267078399658e-01,-2.197792622998764323e-01
9.019007325172424538e-01,2.318280896676134795e-01
9.024641633033753108e-01,5.428217220178410685e-02
8.918645501136780451e-01,8.273047508493114321e-02
9.043409585952758567e-01,2.784976575052984238e-01
9.018648266792297363e-01,-2.002831754210312454e-01
8.965848267078400102e-01,-4.481613255466587731e-02
9.086432337760925737e-01,1.951657241329298742e-01
9.000568866729736772e-01,-4.256834137085485636e-02
9.000257372856140803e-01,2.049096479950414107e-01
9.084871411323547363e-01,4.093927324848576355e-01
9.005480885505676714e-01,2.754986052227348381e-02
9.051294445991516779e-01,3.731082445417208682e-01
9.034804463386535422e-01,2.001844928190763540e-01
8.942878484725952370e-01,1.543489521333984982e-01
9.033168435096741167e-01,3.070478263001406027e-01
8.937489807605744074e-01,4.039099495906568471e-01
8.908263862133026789e-01,4.069030097607697627e-01
9.011593222618102805e-01,3.649215209032492524e-01
9.009227395057678445e-01,-1.807895228378697539e-02
8.956839263439179133e-01,8.929034019250048360e-02
9.047267675399780495e-01,6.108771391991352218e-02
8.992038011550903542e-01,2.715475560742497407e-02
8.994693219661712424e-01,1.059195757697675155e-01
9.028175830841064231e-01,-5.274182479441780202e-03
8.934174239635467307e-01,-2.294098977859295729e-01
9.018466830253600852e-01,2.225706504352538140e-01
9.024466633796691672e-01,4.774402850185577307e-02
8.918219447135925515e-01,7.511861973488809241e-02
9.043217897415161133e-01,2.674017632710512515e-01
9.018952965736389826e-01,-2.129563060049317613e-01
8.965640723705291526e-01,-5.979285586959282028e-02
9.086074233055114746e-01,1.841114001788231036e-01
9.000193119049072488e-01,-5.526150808076879528e-02
8.999904572963715044e-01,1.880999000301373236e-01
9.084602117538452815e-01,3.955520762402557899e-01
9.004875540733338068e-01,1.477130620990863008e-02
9.050615549087525080e-01,3.583601577675663563e-01
9.034518957138061301e-01,1.884789011427692174e-01
8.941939592361450861e-01,1.460393901896468449e-01
9.032227158546447532e-01,2.984940857739424303e-01
8.936732828617096613e-01,3.962426672004268902e-01
8.908024072647094949e-01,3.965280415559857552e-01
9.011063694953919123e-01,3.554659674529228042e-01
9.008926510810851829e-01,-2.730343489765685305e-02
8.957004964351654719e-01,7.600095829354502897e-02
9.047171831130981223e-01,4.615874025109389933e-02
8.991608798503876177e-01,1.408708186921847627e-02
8.994179964065551758e-01,9.147633771664320790e-02
9.027733087539673296e-01,-1.904480590975321519e-02
8.933554708957672785e-01,-2.451927474792561235e-01
9.017955064773559570e-01,2.086580888412199464e-01
9.024137258529663086e-01,3.578527007442300345e-02
8.917260944843292680e-01,5.721156617708755832e-02
9.042310118675231934e-01,2.584780098009002991e-01
9.018204569816589133e-01,-2.190512206368762094e-01
8.964322149753570779e-01,-7.010996273850578220e-02
9.085681676864624245e-01,1.769459572065050779e-01
8.999835073947907160e-01,-6.593757993630022796e-02
8.999681830406188743e-01,1.760025740022364005e-01
9.084800839424133079e-01,3.799182803441896183e-01
9.005085587501525657e-01,-2.580915185477206109e-03
9.050545454025268333e-01,3.410953837632870744e-01
9.034013271331787776e-01,1.729188831312766794e-01
8.941460788249969704e-01,1.261886451550084942e-01
9.031698584556580034e-01,2.815184311955047924e-01
8.936853170394897239e-01,3.817368864735772860e-01
8.907800555229187234e-01,3.812949681801924839e-01
9.010800957679748757e-01,3.418223019052026856e-01
9.008581995964050071e-01,-4.304359078975794617e-02
8.956171929836272971e-01,6.608101612813621628e-02
9.046209454536437988e-01,3.858920419524825007e-02
8.991502404212952104e-01,3.386667056848313706e-03
8.993925869464874934e-01,8.106691486525630097e-02
9.027920365333557129e-01,-3.241526858033383363e-02
8.933437108993530495e-01,-2.612272658955947513e-01
9.018121361732482910e-01,1.911974476611435492e-01
9.024235606193542480e-01,2.228466621151037330e-02
8.916799008846283403e-01,4.112499128381585933e-02
9.041934728622437190e-01,2.429756658717647788e-01
9.018042922019958718e-01,-2.319541112826342122e-01
8.963746964931488259e-01,-8.735451336325716909e-02
9.085401296615600586e-01,1.623341909906490521e-01
8.999692916870117854e-01,-8.210223954497042342e-02
8.999487638473511186e-01,1.556825716611478505e-01
9.084432601928711382e-01,3.696758876274208738e-01
9.004481792449950950e-01,-1.392061349514239765e-02
9.049489140510559304e-01,3.280378217148443021e-01
9.034200906753540039e-01,1.575839438437882656e-01
8.941639006137848122e-01,1.054536890265720395e-01
9.031787514686584473e-01,2.671714414486516809e-01
8.936834216117859331e-01,3.675513092559183903e-01
8.907585024833679643e-01,3.641552795233629070e-01
9.011023044586181641e-01,3.256177572980192281e-01
9.008746266365051936e-01,-6.095139336161503607e-02
8.956267893314361350e-01,4.908289112800101606e-02
9.046021699905395508e-01,2.316513223502614238e-02
8.991574347019195557e-01,-1.217597250384239160e-02
8.993763923645019531e-01,6.664577272680105580e-02
9.027303814888000266e-01,-4.152927162085751078e-02
8.932693004608154297e-01,-2.718196354303028528e-01
9.017794251441956233e-01,1.744551109613321493e-01
9.024641394615173784e-01,6.617539189926802123e-03
8.917218565940857600e-01,2.451672810013327819e-02
9.041592121124267800e-01,2.282421848717137713e-01
9.017921686172485352e-01,-2.459533712537176342e-01
8.963243365287780762e-01,-1.029562889084041366e-01
9.085189700126647949e-01,1.470741531088188836e-01
8.999518871307373713e-01,-9.627058943932853552e-02
8.999353766441345881e-01,1.376388230380203304e-01
9.084191083908080833e-01,3.537615859671641161e-01
9.004330396652221458e-01,-3.147637946040493517e-02
9.048933267593384233e-01,3.122107801921796266e-01
9.033971667289734109e-01,1.464876751025130375e-01
8.941253781318664329e-01,8.504043443543851666e-02
9.031500816345214844e-01,2.501040326482821818e-01
8.937530696392059770e-01,3.515613571759463873e-01
8.907547056674957053e-01,3.452437981156819546e-01
9.011258602142334651e-01,3.096798616949798522e-01
9.009011268615723100e-01,-7.874890361364039748e-02
8.956102490425109641e-01,3.294276172968357841e-02
9.046117663383483887e-01,6.229175401587294658e-03
8.991667985916137473e-01,-2.866607872009874214e-02
8.993596434593200684e-01,5.074233177036457931e-02
9.027360916137695535e-01,-5.720857012086089100e-02
8.932481944561004861e-01,-2.880556386278625425e-01
9.017367482185364436e-01,1.644561478129538123e-01
9.024608612060547319e-01,-6.582335529266902796e-03
8.916895747184753196e-01,7.099155228310394250e-03
9.041674017906189409e-01,2.120294011099077558e-01
9.017806291580200417e-01,-2.616697459495220812e-01
8.962754726409912776e-01,-1.187084290254105667e-01
9.085094571113586648e-01,1.325811056209316163e-01
8.999471724033355491e-01,-1.133409942959238137e-01
8.999489247798919678e-01,1.158623628639023906e-01
9.084069252014160822e-01,3.362912076043520493e-01
9.004266381263733576e-01,-4.842300974414959214e-02
9.048496007919312190e-01,2.953448561730316335e-01
9.033861160278320312e-01,1.312478606002103199e-01
8.940871000289917214e-01,7.195178830364756806e-02
9.031031250953674983e-01,2.344264194299063853e-01
8.937483072280884011e-01,3.374184737595125050e-01
8.907885551452636719e-01,3.241965031256492935e-01
9.011430978775024636e-01,2.902504370671703526e-01
9.009200692176818626e-01,-9.564403918099539936e-02
8.956112682819367121e-01,1.529037295112178896e-02
9.045963406562805842e-01,-1.004315497771690602e-02
8.991685867309570090e-01,-4.569191724032739543e-02
8.993468105792999934e-01,3.283902328284682426e-02
9.027447700500488281e-01,-7.334869951917832864e-02
8.932377696037292480e-01,-3.052810893941715342e-01
9.017183303833008479e-01,1.475494025277219734e-01
9.024782896041870783e-01,-2.241368388275732926e-02
8.916589975357055442e-01,-9.900280546423445571e-03
9.041200518608093484e-01,1.955436017244767122e-01
9.017953634262084739e-01,-2.768305394688548304e-01
8.962416470050812434e-01,-1.350309433465062270e-01
9.084883332252502441e-01,1.145609509405862703e-01
8.999480009078979492e-01,-1.312416812342438455e-01
8.999453127384186013e-01,9.434880662364575343e-02
9.083871126174927202e-01,3.184613024943798720e-01
9.004295706748962624e-01,-6.632070062624340068e-02
9.048088550567626731e-01,2.765696953236491673e-01
9.034097313880921076e-01,1.103398822247028122e-01
8.941114902496337669e-01,4.674446924334318965e-02
9.030677914619446023e-01,2.138157996348626355e-01
8.937618851661682795e-01,3.181178795494354894e-01
8.907535791397095393e-01,3.057801200093708260e-01
9.011650919914245828e-01,2.741368976678617564e-01
9.009493589401245117e-01,-1.146643148803949686e-01
8.955858826637268510e-01,-6.466800111038839560e-03
9.045786738395691362e-01,-2.710812948240226561e-02
8.991855084896087646e-01,-6.411878655339808830e-02
8.993350625038146751e-01,1.407771919351086254e-02
9.027301907539367898e-01,-9.182125868970070215e-02
8.932072043418884943e-01,-3.308398833005279371e-01
9.016895413398743342e-01,1.228323131674522450e-01
9.025094509124755859e-01,-4.086714319483641944e-02
8.915955364704132302e-01,-2.919113757376479157e-02
9.040392398834228294e-01,1.771515615650374187e-01
9.017800807952881526e-01,-2.948767223876660459e-01
8.961814284324646218e-01,-1.557501701797545657e-01
9.084846138954162376e-01,9.721902848847863154e-02
8.998963415622711626e-01,-1.502243189773002641e-01
8.999467730522155984e-01,7.197201168317546305e-02
9.083711624145508479e-01,2.998621599482946820e-01
9.004389047622680664e-01,-8.825089593547508215e-02
9.048005580902099831e-01,2.522274874987000537e-01
9.034163236618042436e-01,9.040712015086871389e-02
8.940479218959808128e-01,2.817041866815372941e-02
9.030231118202209917e-01,1.986149338635025963e-01
8.937571763992310236e-01,3.045697132939300111e-01
8.907485306262969971e-01,2.870899722554107747e-01
9.011817574501037598e-01,2.580274778458644391e-01
9.009478211402893733e-01,-1.326099426621101252e-01
8.955446243286132590e-01,-2.642615218388177922e-02
9.045805096626281516e-01,-4.305314071897914374e-02
8.991584360599518266e-01,-8.703786767083609988e-02
8.993175864219665749e-01,-1.038358186643506542e-02
9.027254819869995339e-01,-1.167196094516635974e-01
8.931692659854889582e-01,-3.500007863890517434e-01
9.016297221183776633e-01,1.074992464151049987e-01
9.024545788764953835e-01,-5.510627491754149787e-02
8.915234148502350076e-01,-4.856026657001910607e-02
9.040031194686889426e-01,1.622398152195190235e-01
9.017482399940490723e-01,-3.109711619285318029e-01
8.961290776729583518e-01,-1.720783021062746165e-01
9.084675550460815652e-01,7.782480752132903135e-02
8.998662471771240456e-01,-1.745414348313536479e-01
8.999310374259948953e-01,4.490376719928601545e-02
9.083296895027160867e-01,2.777156868302239623e-01
9.004028677940368874e-01,-1.048424935563989635e-01
9.047405958175659402e-01,2.347844481489538282e-01
9.034114837646484153e-01,7.522160916766873484e-02
8.940275430679321955e-01,1.169847604276963438e-02
9.029972076416016291e-01,1.846439491730551552e-01
8.937616884708404763e-01,2.918772955980726280e-01
8.907152473926543967e-01,2.662643854261275145e-01
9.011801004409790705e-01,2.356327065680359212e-01
9.009604334831238237e-01,-1.549816817576985528e-01
8.954836308956146684e-01,-4.773429131912010348e-02
9.045476317405700684e-01,-6.456744597329233670e-02
8.991122782230377419e-01,-1.027325209589995403e-01
8.992880642414092796e-01,-2.652895436314839372e-02
9.026916861534118874e-01,-1.318614903660675353e-01
8.931198775768279807e-01,-3.666959352032983510e-01
9.015661954879761186e-01,8.991726495786211970e-02
9.024456858634949397e-01,-7.441510828224107144e-02
8.914667665958404541e-01,-7.167708739839540044e-02
9.039578437805175781e-01,1.402214235051246760e-01
9.017143845558166504e-01,-3.308747124541593365e-01
8.960420191287994385e-01,-1.950320251238295555e-01
9.084215164184570312e-01,6.216067655597123931e-02
8.997938215732574907e-01,-1.901252340391423878e-01
8.998687922954559104e-01,2.753562925519803528e-02
9.083193182945251687e-01,2.623859906411314391e-01
9.003618240356445757e-01,-1.214784702601749977e-01
9.046965122222900835e-01,2.165047600980019027e-01
9.034226298332214133e-01,5.493269090992836112e-02
8.939810693264007568e-01,-1.122491190549368412e-02
9.029408097267150879e-01,1.696063684660304993e-01
8.937549889087677002e-01,2.753514239606138503e-01
8.906588315963744895e-01,2.500729485649340056e-01
9.011297941207886408e-01,2.237559651797993432e-01
9.009395122528076616e-01,-1.686994996970203609e-01
8.954136133193969505e-01,-6.112778617194081221e-02
9.045316696166992854e-01,-8.251869136043188391e-02
8.990890443325042503e-01,-1.214305333605536497e-01
8.992349684238434282e-01,-4.508203254475340316e-02
9.026834011077881081e-01,-1.505179324874816871e-01
8.930648684501648615e-01,-3.863172946831077148e-01
9.015016198158264382e-01,7.111663763055586784e-02
9.024037837982178401e-01,-8.773145468723342333e-02
8.914133369922637717e-01,-8.605291418642702084e-02
9.039132833480835183e-01,1.275226391897859024e-01
9.016872763633728693e-01,-3.435568312067389662e-01
8.959886610507965532e-01,-2.140017423744100533e-01
9.084106206893921565e-01,4.115045776173964498e-02
8.997720837593078391e-01,-2.120930673047176640e-01
8.998088538646697998e-01,4.130438015036652644e-03
9.082525730133056419e-01,2.404346356848012789e-01
9.003147363662720171e-01,-1.398972876721376046e-01
9.046161413192749245e-01,2.007286515311847985e-01
9.033998131752014604e-01,4.157102915451238445e-02
8.939318776130676936e-01,-2.459593633661683043e-02
9.028350710868835449e-01,1.494545197806451675e-01
8.937132298946380837e-01,2.587300530309408764e-01
8.905566930770874023e-01,2.282545436036476083e-01
9.010637402534484863e-01,2.030131444037688304e-01
9.008663654327392356e-01,-1.872859090041436581e-01
8.952920973300934060e-01,-8.439272453000690177e-02
9.044764399528503196e-01,-9.928368573545487408e-02
8.990619838237762229e-01,-1.367898156048812375e-01
8.992059767246246560e-01,-6.152438911490243356e-02
9.026594042778015581e-01,-1.708926128547010315e-01
8.929729104042053445e-01,-4.078821583862399791e-01
9.014075040817260964e-01,4.829118327019088497e-02
9.023583173751831277e-01,-1.068730706638003625e-01
8.913387238979340044e-01,-1.060768687216504524e-01
9.038516998291016291e-01,1.057435574664702393e-01
9.016479015350341575e-01,-3.638273986200930565e-01
8.959248602390289529e-01,-2.317481324170733714e-01
9.083556532859802246e-01,2.301345688856759608e-02
8.997104823589324729e-01,-2.342814852099572853e-01
8.997226119041442649e-01,-2.294829266564457626e-02
9.081783652305602805e-01,2.159141625143847776e-01
9.002436995506286621e-01,-1.609095662550248385e-01
9.045418739318847878e-01,1.761853334320431230e-01
9.033930540084839089e-01,2.105104006031544017e-02
8.938636481761932373e-01,-4.807865053163506985e-02
9.027459502220154253e-01,1.317650548062823113e-01
8.936666667461395930e-01,2.434475447274135895e-01
8.904660701751708762e-01,2.086232596875885470e-01
9.009815573692322443e-01,1.813542794365345934e-01
9.007816791534424272e-01,-2.083376980785156540e-01
8.951763331890106867e-01,-1.072108760033199104e-01
9.044430017471313255e-01,-1.223662391707422969e-01
8.989942789077759455e-01,-1.576794431360029058e-01
8.991352558135986550e-01,-8.128075837841119977e-02
9.026300668716430442e-01,-1.924752656416770513e-01
8.928811311721801536e-01,-4.285963293746064551e-01
9.013217210769653986e-01,2.902841426997149199e-02
9.023191213607788530e-01,-1.258542103787436695e-01
8.912477016448975276e-01,-1.262446339557383723e-01
9.037847280502319114e-01,8.595647862664179684e-02
9.016091465950012429e-01,-3.837373157652015365e-01
8.958134412765502708e-01,-2.529469155000501068e-01
9.083147048950195312e-01,2.976581860867799634e-03
8.996382534503937212e-01,-2.552192368942138856e-01
8.996342599391937700e-01,-4.598234744076812319e-02
9.081373691558838335e-01,1.935751927837721098e-01
9.001633167266845925e-01,-1.804447891183267316e-01
9.044539928436279297e-01,1.540635777778396331e-01
9.033729195594787376e-01,1.275196431335778868e-03
8.937767922878265825e-01,-6.781105134533271794e-02
9.026289463043213335e-01,1.102518730730541741e-01
8.936343669891357866e-01,2.254109117378235716e-01
8.904095888137817383e-01,1.875542432899153233e-01
9.009091138839722124e-01,1.645040847125751604e-01
9.006956219673156738e-01,-2.256251297580065263e-01
8.950681507587433527e-01,-1.271629251891113199e-01
9.044166564941406028e-01,-1.413466298716290481e-01
8.989116847515106201e-01,-1.816602516786494093e-01
8.990312397480011430e-01,-1.052808540330150144e-01
9.026054263114929865e-01,-2.108414648161645033e-01
8.928160727024078147e-01,-4.470554062921103800e-01
9.012358665466309038e-01,1.321897457763654415e-02
9.023042678833007590e-01,-1.420570697042995434e-01
8.911368250846862793e-01,-1.472363146520692112e-01
9.037415981292724609e-01,6.683639680420183637e-02
9.015642881393433061e-01,-4.061414497187372241e-01
8.956735968589782937e-01,-2.778862747816113199e-01
9.082404017448425515e-01,-1.988857024449597333e-02
8.995676875114441140e-01,-2.759328461220378337e-01
8.995340168476104736e-01,-6.611022767634278097e-02
9.080935835838318537e-01,1.747607086964189094e-01
9.000863671302795632e-01,-1.994513953111938243e-01
9.043672323226928933e-01,1.271773437097003523e-01
9.033296585083008257e-01,-2.384954382923032412e-02
8.936454296112060769e-01,-9.325019025615022272e-02
9.025305867195129172e-01,8.843646416799400001e-02
8.935797870159148948e-01,2.089052634798926888e-01
8.903408050537109375e-01,1.697288322642820368e-01
9.008556962013244407e-01,1.453068544423068431e-01
9.006051898002624956e-01,-2.512249321839616911e-01
8.948664486408234309e-01,-1.560241220709501775e-01
9.043517470359802024e-01,-1.677115501563850586e-01
8.988231718540191650e-01,-2.018199650116292432e-01
8.989746928215026633e-01,-1.268395383701808043e-01
9.025531888008118120e-01,-2.323067096497712924e-01
8.927032113075256126e-01,-4.674791470800361282e-01
9.011366367340087891e-01,-1.217597250384239160e-02
9.022398710250855158e-01,-1.682027161239907365e-01
8.909840047359466331e-01,-1.769940813596404539e-01
9.036468625068664329e-01,4.212043096501716377e-02
9.014891862869263139e-01,-4.278847660208509041e-01
8.955610215663910578e-01,-2.989914311075145825e-01
9.081628680229186790e-01,-3.930507437982910801e-02
8.994296491146087646e-01,-3.042420196441741886e-01
8.994206309318543147e-01,-9.359773277840544026e-02
9.080227375030517356e-01,1.468434567793908130e-01
8.999907970428466797e-01,-2.247922261270844935e-01
9.042551398277283159e-01,1.041751220319815374e-01
9.032957553863525391e-01,-4.472606361436159972e-02
8.935701191425323708e-01,-1.124384323577394262e-01
9.024016618728637473e-01,6.573909121130538935e-02
8.934835195541381836e-01,1.877710828592964454e-01
8.902346789836883545e-01,1.442754620863895276e-01
9.007641196250916193e-01,1.214073139247995314e-01
9.005411267280578613e-01,-2.724446876605224332e-01
8.947511374950408714e-01,-1.754973640210697461e-01
9.043009400367737483e-01,-1.891101327389561604e-01
8.986996591091156450e-01,-2.260009475608981688e-01
8.988656938076019509e-01,-1.498215366683717242e-01
9.024835824966430664e-01,-2.569490848578968034e-01
8.926013946533203347e-01,-4.931418666867437572e-01
9.010780930519104448e-01,-3.182148768697645735e-02
9.021984100341796653e-01,-1.853952102718094963e-01
8.908498823642730935e-01,-1.972195206760853914e-01
9.035577535629272239e-01,1.880025282027819600e-02
9.014181494712829590e-01,-4.498061604149179438e-01
8.954223871231079546e-01,-3.212884560509587928e-01
9.081070303916931596e-01,-6.088173505435268140e-02
8.993547737598419634e-01,-3.248080731028508694e-01
8.993374407291412354e-01,-1.133986683782808313e-01
9.079678654670715332e-01,1.272803331424809947e-01
8.999137043952941672e-01,-2.441491836449189989e-01
9.041688203811645286e-01,8.592502003626512064e-02
9.032544732093811257e-01,-6.141821637238153997e-02
8.934753060340882014e-01,-1.285092779558225651e-01
9.023487806320190652e-01,5.393313165141577770e-02
8.934180140495300293e-01,1.768433422807529354e-01
8.902097761631012629e-01,1.301101082482580829e-01
9.007195472717285378e-01,1.098065842164146488e-01
9.005171179771424006e-01,-2.846736529088684797e-01
8.946734309196472390e-01,-1.892541306913342325e-01
9.042696833610535112e-01,-1.975738043248500553e-01
8.986494541168212891e-01,-2.351651345432128615e-01
8.987920939922332542e-01,-1.588185062625542265e-01
9.024331569671630859e-01,-2.637413315765217980e-01
8.925655007362366389e-01,-5.022783401489649968e-01
9.010173320770263894e-01,-4.049694299736961156e-02
9.021539449691772239e-01,-1.937828569309600901e-01
8.908229291439057063e-01,-2.039585873966927032e-01
9.034872770309448908e-01,1.401929609709728908e-02
9.013546228408814143e-01,-4.516315076708150578e-01
8.953768432140351008e-01,-3.258014529953965344e-01
9.080298781394958718e-01,-6.427682851933758101e-02
8.992855131626129594e-01,-3.297805901710031407e-01
8.993265748023987483e-01,-1.198388784903112736e-01
9.079629421234131081e-01,1.222278588237881713e-01
8.999050140380859819e-01,-2.471781964897479256e-01
9.041001677513123003e-01,8.153504865062188856e-02
9.032109737396240012e-01,-6.548517544612275643e-02
8.934590637683869074e-01,-1.342133945037438103e-01
9.023191332817077637e-01,4.662350347320476374e-02
8.933823764324188010e-01,1.745640925065652382e-01
8.901823520660400169e-01,1.255306363062986819e-01
9.006963253021240678e-01,1.051990242473332948e-01
9.005095958709716797e-01,-2.913612249130856924e-01
8.946400105953217219e-01,-1.960686605781427616e-01
9.042368531227111816e-01,-2.020285654263878072e-01
8.986165523529052734e-01,-2.418766749972407482e-01
8.987488508224487083e-01,-1.632856260960258155e-01
9.023967027664184792e-01,-2.669325059646010523e-01
8.925316691398620383e-01,-5.062968005625423373e-01
9.009874343872070757e-01,-4.467531791202805636e-02
9.021401643753051980e-01,-1.958679248109782556e-01
8.908214807510376199e-01,-2.070149392545870271e-01
9.034592986106873003e-01,1.278417191778924433e-02
9.013250470161437988e-01,-4.531153045169094007e-01
8.953508913516998735e-01,-3.306666737999428562e-01
9.080212354660034402e-01,-6.687796708434223802e-02
8.992765247821807861e-01,-3.338153416403111251e-01
8.992750704288482444e-01,-1.240487119953459505e-01
9.079379677772522195e-01,1.203931488921838877e-01
8.999028205871582031e-01,-2.546644047317987436e-01
9.040629386901856135e-01,7.511899424191659236e-02
9.032136797904968262e-01,-6.909767024103130595e-02
8.934429347515105979e-01,-1.387602843342419234e-01
9.023153066635132280e-01,4.401843258440285567e-02
8.933969020843506303e-01,1.727260120117062314e-01
8.901558160781860574e-01,1.196538720183344395e-01
9.007095694541931152e-01,1.009378832794221026e-01
9.004985690116882324e-01,-2.934929189181256781e-01
8.946190416812896951e-01,-2.002766215480362710e-01
9.042246103286742942e-01,-2.033629339681937154e-01
8.986263990402222346e-01,-2.461582265981938633e-01
8.987351298332214578e-01,-1.688461191985970444e-01
9.023834466934204102e-01,-2.689016639193626546e-01
8.925495862960816096e-01,-5.092958528451081435e-01
9.009824633598327859e-01,-4.698078317819565086e-02
9.021355152130127175e-01,-1.959061245278639340e-01
8.907818794250488281e-01,-2.116904722493031521e-01
9.034612178802490234e-01,1.219170179903050766e-02
9.013210654258728693e-01,-4.543912499623017354e-01
8.953449666500091775e-01,-3.347465533661604375e-01
9.080083966255187988e-01,-6.622482682700026047e-02
8.992368936538696067e-01,-3.366185267470798159e-01
8.992523908615112083e-01,-1.284210815506594550e-01
9.079270839691162553e-01,1.164503388983213483e-01
8.998829305171966997e-01,-2.598239880605830443e-01
9.040347337722778320e-01,7.121738002116639876e-02
9.032188057899475098e-01,-7.043915441637471631e-02
8.934394598007202593e-01,-1.445604619349203368e-01
9.022791862487793413e-01,4.105570748358200461e-02
8.933971524238586426e-01,1.692947786184912928e-01
8.901389300823211448e-01,1.150455630351965297e-01
9.007184863090514915e-01,9.686586836079902341e-02
9.004903554916382502e-01,-2.980165893128696730e-01
8.945742964744568537e-01,-2.071881487551721079e-01
9.042192697525024414e-01,-2.057266350772612995e-01
8.986076235771179865e-01,-2.514955135119025798e-01
8.987319469451904297e-01,-1.743908830059801573e-01
9.023660540580750178e-01,-2.729719935563581501e-01
8.925147712230682151e-01,-5.150501533348204042e-01
9.009694099426269753e-01,-5.091142169363882530e-02
9.021153092384338601e-01,-1.991909256730166611e-01
8.907819688320159912e-01,-2.171736296505324404e-01
9.034344553947448730e-01,8.209943074225733994e-03
9.013111829757690652e-01,-4.569588701482745208e-01
8.952939152717590554e-01,-3.402310215419883654e-01
9.079908967018127663e-01,-7.113349044682859557e-02
8.991963386535645197e-01,-3.412517404475989835e-01
8.991952478885650857e-01,-1.354005817834309511e-01
9.079269289970398615e-01,1.118528906190041639e-01
8.998828411102295366e-01,-2.650174642754277166e-01
9.039903759956360307e-01,6.643417625581582442e-02
9.032389163970947488e-01,-7.564573837720978133e-02
8.934250473976135254e-01,-1.507164212124765257e-01
9.022607207298278809e-01,3.721176734518882867e-02
8.933980762958526611e-01,1.651246428584554060e-01
8.901124536991119607e-01,1.089796726979450625e-01
9.007013082504272683e-01,9.141192250777718797e-02
9.004735469818115901e-01,-3.036632190319483726e-01
8.945556163787842241e-01,-2.128068777006428824e-01
9.042042136192321999e-01,-2.092035583279279187e-01
8.985719203948975276e-01,-2.568861676771434510e-01
8.986952602863311768e-01,-1.795922238684188876e-01
9.023571014404296875e-01,-2.765590218733429140e-01
8.925004720687866877e-01,-5.212883169050868126e-01
9.009630441665649192e-01,-5.702655970511116834e-02
9.021089673042297363e-01,-2.026253423759718508e-01
8.907555341720581055e-01,-2.236368719448025288e-01
9.033898353576660378e-01,5.028505868882149343e-03
9.012833595275878684e-01,-4.614155037849538843e-01
8.952545523643493652e-01,-3.465122534205082871e-01
9.079790234565735529e-01,-7.349063768290120535e-02
8.991594493389130083e-01,-3.451533546683491771e-01
8.991521120071411799e-01,-1.422151116702390361e-01
9.078921556472778764e-01,1.059143326713716249e-01
8.998338341712951438e-01,-2.712769747463070757e-01
9.039551258087158425e-01,6.112441560868653312e-02
9.032326340675354004e-01,-8.051770030826554958e-02
8.933920860290527344e-01,-1.567941085211197461e-01
9.022315859794617365e-01,3.282853708605459886e-02
8.933626651763916238e-01,1.611451311758207439e-01
8.900747895240783691e-01,1.038695242968952215e-01
9.006803393363952415e-01,8.488351599058407970e-02
9.004667758941650169e-01,-3.094703250126502603e-01
8.945054650306701882e-01,-2.185012570658289022e-01
9.041990160942078303e-01,-2.125937832015445395e-01
8.985542595386505349e-01,-2.616916546106771158e-01
8.986759245395660178e-01,-1.849514194432830827e-01
9.023537993431091087e-01,-2.802383661728016229e-01
8.924928486347198930e-01,-5.276614902590526235e-01
9.009444952011108620e-01,-6.034150866604104380e-02
9.021151900291443093e-01,-2.059539608434346469e-01
8.907438457012176736e-01,-2.297941419969578014e-01
9.033701062202453835e-01,1.388672060908202610e-03
9.012796401977539729e-01,-4.632706243496000909e-01
8.952214002609253374e-01,-3.525528645333504407e-01
9.079652190208434837e-01,-7.739094112905231526e-02
8.991413891315460649e-01,-3.496244068256180171e-01
8.991422891616821511e-01,-1.468095638933299973e-01
9.078863978385925959e-01,1.022078366123619908e-01
8.998016476631164329e-01,-2.776117611298727361e-01
9.039564371109009011e-01,5.611388607716261134e-02
9.032436966896056907e-01,-8.290499536011530779e-02
8.933822870254516380e-01,-1.613179661693773248e-01
9.022380590438843218e-01,2.827865119933026250e-02
8.933640480041503684e-01,1.584670314165017579e-01
8.900515198707580344e-01,9.769877199172150029e-02
9.006708979606629084e-01,8.312483098572309714e-02
9.004503846168517844e-01,-3.131343145239489090e-01
8.944454610347748469e-01,-2.248205014077204744e-01
9.041687846183776855e-01,-2.160135941303966689e-01
8.985425412654877153e-01,-2.682621931685531536e-01
8.986611664295196533e-01,-1.900020212268342945e-01
9.023396372795104980e-01,-2.846369512200954688e-01
8.924881577491760032e-01,-5.337322491876723696e-01
9.009415507316589355e-01,-6.645870646616902633e-02
9.020998835563659446e-01,-2.084302013145040711e-01
8.907161712646484153e-01,-2.363770392867672321e-01
9.033436894416809748e-01,-4.108342100366257910e-04
9.012669444084168147e-01,-4.673669822250623440e-01
8.951682150363922119e-01,-3.578242382100800256e-01
9.079361081123352717e-01,-8.164328118179842164e-02
8.990987837314605713e-01,-3.551944498574108877e-01
8.991124927997589111e-01,-1.556250848323048608e-01
9.078818798065185769e-01,9.737257637007878941e-02
8.997995972633362483e-01,-2.837753978015089551e-01
9.039311051368713601e-01,5.230440058537233483e-02
9.032324671745300959e-01,-8.821063642993376419e-02
8.933656990528107134e-01,-1.678092964907693663e-01
9.022303581237792747e-01,2.519458582134248559e-02
8.933988392353058305e-01,1.556144113819986075e-01
8.900302052497863770e-01,9.318034469537384012e-02
9.006704211235047053e-01,7.656534038518181262e-02
9.004333257675171120e-01,-3.187474258639952929e-01
8.944337189197540949e-01,-2.307298478071460046e-01
9.041493296623229758e-01,-2.198569725082473170e-01
8.985054731369018777e-01,-2.727383011707038563e-01
8.986301600933075395e-01,-1.957943341799186499e-01
9.023170828819274680e-01,-2.897987815910498810e-01
8.924722433090209739e-01,-5.387188102693856173e-01
9.009167790412903054e-01,-7.208174224246510775e-02
9.020942926406860796e-01,-2.124612077135292765e-01
8.906832277774811013e-01,-2.411336530531089650e-01
9.033082485198974387e-01,-5.226807340362960019e-03
9.012531280517578347e-01,-4.704770758415164345e-01
8.951192319393158625e-01,-3.642725002232185538e-01
9.079304337501525879e-01,-8.384613152221387367e-02
8.990594267845154475e-01,-3.616964536291091825e-01
8.990878760814666748e-01,-1.605998489426267994e-01
9.078761935234069824e-01,9.292717794424820710e-02
8.997839748859405296e-01,-2.905940472656287632e-01
9.038881421089172141e-01,4.653137474424484665e-02
9.032180428504944514e-01,-9.263169189892517252e-02
8.933472394943237083e-01,-1.743584881480328974e-01
9.022120714187622514e-01,2.099186794984531090e-02
8.933944344520569070e-01,1.508420683204683144e-01
8.899800539016723411e-01,8.732342927990899284e-02
9.006341457366943137e-01,7.326780600106719277e-02
9.004298210144042747e-01,-3.259814036224910616e-01
8.943678975105285867e-01,-2.370696900355939718e-01
9.041293025016784446e-01,-2.231151836543912026e-01
8.984753191471099854e-01,-2.796631233773445580e-01
8.986087262630463313e-01,-2.015469493880037710e-01
9.023036956787109375e-01,-2.932858165314802257e-01
8.924581527709961604e-01,-5.441077791529989049e-01
9.008923292160034846e-01,-7.577119823168754209e-02
9.020924329757690208e-01,-2.152760025381748044e-01
8.906605482101440652e-01,-2.468467577697093240e-01
9.032886266708374245e-01,-6.696185665867826486e-03
9.012398958206176980e-01,-4.721103009918996563e-01
8.951078414916991965e-01,-3.696150302353236050e-01
9.079286932945251909e-01,-8.615066052081132852e-02
8.990092635154723899e-01,-3.658886853038141318e-01
8.990518093109131081e-01,-1.647329085068616195e-01
9.078688621520996094e-01,8.890721950255731088e-02
8.997730731964111994e-01,-2.958451975628304531e-01
9.038655042648315874e-01,4.143995169460978900e-02
9.031940221786499690e-01,-9.631553028272366035e-02
8.932892918586731179e-01,-1.800603576537844752e-01
9.022164583206176980e-01,1.614761953888299573e-02
8.933770298957824929e-01,1.479074312467694163e-01
8.899536311626434770e-01,8.053773643427897255e-02
9.006338953971863015e-01,6.943210501729657480e-02
9.004278540611266868e-01,-3.308018708371562866e-01
8.943218529224395974e-01,-2.416266915558558104e-01
9.041189789772033913e-01,-2.266778690145367925e-01
8.984586477279663530e-01,-2.852631269714005491e-01
8.985813438892364946e-01,-2.064353896283046552e-01
9.022648692131042258e-01,-2.960360088937452616e-01
8.924482941627502885e-01,-5.482442092804884481e-01
9.008508205413818803e-01,-8.201198335115211790e-02
9.020624279975891779e-01,-2.187263357898325822e-01
8.906335592269897239e-01,-2.524671719968072381e-01
9.032523274421692117e-01,-1.160503653921063361e-02
9.012104272842407227e-01,-4.753831179121470463e-01
8.950571060180664285e-01,-3.744132142818057396e-01
9.078928232192993164e-01,-9.039045458810957001e-02
8.989756762981414573e-01,-3.699251220547496999e-01
8.989954233169555886e-01,-1.739605744304721924e-01
9.078356623649597168e-01,8.392852306843856525e-02
8.997096538543701838e-01,-3.033566850292910289e-01
9.038142323493957297e-01,3.499843080798070716e-02
9.032022714614867942e-01,-9.964658304587015181e-02
8.932281732559204102e-01,-1.859219544071026853e-01
9.021870493888854980e-01,1.009783300384770044e-02
8.933914363384246604e-01,1.429227427001977802e-01
8.899227142333984153e-01,7.487968425083746382e-02
9.005963325500488947e-01,6.436202886827402381e-02
9.004007220268249734e-01,-3.357036060769615915e-01
8.942699432373046875e-01,-2.484857877790309644e-01
9.040674805641174538e-01,-2.315794170008276254e-01
8.984203100204467551e-01,-2.925796835296350373e-01
8.985642850399017112e-01,-2.121567334995275722e-01
9.022331237792968750e-01,-3.020213802199145370e-01
8.923972964286804865e-01,-5.536507799944314634e-01
9.008410930633544700e-01,-8.612744108505721030e-02
9.020487427711486594e-01,-2.210849810540178595e-01
8.906075060367584229e-01,-2.583115414268242205e-01
9.032153964042664018e-01,-1.516884542044083517e-02
9.011759757995605469e-01,-4.782847983673566006e-01
8.950363099575042725e-01,-3.806828364424483802e-01
9.078751206398010254e-01,-9.302941836297184963e-02
8.989254236221313477e-01,-3.756550795876232307e-01
8.989478826522827593e-01,-1.792338206423429448e-01
9.078344464302062766e-01,8.093021979992931492e-02
8.996850609779357688e-01,-3.104122101888053820e-01
9.037727594375610796e-01,2.929356524600246203e-02
9.031853914260864480e-01,-1.039732627437319756e-01
8.932325363159180354e-01,-1.922674142409750431e-01
9.021901369094849077e-01,5.135614878973626674e-03
8.933731377124786155e-01,1.382803535774850268e-01
8.898730576038360596e-01,7.019347780581508545e-02
9.005856752395630105e-01,5.838564571078386223e-02
9.003737211227417214e-01,-3.432362531905206460e-01
8.942115902900695801e-01,-2.552381494991426969e-01
9.040491342544555442e-01,-2.353731731974293417e-01
8.983991503715514915e-01,-2.985790988693648451e-01
8.985312104225159358e-01,-2.177735899098567351e-01
9.022208094596863015e-01,-3.046444274460742285e-01
8.924021899700165239e-01,-5.590893710592936827e-01
9.008046269416809526e-01,-9.318259173754350755e-02
9.020184874534606934e-01,-2.244222131831317135e-01
8.905671715736389604e-01,-2.643257497941720047e-01
9.031911253929137962e-01,-1.759827251297352291e-02
9.011641383171081765e-01,-4.814546258548233482e-01
8.950013339519501399e-01,-3.863805863708891231e-01
9.078564167022705744e-01,-9.670145977537858428e-02
8.989170730113983376e-01,-3.794115723349098523e-01
8.989303588867187944e-01,-1.853137549931558326e-01
9.078142285346985085e-01,7.600844843411103113e-02
8.996461093425750510e-01,-3.184348997488850586e-01
9.037346363067627619e-01,2.471296978295844937e-02
9.031762123107910378e-01,-1.079037140056606781e-01
8.932083964347840022e-01,-1.972204569436559751e-01
9.021781325340271218e-01,1.216024320865205510e-03
8.933357357978820579e-01,1.327604944874836157e-01
8.898496568202972634e-01,6.334898735674299175e-02
9.005844593048095703e-01,5.137487414115060602e-02
9.003921031951904741e-01,-3.491896041657707173e-01
8.941608071327209473e-01,-2.616542039078479931e-01
9.040376305580138938e-01,-2.398665085228817162e-01
8.983808219432830589e-01,-3.019822442354578307e-01
8.985101580619812012e-01,-2.219748097532407982e-01
9.021990060806274192e-01,-3.079625597167447992e-01
8.923927187919616921e-01,-5.652664899839483503e-01
9.008061051368713157e-01,-9.737819397550318001e-02
9.020049333572387473e-01,-2.274819356042803165e-01
8.905625402927398460e-01,-2.705925631521024499e-01
9.031700968742371050e-01,-2.093775168425704436e-02
9.011603236198425515e-01,-4.843452583526981492e-01
8.949616909027099387e-01,-3.928314699332253745e-01
9.078319311141967995e-01,-1.011549101023176966e-01
8.988858938217163530e-01,-3.834397699312228625e-01
8.988807618618012141e-01,-1.905047969123168095e-01
9.077997088432312456e-01,7.167090803242848196e-02
8.996316909790039729e-01,-3.236250054004750076e-01
9.036965608596801980e-01,2.023985783703396990e-02
9.031665205955505815e-01,-1.107799279829464467e-01
8.931748151779175249e-01,-2.023570080902001855e-01
9.021661758422852007e-01,-3.723910635825333770e-03
8.933392643928528276e-01,1.288034532265460719e-01
8.897999525070190430e-01,5.730931251147186600e-02
9.005927920341492143e-01,4.714444274955953418e-02
9.003807067871093528e-01,-3.541628702479795443e-01
8.941208600997925249e-01,-2.666109916808121483e-01
9.040323019027710627e-01,-2.430563721363618868e-01
8.983635067939758079e-01,-3.075897379700798240e-01
8.984971106052398460e-01,-2.280253453023326493e-01
9.021758317947388139e-01,-3.137664823877064357e-01
8.923763573169708474e-01,-5.708531985785003648e-01
9.007728695869445801e-01,-1.022718773141999549e-01
9.020190954208374690e-01,-2.304575811975775324e-01
8.905216574668884943e-01,-2.759055071089724365e-01
9.031288146972656916e-01,-2.412087417122821265e-02
9.011451244354248269e-01,-4.859996431501798497e-01
8.949193537235260454e-01,-3.963572663510843697e-01
9.078275084495545100e-01,-1.032886638960137660e-01
8.988523006439209651e-01,-3.879074515252369793e-01
8.988536775112152544e-01,-1.965057102801601729e-01
9.078027844429016335e-01,6.843329477284054718e-02
8.996074914932251643e-01,-3.282733866356402075e-01
9.036440372467041682e-01,1.452600410637705508e-02
9.031541228294373003e-01,-1.156073235776351460e-01
8.931497693061828391e-01,-2.075974849370956221e-01
9.021385073661803977e-01,-6.822581787916615070e-03
8.933416604995727539e-01,1.242831533950568002e-01
8.897947013378143533e-01,5.165800145453935954e-02
9.005815029144287331e-01,4.317541726371665334e-02
9.003621578216552956e-01,-3.590775259802603259e-01
8.940672338008880393e-01,-2.715880028333037544e-01
9.040102005004883035e-01,-2.472989750063723235e-01
8.983296871185303401e-01,-3.138202241462662023e-01
8.984980702400208186e-01,-2.344148097120291041e-01
9.021512508392334206e-01,-3.176122950612407791e-01
8.923572123050690363e-01,-5.759468686703050899e-01
9.007523059844970703e-01,-1.063616813166667896e-01
9.019880294799804688e-01,-2.333669390468671168e-01
8.904738247394562434e-01,-2.821704479317621583e-01
9.030960440635681374e-01,-2.931566116067196859e-02
9.011085867881775124e-01,-4.890550587405031457e-01
8.948991298675537109e-01,-4.014700363013319340e-01
9.078124880790711115e-01,-1.057568524659746600e-01
8.988247275352477805e-01,-3.923732605841099286e-01
8.988171756267547829e-01,-2.020560916929672324e-01
9.077713370323181596e-01,6.284377737557678145e-02
8.995751738548278809e-01,-3.357496704414413280e-01
9.036212801933288796e-01,6.752736227140232472e-03
9.031393051147461604e-01,-1.198871898969606775e-01
8.931219577789306641e-01,-2.141940517334379734e-01
9.021316289901734065e-01,-1.139325281471137430e-02
8.933080494403838889e-01,1.203512041050149861e-01
8.897716701030731201e-01,4.304733586004072521e-02
9.005691051483154519e-01,3.855512405567340650e-02
9.003608942031861018e-01,-3.638174741838429149e-01
8.940235912799835427e-01,-2.771668467802612668e-01
9.039823532104492854e-01,-2.510204513465139620e-01
8.983019173145294634e-01,-3.191294230328534098e-01
8.984643757343292458e-01,-2.391051357343632056e-01
9.021326065063476340e-01,-3.208637650808752184e-01
8.923435747623443826e-01,-5.799803093650139907e-01
9.007319688796997514e-01,-1.112903810625089918e-01
9.019783377647400124e-01,-2.347750854732466586e-01
8.904165387153625266e-01,-2.888744982452240428e-01
9.030709743499756303e-01,-3.149828812155996971e-02
9.010889410972595659e-01,-4.933287456938617588e-01
8.948296010494232178e-01,-4.074188931922426704e-01
9.077907919883728693e-01,-1.097062163328321738e-01
8.987974047660828303e-01,-3.982436582525932245e-01
8.988002836704254150e-01,-2.060337308404607271e-01
9.077679038047791193e-01,6.055067084134257982e-02
8.995718657970428467e-01,-3.423151531544355031e-01
9.036020517349243608e-01,2.411076248146404311e-03
9.031328201293945535e-01,-1.243056238167543626e-01
8.930872201919556330e-01,-2.218660154615217373e-01
9.020992636680603693e-01,-1.684195556933731908e-02
8.932794034481048584e-01,1.159983089151723767e-01
8.897352278232574241e-01,3.846936194619443583e-02
9.005411624908447044e-01,3.412133534772010535e-02
9.003430247306823953e-01,-3.696987325561469362e-01
8.939919173717498779e-01,-2.834802862632144205e-01
9.039698123931885210e-01,-2.549374203554242158e-01
8.982653021812438965e-01,-3.248635001430382196e-01
8.984206020832061768e-01,-2.448060689725441996e-01
9.021141171455383523e-01,-3.259514430602274970e-01
8.923324823379517046e-01,-5.870068102298362511e-01
9.007210016250610796e-01,-1.164033382662710281e-01
9.019597530364990012e-01,-2.370088326434962589e-01
8.903923034667968750e-01,-2.943640222659338335e-01
9.030347824096679465e-01,-3.621988548075627534e-02
9.010757446289062722e-01,-4.961660109402048491e-01
8.947874188423157182e-01,-4.126610553207652465e-01
9.077612400054931863e-01,-1.128932711436001490e-01
8.987446904182434526e-01,-4.025969279494638897e-01
8.987364292144776057e-01,-2.150366925470956758e-01
9.077609658241272417e-01,5.536936610491727251e-02
8.995305657386779563e-01,-3.485673607382628880e-01
9.035698294639588068e-01,-2.225695269141514387e-03
9.031155467033386008e-01,-1.296586400256516391e-01
8.930495977401733398e-01,-2.272388805429188530e-01
9.021147131919861062e-01,-2.170605285279858521e-02
8.932858765125274436e-01,1.121603608892320914e-01
8.897099614143372248e-01,3.375132240376688131e-02
9.005460500717162864e-01,3.049161322950988406e-02
9.003336668014526589e-01,-3.751039924954908678e-01
8.939543008804321511e-01,-2.886887427591910971e-01
9.039491176605224387e-01,-2.584034829022701096e-01
8.982440769672394021e-01,-3.313894723645471885e-01
8.983994185924529807e-01,-2.503276133441727502e-01
9.021037459373474343e-01,-3.297536256649662434e-01
8.923340022563934770e-01,-5.935573126616984219e-01
9.006992816925049050e-01,-1.211979644959839675e-01
9.019577145576477273e-01,-2.399633185896949961e-01
8.903499841690063477e-01,-3.004754152071233975e-01
9.030043005943299006e-01,-3.865867524899657681e-02
9.010401844978332964e-01,-5.002737912800299114e-01
8.947225987911224809e-01,-4.190447148715232828e-01
9.077485918998718928e-01,-1.158745343423217555e-01
8.987330615520477961e-01,-4.076383543108219598e-01
8.987234354019165705e-01,-2.189472949365249832e-01
9.077600598335265891e-01,5.344252744435262770e-02
8.995269477367401345e-01,-3.539409748337161155e-01
9.035192966461181863e-01,-8.844732487181428127e-03
9.030853748321533425e-01,-1.345027011830999264e-01
8.930062234401703325e-01,-2.333691860890367842e-01
9.021118998527527522e-01,-2.511725012000010082e-02
8.932872593402862993e-01,1.082946993431979088e-01
8.896875977516174316e-01,2.721654926709327071e-02
9.005211234092712624e-01,2.550804820402330364e-02
9.003143787384033647e-01,-3.802866080065152588e-01
8.938772082328796387e-01,-2.958923854483952454e-01
9.039457559585571955e-01,-2.626355995754883210e-01
8.982074916362762229e-01,-3.369087696940065157e-01
8.983785271644592063e-01,-2.547290071941792355e-01
9.020633220672608088e-01,-3.339966030420047360e-01
8.923188805580138938e-01,-5.995703975079611503e-01
9.006559967994690608e-01,-1.259856623456743208e-01
9.019300580024719460e-01,-2.433421209989492517e-01
8.903247237205506037e-01,-3.061896434448088122e-01
9.029703497886657493e-01,-4.310950402673752180e-02
9.010080814361572932e-01,-5.042999290876872820e-01
8.946608483791351762e-01,-4.235446040699706316e-01
9.077206015586852805e-01,-1.196244732166138469e-01
8.986934602260590044e-01,-4.113049653713183318e-01
8.986803531646728738e-01,-2.266934110562108806e-01
9.077269315719604936e-01,4.859266142796636601e-02
8.994871079921722412e-01,-3.604809910687860608e-01
9.034912109375000666e-01,-1.360790012651813541e-02
9.030697703361511008e-01,-1.370317471451580893e-01
8.929900765419006570e-01,-2.390058913718657863e-01
9.020786881446838379e-01,-3.007890648433164671e-02
8.932809710502624956e-01,1.039260748581671834e-01
8.896512627601623757e-01,2.253858197669300623e-02
9.005219101905822532e-01,2.122893089875432793e-02
9.002831220626831277e-01,-3.852596868352100579e-01
8.938331961631774680e-01,-3.023374641517930783e-01
9.039095640182495117e-01,-2.672727455998047397e-01
8.981964945793151633e-01,-3.411528705921300642e-01
8.983396530151367410e-01,-2.609244769632201866e-01
9.020563006401062234e-01,-3.374345775617286769e-01
8.922800123691558838e-01,-6.029297255517436227e-01
9.006258368492127131e-01,-1.304567145029427166e-01
9.019258141517639826e-01,-2.460181609696125982e-01
8.903021037578583430e-01,-3.124759311682105967e-01
9.029225230216980647e-01,-4.547657569905938502e-02
9.010051965713501421e-01,-5.062632821835104657e-01
8.946256875991821511e-01,-4.287573673967721710e-01
9.076921224594116655e-01,-1.226465576814192993e-01
8.986653983592987061e-01,-4.143841621579387180e-01
8.986294925212859885e-01,-2.314651923571982017e-01
9.077340364456176758e-01,4.569397702898303493e-02
8.994603216648101585e-01,-3.673155570816080129e-01
9.034463286399841975e-01,-1.942773934618191589e-02
9.030946969985962358e-01,-1.418731867534082092e-01
8.929504930973053423e-01,-2.431526204426330828e-01
9.020549535751343218e-01,-3.490648933253481800e-02
8.932528316974640559e-01,1.005577586457055972e-01
8.896281957626342995e-01,1.672173881325544897e-02
9.005196571350098100e-01,1.689438655329800199e-02
9.002683639526367632e-01,-3.901814582010283416e-01
8.937818944454193337e-01,-3.079773527443623315e-01
9.038969278335571289e-01,-2.708314986361530785e-01
8.981871008872985840e-01,-3.464886594777256690e-01
8.983123838901519997e-01,-2.647270340749869888e-01
9.020437717437744807e-01,-3.396361171275459334e-01
8.922897815704345925e-01,-6.069339546982459588e-01
9.005886554718017800e-01,-1.359883705643354368e-01
9.019077420234680176e-01,-2.499525445553381076e-01
8.902459919452667680e-01,-3.186903135421803590e-01
9.028876543045044611e-01,-4.870651156456728970e-02
9.009695649147033691e-01,-5.101450475317608202e-01
8.945623815059662309e-01,-4.340433468476052603e-01
9.076611876487732378e-01,-1.271367096971309785e-01
8.986092388629913774e-01,-4.199259299090951636e-01
8.985497951507568359e-01,-2.389562691906168546e-01
9.077010750770568848e-01,4.250242813387528074e-02
8.994077444076538086e-01,-3.730097491932800047e-01
9.034022569656372514e-01,-2.478955647024427833e-02
9.030582547187805398e-01,-1.458377181549113111e-01
8.929190814495087114e-01,-2.504796631976597965e-01
9.020096063613891602e-01,-3.949476218965930485e-02
8.931903600692748801e-01,9.706548060687891777e-02
8.895956277847290039e-01,9.619213021690331544e-03
9.005015611648560236e-01,1.294408641886990452e-02
9.002382397651672585e-01,-3.949571718258129138e-01
8.937118709087371604e-01,-3.161167012437551271e-01
9.038517355918884721e-01,-2.748020221501090710e-01
8.981250345706940363e-01,-3.527912382568585414e-01
8.982250094413757324e-01,-2.727162052560347938e-01
9.019815087318420188e-01,-3.462456044163642055e-01
8.922282636165619341e-01,-6.125800226567821305e-01
9.005595922470093218e-01,-1.404103623008978730e-01
9.018867015838623047e-01,-2.526624774120618255e-01
8.901832282543182817e-01,-3.231345884469263297e-01
9.028423428535461426e-01,-5.132412843881661857e-02
9.009255647659302202e-01,-5.121761863997047470e-01
8.945169270038605402e-01,-4.402876897838385872e-01
9.076377272605896662e-01,-1.316002717138338163e-01
8.985871613025665505e-01,-4.246675633943053363e-01
8.985146105289459895e-01,-2.438405898536064598e-01
9.076536893844604492e-01,3.804317294799774984e-02
8.993632972240448442e-01,-3.780345099918789309e-01
9.033571481704711914e-01,-2.993996437683543732e-02
9.030365347862243652e-01,-1.503134516500339579e-01
8.928970038890838845e-01,-2.577473465887019088e-01
9.019697546958923562e-01,-4.378923428308789667e-02
8.931506156921387163e-01,9.152989222168894656e-02
8.895698606967926692e-01,3.047363689215210059e-03
9.005006313323974387e-01,7.445574229481000117e-03
9.002042889595032182e-01,-3.992671859609160379e-01
8.936566233634949397e-01,-3.204959991790921059e-01
9.038222432136535645e-01,-2.787879004522251236e-01
8.980771660804748313e-01,-3.583586597394532447e-01
8.982008934020996316e-01,-2.782617180774740184e-01
9.019662976264953835e-01,-3.494298504244199854e-01
8.922174394130707453e-01,-6.184564124377178729e-01
9.005179643630981667e-01,-1.465088347496115162e-01
9.018692493438721369e-01,-2.566786907834694986e-01
8.901373922824860063e-01,-3.289450649908829405e-01
9.027974843978882058e-01,-5.565960905184352825e-02
9.009047746658325195e-01,-5.168610820701284858e-01
8.944642126560211626e-01,-4.457742177483221546e-01
9.076231360435486062e-01,-1.342047808420931965e-01
8.985453486442566140e-01,-4.292419794913828746e-01
8.984611153602600764e-01,-2.484612575686777625e-01
9.076370716094971369e-01,3.396516591692178011e-02
8.992973387241364192e-01,-3.848393026959517904e-01
9.033147215843201350e-01,-3.632493470219255727e-02
9.030352830886840820e-01,-1.555323943428024158e-01
8.928628206253051980e-01,-2.655421486220657101e-01
9.019623875617981401e-01,-5.021914545184014145e-02
8.931317329406738281e-01,8.796982841074152404e-02
8.895268082618713601e-01,-2.903927497379221734e-03
9.004644393920898660e-01,1.761681061087205791e-03
9.001747369766235352e-01,-4.049724260299223388e-01
8.935998439788818137e-01,-3.265809893747868564e-01
9.038107395172119141e-01,-2.825067552431685947e-01
8.980679154396057351e-01,-3.632684468803666356e-01
8.981564462184906672e-01,-2.837104208321004073e-01
9.019484996795654741e-01,-3.530374766279607002e-01
8.921994566917419434e-01,-6.231497345162781976e-01
9.004977464675903986e-01,-1.503458465079812179e-01
9.018444895744324175e-01,-2.585105919123615870e-01
8.901115596294403298e-01,-3.332541428584150367e-01
9.027769923210143821e-01,-5.698049534063098776e-02
9.008492112159729448e-01,-5.198524569586138178e-01
8.944056451320648859e-01,-4.504611732074015329e-01
9.076022863388061301e-01,-1.363055780172994780e-01
8.984906315803528054e-01,-4.324831505677391164e-01
8.984114348888397883e-01,-2.540917834855398461e-01
9.076177716255188210e-01,2.996393282664611135e-02
8.992867350578308550e-01,-3.906085834667960555e-01
9.032730698585510476e-01,-4.194909399957325036e-02
9.030192136764526589e-01,-1.579283030563032320e-01
8.928121685981750266e-01,-2.710996456684107159e-01
9.018585920333862527e-01,-5.452859782640073760e-02
8.931585848331451416e-01,8.063286121946555696e-02
8.895046055316925271e-01,-1.224619257164727415e-02
9.005234360694885920e-01,-7.008711780978060801e-03
9.001447916030883567e-01,-4.098550614112843604e-01
8.935518503189087136e-01,-3.326289033746809842e-01
9.037791728973388894e-01,-2.884172251636791806e-01
8.980285882949828880e-01,-3.695766432649234545e-01
8.981108069419860840e-01,-2.906039717018784607e-01
9.019163370132446955e-01,-3.575680754027277253e-01
8.921874403953552468e-01,-6.291227471105136360e-01
9.004627346992493120e-01,-1.548977921833611937e-01
9.018203854560852273e-01,-2.634098928564827524e-01
8.900677263736724854e-01,-3.386470440658255754e-01
9.027177691459655762e-01,-6.362106671279743608e-02
9.008350729942321555e-01,-5.219530668803060713e-01
8.943444073200226274e-01,-4.555202013990893306e-01
9.075744152069091797e-01,-1.402098137872473949e-01
8.984463274478912131e-01,-4.371493208867480718e-01
8.983816087245941606e-01,-2.592272111109994448e-01
9.076064109802246538e-01,2.750791573510458221e-02
8.992311835289001909e-01,-3.973669372993606785e-01
9.032521963119507502e-01,-4.713882514413514357e-02
9.030230879783630593e-01,-1.631779553253918102e-01
8.927722632884979026e-01,-2.746050314532273440e-01
9.019108891487122026e-01,-5.897362174520326406e-02
8.931213438510895442e-01,7.832664693924096255e-02
8.894695043563842773e-01,-1.331934246121901921e-02
9.004563212394715022e-01,-8.713655027279276766e-03
9.001241564750671609e-01,-4.128232168640160182e-01
8.935111761093139648e-01,-3.386713870226643053e-01
9.037660956382751465e-01,-2.915803115246364818e-01
8.979904174804688166e-01,-3.757163114867489995e-01
8.980471432209015115e-01,-2.977572431957771215e-01
9.018904924392699973e-01,-3.619071138325233861e-01
8.921595335006714533e-01,-6.335145910312984796e-01
9.004320859909057395e-01,-1.595883054592088790e-01
9.018084287643433061e-01,-2.658333278365629937e-01
8.900355756282806174e-01,-3.455816034552015026e-01
9.026935935020446999e-01,-6.705005306384270725e-02
9.007912158966064897e-01,-5.255827889985158485e-01
8.942803561687470149e-01,-4.623545801583968107e-01
9.075534820556641069e-01,-1.439556330842282073e-01
8.984062790870667170e-01,-4.424079613245157638e-01
8.983384966850280762e-01,-2.662606403558442913e-01
9.075998544692993608e-01,2.388680727854541885e-02
8.991988301277160645e-01,-4.039292367026141584e-01
9.031978368759155940e-01,-5.195985411934334053e-02
9.030107736587524858e-01,-1.662084661983338485e-01
8.927655220031738281e-01,-2.820577213162458463e-01
9.018752455711365190e-01,-6.205469106696481774e-02
8.930700659751892312e-01,7.282289165145572341e-02
8.894153237342834473e-01,-1.945320582410570154e-02
9.004299044609069824e-01,-1.244767735286833599e-02
9.001312136650085893e-01,-4.190829145884089613e-01
8.934744596481323242e-01,-3.430710955910436510e-01
9.037483572959900124e-01,-2.961081014966917557e-01
8.979758799076080766e-01,-3.788889477769279424e-01
8.980166494846344438e-01,-3.020618269789698829e-01
9.018851637840271662e-01,-3.648988632280372180e-01
8.921416938304901345e-01,-6.385914083068304770e-01
9.004217386245727539e-01,-1.649196002604655931e-01
9.018057584762573242e-01,-2.687205897711830715e-01
8.899986863136292170e-01,-3.521058903950833319e-01
9.026677012443542480e-01,-7.048278448517075745e-02
9.007658481597901057e-01,-5.282406653783069395e-01
8.942492246627807839e-01,-4.672166176532028814e-01
9.075625538825988770e-01,-1.466605100960696184e-01
8.984012603759765625e-01,-4.462378574493479633e-01
8.982921898365020530e-01,-2.723739058321754669e-01
9.075758576393128108e-01,2.049489712330121449e-02
8.991704463958740678e-01,-4.093841188232070216e-01
9.031575441360474299e-01,-5.678593893943295612e-02
9.030172705650330034e-01,-1.698992329621553665e-01
8.927225530147552268e-01,-2.872910825296037807e-01
9.017728686332703303e-01,-6.544435418003891058e-02
8.930425763130188654e-01,6.804230943530331643e-02
8.893928766250610574e-01,-2.622335662806163370e-02
9.005077481269836426e-01,-2.136731124570845353e-02
9.001039385795593928e-01,-4.245127047381065388e-01
8.934315085411071999e-01,-3.503741698962592466e-01
9.037335395812988725e-01,-2.991541544113078821e-01
8.979428589344025102e-01,-3.852639936660353648e-01
8.979726016521454302e-01,-3.097568228892937370e-01
9.018684983253478782e-01,-3.685197844310823534e-01
8.921457529067993164e-01,-6.442062049285040004e-01
9.003916621208191140e-01,-1.684682416070502065e-01
9.018017649650573730e-01,-2.713694779822950487e-01
8.899665653705597368e-01,-3.581876972810378312e-01
9.026140332221984641e-01,-7.363182683256752625e-02
9.007548689842224121e-01,-5.316898751088801056e-01
8.941985726356506126e-01,-4.722479323247972260e-01
9.075459599494933860e-01,-1.501679556695423301e-01
8.983631074428558572e-01,-4.500563311098173536e-01
8.982654094696045366e-01,-2.779111794989925777e-01
9.075624227523804155e-01,1.728949146814651172e-02
8.991507709026337336e-01,-4.154322200766147333e-01
9.031469464302063210e-01,-6.124163630854173590e-02
9.029950141906738503e-01,-1.741169311147841015e-01
8.926905810832977961e-01,-2.936824194744418470e-01
9.018336176872253640e-01,-7.016145745489588137e-02
8.930332303047180398e-01,6.496273814165487437e-02
8.893556237220764382e-01,-3.037663957182434871e-02
9.004313349723815918e-01,-2.281758971277048076e-02
9.000999093055724876e-01,-4.280881233372140215e-01
8.933999121189117876e-01,-3.545810073450677002e-01
9.037219762802124468e-01,-3.023376514053071062e-01
8.979371249675750510e-01,-3.901043097532004289e-01
8.979564964771270530e-01,-3.163397201791031677e-01
9.018464803695679377e-01,-3.724865628747555668e-01
8.921302855014801025e-01,-6.500786623856429358e-01
9.003411054611206721e-01,-1.712101948146926844e-01
9.017884612083435503e-01,-2.744657148387026346e-01
8.899467706680298518e-01,-3.638045536913669942e-01
9.026073098182678667e-01,-7.799839152894261218e-02
9.007272362709045632e-01,-5.336133432061895832e-01
8.941511631011963557e-01,-4.777799628932184461e-01
9.075258970260620117e-01,-1.542384725600522977e-01
8.983338356018066850e-01,-4.537779947034730199e-01
8.982084095478057861e-01,-2.840710711003460176e-01
9.075465798377990723e-01,1.407547215134119512e-02
8.991386234760284646e-01,-4.227214376217838243e-01
9.030963063240051714e-01,-6.838666864781828281e-02
9.029841899871826616e-01,-1.793641490881889844e-01
8.926558136940002663e-01,-2.996301528442675277e-01
9.018184185028076394e-01,-7.521973663252712328e-02
8.930383086204528587e-01,5.890171639577079787e-02
8.893253862857818381e-01,-3.638841364348799345e-02
9.004198670387267844e-01,-2.515769687905544671e-02
9.000645995140076350e-01,-4.335585474994809729e-01
8.933460950851440652e-01,-3.619007472130424397e-01
9.036935210227966531e-01,-3.062151099227325979e-01
8.978922843933105913e-01,-3.953711893455902349e-01
8.979018151760101984e-01,-3.231312178836716065e-01
9.018258094787597878e-01,-3.758945768322163872e-01
8.921156823635101318e-01,-6.536413477457885257e-01
9.003002166748047541e-01,-1.754453075441371190e-01
9.017748236656188965e-01,-2.773029800850457249e-01
8.898875355720520242e-01,-3.697564066385039538e-01
9.025561332702637385e-01,-8.260894755425018943e-02
9.006811261177063432e-01,-5.357062757338018066e-01
8.941171884536743830e-01,-4.826976146817254509e-01
9.074754953384399636e-01,-1.570371635824812095e-01
8.982800960540772151e-01,-4.593405475946998884e-01
8.981541574001312700e-01,-2.891950762614423631e-01
9.075238943099975808e-01,9.891854138286859666e-03
8.990650534629821555e-01,-4.276368423681216058e-01
9.030722260475159135e-01,-7.345168895195852699e-02
9.029742598533631037e-01,-1.827564337504612446e-01
8.926369786262512429e-01,-3.065362496994934460e-01
9.017591357231140581e-01,-8.017315384223655528e-02
8.930397629737854004e-01,5.563564060203285422e-02
8.892773985862731934e-01,-4.272713235085090488e-02
9.004093766212463157e-01,-3.149304502316407905e-02
9.000403404235840510e-01,-4.384941756253462053e-01
8.932691037654877375e-01,-3.678288189638827532e-01
9.036587953567505327e-01,-3.094826837445836532e-01
8.978637754917144775e-01,-4.000036540320532907e-01
8.978459060192108820e-01,-3.277870892594028085e-01
9.018017649650573730e-01,-3.800341902694461815e-01
8.920919775962830034e-01,-6.590288186012887017e-01
9.002551913261414018e-01,-1.793285709205010292e-01
9.017696619033813699e-01,-2.787798485511165936e-01
8.898859977722167747e-01,-3.694685979872609494e-01
9.025514364242553933e-01,-8.129517689900023214e-02
9.006694078445435236e-01,-5.365142746473425817e-01
8.941028714179992676e-01,-4.832114383245427192e-01
9.074860095977783647e-01,-1.552889647744124524e-01
8.982617199420929177e-01,-4.596695520190547946e-01
8.981457114219665305e-01,-2.890943338708318322e-01
9.075189709663391557e-01,9.722576961499029835e-03
8.990576624870300071e-01,-4.264921616361458945e-01
9.030536293983459917e-01,-7.454974355891197391e-02
9.029636144638061301e-01,-1.827845217775831976e-01
8.926143348217010498e-01,-3.052016939041735100e-01
9.017486333847045676e-01,-7.822515553457343174e-02
8.930050432682037354e-01,5.497725724629498600e-02
8.892680108547210693e-01,-4.133284268451831167e-02
9.003951668739319514e-01,-3.118182968265292843e-02
9.000218629837036799e-01,-4.380545043741310707e-01
8.932640433311462846e-01,-3.658495493193574255e-01
9.036574125289916770e-01,-3.074198990327490222e-01
8.978724122047424538e-01,-3.982807344483938472e-01
8.978540182113647905e-01,-3.256037132844582516e-01
9.017975330352783203e-01,-3.792445422002916899e-01
8.920666754245758501e-01,-6.558945692815094652e-01
9.002538919448852539e-01,-1.769631845298063055e-01
9.017508506774902788e-01,-2.783585281442877424e-01
8.898479223251343218e-01,-3.694549284807284728e-01
9.025041103363037331e-01,-8.266156579172534435e-02
9.006621122360229936e-01,-5.365382430971532557e-01
8.940783321857452837e-01,-4.832020756488355495e-01
9.074599862098694514e-01,-1.571575675920771076e-01
8.982499420642853227e-01,-4.602504124199362501e-01
8.981386005878448930e-01,-2.893291497775711818e-01
9.075067639350891113e-01,9.165310503399748399e-03
8.990390062332153098e-01,-4.277098712386386836e-01
9.030294895172119585e-01,-7.588186505854821462e-02
9.029575109481812190e-01,-1.836007598457465306e-01
8.926171123981475608e-01,-3.066017884294445217e-01
9.017438411712647151e-01,-7.981699765833027982e-02
8.930118381977081299e-01,5.559107426566622934e-02
8.892506420612334983e-01,-4.357089668559366302e-02
9.003987908363342285e-01,-3.168572888922049913e-02
9.000265955924987571e-01,-4.389829072972677437e-01
8.932539403438568559e-01,-3.674093710921955136e-01
9.036523461341857688e-01,-3.080908283739351994e-01
8.978747308254242387e-01,-3.986215358441400625e-01
8.978546798229217751e-01,-3.261323299548926080e-01
9.018054604530334473e-01,-3.793604521255482531e-01
8.920660972595214622e-01,-6.563782451085491410e-01
9.002464890480041948e-01,-1.780786537135754521e-01
9.017508864402771218e-01,-2.785474669400613834e-01
8.898494839668273926e-01,-3.720993226075011151e-01
9.025123357772827370e-01,-8.343585907271977575e-02
9.006636857986450861e-01,-5.375353680599816997e-01
8.940798103809356467e-01,-4.844549889119877939e-01
9.074897408485412820e-01,-1.574423801870938888e-01
8.982563018798828125e-01,-4.614553887834671464e-01
8.981467604637146662e-01,-2.901654239717479378e-01
9.075353860855103205e-01,8.864581359680823169e-03
8.990550577640533669e-01,-4.294127546962838160e-01
9.030622959136963557e-01,-7.646366172700025388e-02
9.029872775077819602e-01,-1.835588150585776290e-01
8.926517009735107644e-01,-3.082211568197807949e-01
9.017829418182373713e-01,-8.001380110169797888e-02
8.930652618408203569e-01,5.413311840452372792e-02
8.893042802810668945e-01,-4.550204217698317066e-02
9.004443764686584917e-01,-3.231621147135044225e-02
9.000782251358032671e-01,-4.393903709440500904e-01
8.932960629463195801e-01,-3.687890549844246024e-01
9.036695718765258567e-01,-3.092158474869255436e-01
8.979027032852172630e-01,-4.005779605599393278e-01
8.978915393352508989e-01,-3.283059687471019394e-01
9.018405199050903986e-01,-3.795201793731148854e-01
8.921051621437072754e-01,-6.582384215180776543e-01
9.002983689308167170e-01,-1.771880760002959576e-01
9.017910599708557351e-01,-2.778973227389456291e-01
8.899071514606475830e-01,-3.700086371220590031e-01
9.025491833686828391e-01,-8.266418734092351173e-02
9.007141828536987527e-01,-5.367367318221480943e-01
8.941346704959869385e-01,-4.829316815744082447e-01
9.075146794319153276e-01,-1.576813156711440733e-01
8.982972264289855735e-01,-4.601234545373449336e-01
8.981854915618896484e-01,-2.896416758926809720e-01
9.075738787651062012e-01,8.800166150814803245e-03
8.991267681121826172e-01,-4.258545634204780050e-01
9.031237959861755371e-01,-7.345337423358611062e-02
9.030468821525573508e-01,-1.817250413945439291e-01
8.927118122577667458e-01,-3.050928996124544490e-01
9.018130302429199219e-01,-7.947825605123970405e-02
8.930901885032653809e-01,5.622249311536720029e-02
8.893550157546997736e-01,-4.265466524087635491e-02
9.004871010780334251e-01,-3.174003240832279360e-02
9.001046657562256081e-01,-4.380447671913954011e-01
8.933160841464996560e-01,-3.676900641099005718e-01
9.036819458007813166e-01,-3.083945535738803478e-01
8.979223370552062988e-01,-3.984101266266688590e-01
8.979067564010619895e-01,-3.264315610704984216e-01
9.018330812454223855e-01,-3.790222722790002052e-01
8.921280801296234131e-01,-6.548745993899554030e-01
9.002962589263916460e-01,-1.751206099506079639e-01
9.017900347709656428e-01,-2.776160679606980430e-01
8.899018287658692072e-01,-3.691040153952185321e-01
9.025587320327759233e-01,-8.083022642337533981e-02
9.007078289985657182e-01,-5.335695258838795141e-01
8.941334366798401323e-01,-4.783469665340529531e-01
9.075168132781982200e-01,-1.526880134629218233e-01
8.983252763748169611e-01,-4.547983391020555821e-01
8.981728076934815119e-01,-2.846626049515337264e-01
9.076065063476562722e-01,1.451476889552827387e-02
8.991227805614471214e-01,-4.212580514087314043e-01
9.031294345855712669e-01,-6.945644797413530469e-02
9.030134797096253108e-01,-1.792040473335938522e-01
8.926656305789947288e-01,-3.007046135084383565e-01
9.017867565155029963e-01,-7.750816182890796213e-02
8.930543124675750510e-01,5.972975143532543996e-02
8.892901241779327393e-01,-3.896764354733761593e-02
9.004376769065857156e-01,-3.074908681146126810e-02
9.000604867935181330e-01,-4.370498892707366245e-01
8.933006405830383745e-01,-3.654688629250983922e-01
9.036751508712769221e-01,-3.079194914084912860e-01
8.978822410106659380e-01,-3.971493487159225566e-01
8.978786528110503928e-01,-3.251183521757909922e-01
9.018026113510132502e-01,-3.776497040203086186e-01
8.920963466167449729e-01,-6.532376291692889581e-01
9.003085732460022195e-01,-1.775998464779036112e-01
9.017824769020080788e-01,-2.794468455685055197e-01
8.899020910263061301e-01,-3.701604997220311333e-01
9.025669574737549272e-01,-8.304225218598437763e-02
9.007055878639221858e-01,-5.365251353511628629e-01
8.941394925117492898e-01,-4.813761666323959076e-01
9.075113534927368164e-01,-1.571407147758039358e-01
8.983036041259765403e-01,-4.595669370933026521e-01
8.981703639030457209e-01,-2.882423303814665161e-01
9.075199127197265403e-01,9.060823042505994351e-03
8.990909576416016291e-01,-4.254201352676587611e-01
9.030894994735717551e-01,-7.155630888177100246e-02
9.029906392097473145e-01,-1.810451238846790822e-01
8.926849722862243430e-01,-3.018382462830793145e-01
9.018034219741821733e-01,-7.827908454664767035e-02
8.930441200733184592e-01,5.778868150768579071e-02
8.893226325511932595e-01,-4.029283666695038235e-02
9.004302620887756348e-01,-2.981169571964503717e-02
9.000694632530212846e-01,-4.351078830755263915e-01
8.933269619941711648e-01,-3.647035578127830746e-01
9.036608338356018066e-01,-3.062128628805629305e-01
8.978945136070252131e-01,-3.947173000741917015e-01
8.979073166847229004e-01,-3.230001404237694551e-01
9.018304586410522683e-01,-3.759046885219801126e-01
8.921181678771973322e-01,-6.534799352165943098e-01
9.003432035446167214e-01,-1.759600674545249710e-01
9.017815351486205833e-01,-2.790732748077839886e-01
8.899101912975311279e-01,-3.699393533218247043e-01
9.025650858879089578e-01,-8.252262368422869088e-02
9.006929278373718706e-01,-5.360504476928023010e-01
8.941244602203369807e-01,-4.785604355401797960e-01
9.074900627136230913e-01,-1.552305416779988789e-01
8.982629418373108132e-01,-4.560900138426360328e-01
8.981922447681427446e-01,-2.843405289072022946e-01
9.074963450431824397e-01,1.220967813638873523e-02
8.990575850009918657e-01,-4.227716215635748398e-01
9.030711650848388672e-01,-6.692047363205366750e-02
9.029661178588866965e-01,-1.770367751608659113e-01
8.926013052463531716e-01,-2.965857852112785409e-01
9.017977356910705788e-01,-7.157559599372786963e-02
8.930163681507110596e-01,6.289733188062252012e-02
8.892807662487030029e-01,-3.250646104172316697e-02
9.004094958305358665e-01,-2.350612088428638558e-02
9.000769138336182085e-01,-4.297430698952378059e-01
8.933587312698364480e-01,-3.578060746192077701e-01
9.036646366119385210e-01,-3.037502919160259829e-01
8.979199707508087602e-01,-3.920539933424906920e-01
8.979277014732360840e-01,-3.192271693672377175e-01
9.018143415451049805e-01,-3.732189113685810966e-01
8.920957207679748313e-01,-6.502835177301187208e-01
9.003224730491637962e-01,-1.718966661975525057e-01
9.017718911170959917e-01,-2.753753924104249684e-01
8.899400413036346880e-01,-3.643900954301022566e-01
9.026216983795166682e-01,-7.982748385512250522e-02
9.007456541061401589e-01,-5.339309251661816802e-01
8.941727936267852561e-01,-4.772369277021941691e-01
9.075418353080749734e-01,-1.540062782025111154e-01
8.983154535293579324e-01,-4.548833521974779970e-01
8.982366204261780229e-01,-2.811559083921180147e-01
9.076017856597901057e-01,1.645359178099781161e-02
8.991471648216248225e-01,-4.181213677932684725e-01
9.031654834747314675e-01,-6.275764075906931083e-02
9.030476093292236772e-01,-1.722202402699974932e-01
8.926661908626556396e-01,-2.898401646176758106e-01
9.019345164299011897e-01,-6.586679810795281753e-02
8.931781947612762451e-01,6.577354585790828878e-02
8.895033538341522439e-01,-2.676208498826015969e-02
9.005579471588135432e-01,-1.939403371363557227e-02
9.001961708068847434e-01,-4.266762318405517007e-01
8.934313952922821045e-01,-3.500219460361502222e-01
9.037464737892151323e-01,-2.999570974799667944e-01
8.980282247066497803e-01,-3.841951506072889266e-01
8.980364263057708518e-01,-3.100725323141442225e-01
9.019157409667969416e-01,-3.678831224829854918e-01
8.921565473079681174e-01,-6.439798154299012367e-01
9.003600001335144709e-01,-1.698681488788071903e-01
9.018145918846131037e-01,-2.721954532331940513e-01
8.899748086929321067e-01,-3.571939428814636663e-01
9.026633024215698908e-01,-7.335412987108869132e-02
9.008023142814636230e-01,-5.299439233429805718e-01
8.942244112491607444e-01,-4.715009780568681919e-01
9.076088309288025124e-01,-1.500350056744985672e-01
8.983983516693115901e-01,-4.517318755543975328e-01
8.982728183269500510e-01,-2.815100047873682065e-01
9.076482772827149104e-01,1.680787542976247551e-02
8.992377936840058039e-01,-4.136417019743490187e-01
9.032339572906494807e-01,-6.174853157133552983e-02
9.031205177307128906e-01,-1.719811175324328367e-01
8.927771091461181863e-01,-2.881299782729787040e-01
9.019546389579773393e-01,-6.654914991350180387e-02
8.932192385196685569e-01,6.482754110444144402e-02
8.895105004310608354e-01,-2.810656521982979328e-02
9.005772709846496804e-01,-2.116133238014761275e-02
9.002440929412841575e-01,-4.272230121018583127e-01
8.935771465301514116e-01,-3.533737839393671365e-01
9.038361310958862305e-01,-3.043221641482287687e-01
8.981551766395569070e-01,-3.906149500862770019e-01
8.981814146041869895e-01,-3.161541519465842498e-01
9.020169258117676225e-01,-3.738520154999096512e-01
8.922976016998290794e-01,-6.492530616417724332e-01
9.005660295486450639e-01,-1.769761050222822263e-01
9.020555138587952326e-01,-2.817451952011360561e-01
8.902571737766266091e-01,-3.689414793449397045e-01
9.028265476226806641e-01,-8.423880214137868805e-02
9.009315609931946023e-01,-5.354446825745395877e-01
8.943659722805022971e-01,-4.758544350072528850e-01
9.076602220535278098e-01,-1.505304784729291079e-01
8.985080122947692871e-01,-4.483706749754730048e-01
8.983431816101073997e-01,-2.716782590271220599e-01
9.076425671577453835e-01,2.215321424457972199e-02
8.992406547069550227e-01,-4.091097924249824658e-01
9.032524585723876731e-01,-5.614010156914295280e-02
9.030856847763061301e-01,-1.688240232839279820e-01
8.928219556808472124e-01,-2.887563412777978122e-01
9.019385576248168945e-01,-6.265109350952036138e-02
8.931003928184509943e-01,7.324870614262435353e-02
8.895362138748169611e-01,-2.351286201079538785e-02
9.004685282707214355e-01,-1.088635755191758037e-02
9.001985549926757590e-01,-4.081636004180020372e-01
8.935745358467102051e-01,-3.296399627818793476e-01
9.037241697311401145e-01,-2.951268930825654557e-01
8.979938030242919922e-01,-3.802718149788977264e-01
8.979942917823792170e-01,-3.073693405839299508e-01
9.018664598464966042e-01,-3.675546798191726694e-01
8.922397553920745628e-01,-6.421048459927551910e-01
9.004896283149719238e-01,-1.739002787989170074e-01
9.018885612487793635e-01,-2.750988189700307451e-01
8.901033699512481689e-01,-3.610124165419330566e-01
9.026770472526550737e-01,-7.939174492770417757e-02
9.008356094360351340e-01,-5.316011169431744676e-01
8.941924631595611350e-01,-4.771028541860657946e-01
9.074530124664307307e-01,-1.604470500750836415e-01
8.983708560466766579e-01,-4.531628669095026929e-01
8.982008397579193115e-01,-2.873111186556176477e-01
9.074756145477295144e-01,2.393474417816676691e-03
8.990883350372315119e-01,-4.210663038102455680e-01
9.030425429344177690e-01,-6.993637873089220136e-02
9.029416918754578081e-01,-1.829459343067774135e-01
8.927478313446045588e-01,-2.930566182301652667e-01
9.017903923988342951e-01,-7.762837858498983223e-02
8.930895507335663286e-01,5.674455591280658240e-02
8.894639551639557107e-01,-3.093353152289513019e-02
9.005267858505249245e-01,-1.987752228716122005e-02
9.002018570899963379e-01,-4.214799468229943891e-01
8.935324132442474809e-01,-3.467603643267520575e-01
9.037299156188964844e-01,-3.002158818365168180e-01
8.978834271430969904e-01,-3.868719395920088289e-01
8.979139506816864458e-01,-3.101253378051334053e-01
9.017819166183471680e-01,-3.689523400487599858e-01
8.920759856700897217e-01,-6.389692858983773149e-01
9.001330971717834695e-01,-1.655111341116533019e-01
9.014734387397765891e-01,-2.630196565330020775e-01
8.896741330623626487e-01,-3.555120318174025407e-01
9.022852301597595881e-01,-7.630412173294764955e-02
9.005446076393127663e-01,-5.263512774205718614e-01
8.941011548042298029e-01,-4.597219830030154775e-01
9.074238419532776323e-01,-1.319519338134003128e-01
8.982240438461304155e-01,-4.186981086168386490e-01
8.978452205657959651e-01,-2.415768821210928508e-01
9.072020053863525391e-01,5.173589891642427219e-02
8.987472057342529297e-01,-3.769235348924495632e-01
9.026530742645263450e-01,-3.798549886564073219e-02
9.024941086769103782e-01,-1.496355939288247505e-01
8.922827780246734841e-01,-2.535562384350815712e-01
9.011511921882630061e-01,-4.452588960773917748e-02
8.924486219882965532e-01,1.016475740980364861e-01
8.892535567283630371e-01,-4.796498764854995045e-03
9.001511335372924805e-01,2.487662935432233269e-02
8.996209442615509255e-01,-3.301801891701909852e-01
8.932341814041138139e-01,-2.482730677869606772e-01
9.031067848205566184e-01,-1.891155630908660790e-01
8.977483212947845459e-01,-2.449392062211019905e-01
8.977421164512634499e-01,-1.679328838101059596e-01
9.014032840728759544e-01,-2.073937531137048929e-01
8.920611202716827171e-01,-4.566130129076464428e-01
8.994674861431122270e-01,-8.914016287415726936e-03
9.011060595512390137e-01,-1.116184492192928701e-01
8.896580219268799272e-01,-2.081770345633784380e-01
9.020313143730164240e-01,3.654177427157367930e-02
9.001461982727051447e-01,-4.295187401852906817e-01
8.937315583229065163e-01,-4.117847088745612005e-01
9.066073775291443315e-01,-9.645840471401712080e-02
8.978046894073486994e-01,-4.105713061028937183e-01
8.979961156845093218e-01,-2.602672171285673741e-01
9.073387145996093528e-01,3.336333312245631788e-02
8.990707397460937500e-01,-4.104598902619769341e-01
9.031190156936645952e-01,-6.098865681093013080e-02
9.030014634132385032e-01,-1.712057007303533496e-01
8.927059352397919145e-01,-2.874837663956602007e-01
9.018452167510986328e-01,-6.562486656767596571e-02
8.930046796798706277e-01,6.823143548459098540e-02
8.893639385700226052e-01,-2.508579152962342462e-02
9.004098773002624512e-01,-1.781885715263786807e-02
9.000818252563477229e-01,-4.248514463451966705e-01
8.934222400188446267e-01,-3.492667526135986300e-01
9.037104368209839533e-01,-2.981092798023721180e-01
8.979303002357482688e-01,-3.826048065116451902e-01
8.979604899883270042e-01,-3.063405697772103586e-01
9.018513321876525657e-01,-3.675810825646674829e-01
8.921060264110565186e-01,-6.405122548549417871e-01
9.003955364227295144e-01,-1.671715110215874489e-01
9.017986893653869851e-01,-2.695712824859493040e-01
8.899801909923553689e-01,-3.534908173857087554e-01
9.026483297348022461e-01,-7.312099924597648126e-02
9.007474660873413530e-01,-5.294469525164369195e-01
8.942259669303894709e-01,-4.669613911134216089e-01
9.075671434402465820e-01,-1.462245839151372628e-01
8.984080493450165017e-01,-4.466258467306589708e-01
8.982935965061188410e-01,-2.714198491776005362e-01
9.075815439224242942e-01,2.001702615519995732e-02
8.991585075855255127e-01,-4.097393387395422693e-01
9.031474351882934348e-01,-5.798454868348290603e-02
9.029970765113830566e-01,-1.698685233858352461e-01
8.926971495151519997e-01,-2.862345982027911795e-01
9.018823623657227229e-01,-6.434255450280268462e-02
8.930146157741546409e-01,7.260717560315921304e-02
8.893751919269562434e-01,-2.477532520316927389e-02
9.004094004631042480e-01,-1.746007941953386933e-02
9.001033186912537065e-01,-4.228480209973466408e-01
8.934223115444183128e-01,-3.468676605903575627e-01
9.037247776985168901e-01,-2.968432587932294808e-01
0.000000000000000000e+00,3.000000000000000000e+00
0.000000000000000000e+00,3.000000000000000000e+00
0.000000000000000000e+00,3.000000000000000000e+00
0.000000000000000000e+00,3.000000000000000000e+00
0.000000000000000000e+00,3.000000000000000000e+00
0.000000000000000000e+00,3.000000000000000000e+00
0.000000000000000000e+00,3.000000000000000000e+00
0.000000000000000000e+00,3.000000000000000000e+00
0.000000000000000000e+00,3.000000000000000000e+00
0.000000000000000000e+00,3.000000000000000000e+00
0.000000000000000000e+00,3.000000000000000000e+00
0.000000000000000000e+00,5.999999999999999778e-01
1.000000000000000000e+00,0.000000000000000000e+00
1.000000000000000000e+00,0.000000000000000000e+00
1.000000000000000000e+00,0.000000000000000000e+00
1.000000000000000000e+00,0.000000000000000000e+00
1.000000000000000000e+00,0.000000000000000000e+00
1.000000000000000000e+00,0.000000000000000000e+00
1.000000000000000000e+00,0.000000000000000000e+00
1.000000000000000000e+00,0.000000000000000000e+00
1.000000000000000000e+00,0.000000000000000000e+00
1.000000000000000000e+00,0.000000000000000000e+00
