1.652030538244294022e-01,-9.717089518071515997e+00
2.097739982527319635e-01,-7.517613241690051851e+00
2.371360334003606851e-01,-5.817521119887036463e+00
2.584452480512904327e-01,-4.421453420740682816e+00
3.162172206440782563e-01,-3.312283879085974991e+00
3.284154569916156174e-01,-2.507905013450148601e+00
3.364852004406866381e-01,-1.873123128154324801e+00
3.413501147817801784e-01,-1.369417266552265033e+00
3.437312974279874700e-01,-9.667811405304082006e-01
3.441939640991480975e-01,-6.416870199986997036e-01
3.431852240715176916e-01,-3.756798960102598617e-01
3.410642126434777488e-01,-1.542839889901550243e-01
3.367568443319554627e-01,3.384438143032791196e-02
3.576432172508522411e-01,2.770832758475101909e-01
3.464454581450734927e-01,4.284586891288023613e-01
3.359417895378403185e-01,5.637705081557180531e-01
3.261684848258695757e-01,6.866174895687013890e-01
3.171901114749987038e-01,7.990453566107733607e-01
3.357701664873872227e-01,1.014285408696585788e+00
3.279676174139570244e-01,1.111135603456465448e+00
3.215062712466024153e-01,1.196406648252170690e+00
3.164352261346492501e-01,1.268243181307082468e+00
3.127476543184750657e-01,1.324519123906161999e+00
3.103734265167253925e-01,1.363478533363600143e+00
3.091824231692141267e-01,1.384027472596035979e+00
3.089973954042304349e-01,1.385911248343788982e+00
3.096141344488371194e-01,1.369753556501273284e+00
3.044366885115799559e-01,1.702012221044710394e+00
3.070247348496050188e-01,1.615711228713843317e+00
3.125497534284270018e-01,1.354242757634460670e+00
3.176649667023291879e-01,1.107269187639555730e+00
3.223027430403626048e-01,8.792314423969709303e-01
8.754463076591492143e-01,2.528306685184680269e+00
8.871219098567962869e-01,1.173599041179352653e+00
8.849551022052765115e-01,1.348612542119868252e+00
8.742462396621704102e-01,1.815816426534110128e+00
8.800330400466919167e-01,1.152928874766810274e+00
8.777414560317993164e-01,1.092433256458627433e+00
8.782492220401764138e-01,1.120478589779331458e+00
8.748360037803650791e-01,1.296034751403842833e+00
8.776009440422058994e-01,8.317494002610845705e-01
8.805691599845886230e-01,7.684876730419336610e-01
8.801862835884094460e-01,9.700076579239000907e-01
8.765487611293792947e-01,1.226341989494854623e+00
8.854269444942474143e-01,6.317697627864844456e-01
8.837279379367828369e-01,9.389044747171890748e-01
8.833830952644348145e-01,1.140521831426512200e+00
8.899565815925598589e-01,1.179564938140050145e+00
9.003610968589782493e-01,6.621655022167516336e-01
8.987210512161255549e-01,8.353618950559931200e-01
9.022652626037598322e-01,1.009088964354324602e+00
9.017709255218505637e-01,7.622461389084125294e-01
8.962287068367004172e-01,8.723497071982633244e-01
9.031244754791259988e-01,7.190602354479036507e-01
8.918632864952087402e-01,8.435377579906440104e-01
8.938091695308685303e-01,6.001699832602569451e-01
9.015546917915344682e-01,4.418003236711114390e-01
9.033562898635864036e-01,1.060645099897170596e-01
8.947470545768737571e-01,1.235262746908780684e-01
9.041219711303710715e-01,1.216593571548405528e-01
9.001496791839599387e-01,5.262422958753365521e-02
8.987062871456146240e-01,9.397841917266491762e-02
9.040831685066222922e-01,-1.986759785091152253e-02
8.965635776519775835e-01,-2.492950974671708231e-01
9.002167582511901855e-01,1.557657122214286538e-01
9.033861756324768066e-01,-2.138322779441059751e-02
8.915051221847534180e-01,-1.007569963847569916e-01
9.031687021255493386e-01,1.879706951053763397e-01
9.038654327392577903e-01,-2.036280849442246854e-01
8.948457658290863703e-01,-2.952332530786008213e-01
9.068456530570984109e-01,-8.704292351571663033e-03
9.024800896644592507e-01,-2.254345056806057457e-01
8.970612823963165505e-01,-1.725043038509572746e-01
9.068034887313842773e-01,2.168272106493618345e-01
9.025898337364196555e-01,-1.329447519454034499e-01
9.013148546218872070e-01,1.385638553979040566e-02
9.034548997879028320e-01,-3.946367810631068451e-02
8.961795866489410400e-01,-1.516363977274766128e-01
9.018600225448608620e-01,-8.844170726638900248e-03
8.927834391593932883e-01,2.232219181574546241e-01
8.910764157772064209e-01,1.990729559591031261e-02
8.999804675579071711e-01,1.407697017945430673e-02
9.023328304290771928e-01,-3.250926984443531786e-01
8.917613148689270686e-01,-4.316751516541983413e-01
9.029247283935547541e-01,-2.569532044352076383e-01
8.985835373401641624e-01,-4.041897063407913215e-01
8.962398052215576616e-01,-4.075638274121917703e-01
9.022103548049926758e-01,-3.991552083594567257e-01
8.947393059730529563e-01,-7.375687472931420352e-01
8.971063733100891335e-01,-2.956796654563249582e-01
9.024253249168395774e-01,-2.952355001207704888e-01
8.894409656524658869e-01,-5.387721775209173281e-01
9.005326032638549805e-01,-1.468307235404289202e-01
9.022983431816101740e-01,-4.614126949822416890e-01
8.918772578239441140e-01,-7.130490231367825338e-01
9.055659174919128418e-01,-2.444858654633539352e-01
9.010114550590515581e-01,-4.830159456557741038e-01
8.938486278057098389e-01,-5.739410090267709208e-01
9.060312032699585627e-01,-3.404062908312299740e-02
9.013694286346435325e-01,-4.234635232983450237e-01
8.986058175563812478e-01,-3.332998327158667173e-01
9.027540326118469460e-01,-2.736500385310818295e-01
8.943328857421875000e-01,-4.563076024260737107e-01
9.002763390541076438e-01,-2.656528154489259386e-01
8.922676205635070579e-01,2.086828063050871762e-02
8.896190106868744341e-01,-2.604048484614644998e-01
8.991151094436645730e-01,-2.084081053998345645e-01
9.014917254447937234e-01,-5.229149881824750601e-01
8.903260409832001177e-01,-6.794574279805818406e-01
9.018008828163147639e-01,-3.940531118595154147e-01
8.977466285228729026e-01,-5.225706289699600937e-01
8.949184715747833252e-01,-5.538520775221389414e-01
9.015768289566040705e-01,-4.793575737498998457e-01
8.937595784664154053e-01,-8.228028018622075557e-01
8.968488276004791260e-01,-3.213749671744943193e-01
9.026855468750000222e-01,-2.540226869388200193e-01
8.895596563816070557e-01,-4.831449633270210597e-01
9.011072516441345215e-01,-6.826794991984952432e-02
9.028220057487488237e-01,-4.068820373671853119e-01
8.924244046211242676e-01,-6.279956682088676523e-01
9.063084125518798828e-01,-1.759525773139594129e-01
9.012098670005798118e-01,-4.123105167422838058e-01
8.947007894515991433e-01,-4.669583950571953856e-01
9.067688465118408647e-01,5.747072504066563781e-02
9.014986872673035334e-01,-3.629109799218612764e-01
8.997107446193695068e-01,-1.935362440528294314e-01
9.035002946853637473e-01,-1.663790541497207620e-01
8.951361298561096858e-01,-3.140469881518974660e-01
9.011906147003173606e-01,-1.219591500309884502e-01
8.924549102783203569e-01,1.499619768039814893e-01
8.902566730976104736e-01,-7.479729270461321633e-02
8.998270034790039062e-01,-4.262189587590059503e-02
9.022273182868957297e-01,-3.647578613318853691e-01
8.913021981716156006e-01,-4.887743657227980876e-01
9.030738592147827815e-01,-2.742616085082834054e-01
8.987083315849304643e-01,-3.919781556692614188e-01
8.962380290031433105e-01,-3.966868325359813596e-01
9.024129271507262962e-01,-3.589528151398391209e-01
8.944430112838744895e-01,-6.827675083501443254e-01
8.976324021816254328e-01,-2.040997765463590241e-01
9.027798891067505549e-01,-2.359281926133585117e-01
8.895708680152892844e-01,-4.422678956959344987e-01
9.013093709945678711e-01,-4.675813874987611030e-02
9.029504776000977229e-01,-3.907267404342222861e-01
8.926259934902190940e-01,-6.021808987486729770e-01
9.064589500427245872e-01,-1.580123798841546190e-01
9.013151526451110840e-01,-3.888731178976891911e-01
8.950665771961212602e-01,-4.294101331470860927e-01
9.068582415580749290e-01,8.309112535317675352e-02
9.016447067260742188e-01,-3.320173333974794083e-01
9.000054001808166504e-01,-1.586636476063549850e-01
9.035788893699646662e-01,-1.410694946706927411e-01
8.953079164028168169e-01,-2.816749751333311735e-01
9.013675689697265847e-01,-9.360054158111763556e-02
8.925082325935363992e-01,1.759422783706812154e-01
8.903616845607758012e-01,-4.233895581602586944e-02
8.999318003654480647e-01,-1.412640510718921050e-02
9.023598074913025124e-01,-3.357036060769615915e-01
8.915008664131164329e-01,-4.522994409557745676e-01
9.031804680824280229e-01,-2.488865102993038647e-01
8.988653421401977539e-01,-3.620576656578973207e-01
8.964680433273315430e-01,-3.616805370804065944e-01
9.025726079940795676e-01,-3.347362544228822401e-01
8.946024119853973611e-01,-6.521777742792216337e-01
8.978958368301391824e-01,-1.722674281555622855e-01
9.028549909591675471e-01,-2.195348964639158851e-01
8.896880865097046565e-01,-4.104059612499026954e-01
9.015175580978393999e-01,-2.101995597696726392e-02
9.030636191368103249e-01,-3.770619152394036888e-01
8.928322076797485796e-01,-5.741707690886284077e-01
9.066123962402343750e-01,-1.368744541932755965e-01
9.014039158821106623e-01,-3.667277683007030831e-01
8.954083800315857378e-01,-3.923086581217294366e-01
9.069230675697327326e-01,1.089665649519546697e-01
9.017866373062134455e-01,-3.033364616497631339e-01
9.002487421035766380e-01,-1.238483507352095003e-01
9.036448836326599343e-01,-1.164967777698295848e-01
8.954524397850036621e-01,-2.481389942708323026e-01
9.014747262001038264e-01,-6.700473771341952656e-02
8.925130844116211382e-01,2.064484973742946039e-01
8.905641198158263938e-01,-9.739804284800257506e-03
8.999711096286774348e-01,1.485519578424598919e-02
9.024378895759582742e-01,-3.096963400042245240e-01
8.917252957820892556e-01,-4.189707497334356212e-01
9.032807707786559837e-01,-2.261269691759184575e-01
8.989967107772827148e-01,-3.306891442216404187e-01
8.967124342918396662e-01,-3.249207997183667374e-01
9.027460336685181330e-01,-3.114333036014445000e-01
8.947353541851044145e-01,-6.193486754326245070e-01
8.981064558029174805e-01,-1.401322908323909822e-01
9.029629826545715332e-01,-2.004962699201295884e-01
8.898656785488129328e-01,-3.781723285782905286e-01
9.017246961593627930e-01,7.511112959432075797e-03
9.031855225563049094e-01,-3.615545154653863058e-01
8.930331051349640337e-01,-5.467632212371063005e-01
9.067743182182311790e-01,-1.180459260923614195e-01
9.014978528022766779e-01,-3.441200897772906941e-01
8.957517504692077415e-01,-3.535166583706610410e-01
9.070056200027466486e-01,1.354543235419907177e-01
9.019075751304627131e-01,-2.726315666676404348e-01
9.005461454391480158e-01,-8.667328507879323851e-02
9.037108063697815163e-01,-8.995864798448849342e-02
8.956003487110137939e-01,-2.155439623169179697e-01
9.016587138175964355e-01,-3.739976987339144188e-02
8.925324618816375954e-01,2.329534832876323236e-01
8.907132089138031228e-01,2.011552150364082081e-02
9.000791072845458762e-01,4.613514630831172525e-02
9.025338292121887207e-01,-2.847702757221677317e-01
8.919175207614898904e-01,-3.804749850417463719e-01
9.033774137496948242e-01,-2.016179184698652094e-01
8.991214752197266291e-01,-2.993030209550542331e-01
8.969396233558655229e-01,-2.920682941825014645e-01
9.029280781745910867e-01,-2.883286542514880146e-01
8.948991656303405540e-01,-5.887248612221274158e-01
8.983901798725127952e-01,-1.030690155239200045e-01
9.030443310737610307e-01,-1.793512285957126196e-01
8.900367677211761253e-01,-3.451460517812976470e-01
9.019439339637757014e-01,3.162974008849062102e-02
9.032897472381592463e-01,-3.450082331948860492e-01
8.932482957839965598e-01,-5.168395479160015071e-01
9.069118261337280051e-01,-9.581612516049542450e-02
9.016390442848205566e-01,-3.212877070369022370e-01
8.960667669773102473e-01,-3.144426548272880595e-01
9.070753693580627663e-01,1.628731066043616060e-01
9.019932031631470171e-01,-2.436329257064180354e-01
9.007721781730652078e-01,-4.868085783312903203e-02
9.037683010101318359e-01,-6.344298862084452040e-02
8.957651793956756814e-01,-1.781129211066638796e-01
9.018455028533935991e-01,-8.146464132930297808e-03
8.925526022911072221e-01,2.605048418380189190e-01
8.908419609069824219e-01,5.444920233640271334e-02
9.001533150672912376e-01,7.772518865180311209e-02
9.025871157646179199e-01,-2.582345802325103357e-01
8.921424686908722146e-01,-3.440300208369864166e-01
9.034423828125000000e-01,-1.753348279707909185e-01
8.992390453815460871e-01,-2.667508700558793855e-01
8.971644699573516624e-01,-2.571127444292602426e-01
9.030445814132690430e-01,-2.621032378347707414e-01
8.950413286685944270e-01,-5.566414058688606836e-01
8.986046135425568293e-01,-7.325638353670438363e-02
9.031514286994933860e-01,-1.590969522380896173e-01
8.902172207832336204e-01,-3.122476691344666655e-01
9.021694540977478471e-01,5.532068019123892455e-02
9.033594250679016779e-01,-3.272013602671535182e-01
8.935039043426513672e-01,-4.840900318129168767e-01
9.070507287979125977e-01,-7.691962403394647652e-02
9.017958998680114524e-01,-2.978401965025438969e-01
8.963036954402924250e-01,-2.752328924861595638e-01
9.071581840515137163e-01,1.888477905656369416e-01
9.021317362785339355e-01,-2.148054344571255214e-01
9.009988427162171076e-01,-1.326728598428639216e-02
9.038190603256225364e-01,-3.863583032027051445e-02
8.958954095840454546e-01,-1.442007479342453102e-01
9.020365834236144797e-01,2.011027840524493016e-02
8.925907790660858598e-01,2.859492238472323145e-01
8.909618377685547541e-01,8.672122197841458657e-02
9.002263545989990234e-01,1.053117508628491628e-01
9.027013301849365901e-01,-2.310858167375382521e-01
8.923726737499236839e-01,-3.071433255923552430e-01
9.035095334053039329e-01,-1.491676473969731909e-01
8.993503332138061968e-01,-2.375711549464774031e-01
8.973967611789703813e-01,-2.246442958509087262e-01
9.031887531280518022e-01,-2.385433751919245893e-01
8.951576590538025124e-01,-5.232394985224901873e-01
8.988274633884429932e-01,-4.211013202173896630e-02
9.032107830047607644e-01,-1.401274222410231474e-01
8.903024554252624290e-01,-2.788114943950072977e-01
9.023294806480407493e-01,8.035123193418947096e-02
9.034201383590698686e-01,-3.118505044309625163e-01
8.937199592590332475e-01,-4.484204844102359644e-01
9.071840167045593928e-01,-5.553751976062049067e-02
9.018900632858276589e-01,-2.752304581904754244e-01
8.965308964252471924e-01,-2.363360307671693583e-01
9.072018146514893022e-01,2.144944063701283987e-01
9.022493600845337136e-01,-1.867415630385207415e-01
9.012134909629821999e-01,2.244158465636525435e-02
9.038930177688598855e-01,-1.191887342891950752e-02
8.959818065166473833e-01,-1.053506995937913970e-01
9.022109866142272727e-01,4.478017987994986626e-02
8.926188349723815918e-01,3.112119699477240431e-01
8.911243259906769243e-01,1.193890955493319694e-01
9.003051042556763361e-01,1.318571835352422283e-01
9.027507305145263672e-01,-2.045057421650278151e-01
8.926243126392364724e-01,-2.722227922462594485e-01
9.035550117492675559e-01,-1.225430064880961289e-01
8.994736373424530029e-01,-2.040374211261481996e-01
8.976397991180420366e-01,-1.878325020119366862e-01
9.033330440521240012e-01,-2.090698593188271559e-01
8.953116774559021218e-01,-4.908742266304333413e-01
8.990015864372253862e-01,-9.475215069311815341e-03
9.032551646232604980e-01,-1.194081954077748087e-01
8.904669702053070734e-01,-2.416205121898888919e-01
9.025031328201293945e-01,1.048788207381430304e-01
9.035220980644226296e-01,-2.920823381960624410e-01
8.939679980278015803e-01,-4.130147772089873826e-01
9.072722673416138139e-01,-3.442843111091953290e-02
9.020289897918701838e-01,-2.524093106609361925e-01
8.966907799243927224e-01,-1.972549115902588746e-01
9.072812557220458762e-01,2.430007578426605086e-01
9.023149847984314187e-01,-1.569560828108560457e-01
9.014222979545593040e-01,5.819539614041158160e-02
9.039203405380249468e-01,1.541058970720365906e-02
8.960824728012085627e-01,-6.469945970076551589e-02
9.023598432540893555e-01,7.864048382894983646e-02
8.926629304885864702e-01,3.354545589031467934e-01
8.912032127380371538e-01,1.560881627727885856e-01
9.004082322120666726e-01,1.591557498415312466e-01
9.027840256690978782e-01,-1.764669627173187649e-01
8.928908109664916992e-01,-2.318775245953483832e-01
9.035914659500122736e-01,-9.410912212553901313e-02
8.995727837085724099e-01,-1.761506915319261957e-01
8.978092908859253152e-01,-1.542570106579526090e-01
9.034566760063171831e-01,-1.828433193810252710e-01
8.954665422439574973e-01,-4.540143086383254811e-01
8.992254912853241411e-01,2.075443049390779393e-02
9.032832384109497070e-01,-9.953909952875017453e-02
8.906109452247620295e-01,-2.092245307215119254e-01
9.026874899864196777e-01,1.288105688600835741e-01
9.036311864852905051e-01,-2.726437381460602438e-01
8.942256033420562522e-01,-3.761876285818548382e-01
9.073298096656799983e-01,-1.604987320449868804e-02
9.021489143371582697e-01,-2.247969074649383003e-01
8.968932151794434260e-01,-1.579814830543204707e-01
9.073269605636596902e-01,2.702064464059330540e-01
9.023861646652221458e-01,-1.243704135326488824e-01
9.016308546066283958e-01,9.424506817680899928e-02
9.039433836936950906e-01,4.179049027309167386e-02
8.961962640285492387e-01,-2.458507563279654917e-02
9.024715185165405051e-01,1.085433720099842070e-01
8.926280915737152544e-01,3.615048932841373741e-01
8.912783324718475120e-01,1.902323430492343093e-01
9.004709005355835405e-01,1.864344672753208698e-01
9.028200030326843928e-01,-1.493846742198687849e-01
8.930929124355316828e-01,-1.919846614346143454e-01
9.036735415458679865e-01,-6.664801976897072322e-02
8.996800839900970237e-01,-1.470114231815800032e-01
8.979184627532958984e-01,-1.234966886356430038e-01
9.035820722579955833e-01,-1.554835211756104840e-01
8.955927550792693870e-01,-4.200433378624648384e-01
8.994206130504608376e-01,5.102321204158410950e-02
9.033377885818482111e-01,-7.948555893829167829e-02
8.907369911670685036e-01,-1.748328012993649594e-01
9.028404235839844194e-01,1.543163700219372103e-01
9.037045478820801003e-01,-2.551782283746160118e-01
8.944742441177367942e-01,-3.386363706155193221e-01
9.073985934257507990e-01,3.560438317975922473e-03
9.021851658821106179e-01,-1.979421319871752516e-01
8.970332622528076616e-01,-1.201051529874268553e-01
9.073784708976745383e-01,2.976184883417949401e-01
9.024630308151245783e-01,-9.085952464104574133e-02
9.018272995948791726e-01,1.282368240927396208e-01
9.039759755134583186e-01,6.792920831275894855e-02
8.963035583496093972e-01,1.645696234425253479e-02
9.026244759559631792e-01,1.398368047870683917e-01
8.926330566406249778e-01,3.867747550181666050e-01
8.913611114025116189e-01,2.277122574266803312e-01
9.005842447280884011e-01,2.136131913325565179e-01
9.029090046882629617e-01,-1.195484482898705458e-01
8.933367967605591042e-01,-1.522339236911172122e-01
9.037299394607544167e-01,-3.962902295930215146e-02
8.997779965400696245e-01,-1.156513281534596871e-01
8.980159938335419145e-01,-9.241822289279877367e-02
9.037032842636109065e-01,-1.279435850895866977e-01
8.957383215427399126e-01,-3.806929481322125497e-01
8.995963990688323753e-01,8.385811574711965477e-02
9.033579349517822932e-01,-6.038663676295019656e-02
8.909135103225708230e-01,-1.403845213159460315e-01
9.029719591140746848e-01,1.794248192267722253e-01
9.037798643112182617e-01,-2.321346236702708232e-01
8.946749746799469438e-01,-3.039332385993471775e-01
9.075070261955261453e-01,2.684878336531015819e-02
9.022475838661193626e-01,-1.684540103399747579e-01
8.971320629119873269e-01,-8.255988713354378561e-02
9.073297619819641335e-01,3.280337021375334672e-01
9.024329662322998491e-01,-5.500178745664818791e-02
9.020040512084961382e-01,1.656036373476412749e-01
9.040190935134887473e-01,9.654940992189198212e-02
8.963964760303497759e-01,5.332081266015764598e-02
9.027250051498413308e-01,1.714822741707471287e-01
8.926470637321471946e-01,4.133366659998047865e-01
8.914283275604247825e-01,2.606377918330626819e-01
9.006873011589050515e-01,2.436044631722680265e-01
9.029381155967712846e-01,-9.035225487122389154e-02
8.935374379158019797e-01,-1.146523306554896315e-01
9.038052320480346458e-01,-1.263362009241575379e-02
8.998579323291778786e-01,-8.408581602032105806e-02
8.981463909149169922e-01,-5.824951240599984814e-02
9.038226008415222168e-01,-9.852718153830419823e-02
8.958452403545379417e-01,-3.427332902515236590e-01
8.997867166996001975e-01,1.140583625086177832e-01
9.033768653869629350e-01,-4.165941281318907841e-02
8.910838723182678001e-01,-1.037232793023470379e-01
9.031098842620849387e-01,2.040093330990262466e-01
9.038584351539612483e-01,-2.098123195024168552e-01
8.949282407760620339e-01,-2.669969211734675163e-01
9.076172113418579102e-01,5.114867189606187026e-02
9.023344993591309038e-01,-1.374060669199366203e-01
8.972279846668244074e-01,-4.044638454855009613e-02
9.073094844818115901e-01,3.623482831118520764e-01
9.024268746376037376e-01,-1.734379498724880619e-02
9.021722912788391335e-01,2.022749910510044380e-01
9.040448427200317161e-01,1.258894140394031247e-01
8.964232981204987016e-01,9.644230091180050479e-02
9.028205037117004172e-01,2.049032813755604643e-01
8.925758183002472368e-01,4.398933338830466333e-01
8.914979100227355957e-01,2.948902046406849387e-01
9.007498741149903010e-01,2.749469563700581709e-01
9.029918670654296653e-01,-5.851241633986115076e-02
8.937227427959442139e-01,-7.324589733991215823e-02
9.039005279541015847e-01,1.505630605843899517e-02
8.998959302902221902e-01,-5.259763958852525789e-02
8.982700169086456077e-01,-2.561309742545914148e-02
9.039160132408142756e-01,-6.821177386560561828e-02
8.959062099456787109e-01,-3.031913401763000060e-01
8.999792397022247092e-01,1.463610917269502210e-01
9.034229040145874690e-01,-1.857105451896323700e-02
8.912418544292449729e-01,-6.814043027671612407e-02
9.032338619232177512e-01,2.269572512576427670e-01
9.039604544639587846e-01,-1.871896606978724620e-01
8.951375484466552734e-01,-2.295042735570591574e-01
9.077356100082397683e-01,7.556278507044300596e-02
9.023848176002502441e-01,-1.071058267818840726e-01
8.973792612552643488e-01,4.026699568199898494e-03
9.072803139686584917e-01,3.987574818954100486e-01
9.024565219879150391e-01,1.800854496246806491e-02
9.023724079132080522e-01,2.392927637555377629e-01
9.040936231613159180e-01,1.549241949288555631e-01
8.965043663978576882e-01,1.367489943387973916e-01
9.029244780540466309e-01,2.368464838467314593e-01
8.925937294960022417e-01,4.654481954656062292e-01
8.915663421154021995e-01,3.292823085698599606e-01
9.008215546607971635e-01,3.044465004816219178e-01
9.030024170875549094e-01,-2.541292341883671924e-02
8.939166426658630149e-01,-3.236471013151431819e-02
9.039896130561828613e-01,4.205713927723575551e-02
8.999590277671813965e-01,-1.688521113110486027e-02
8.983397006988526057e-01,1.185876505087879451e-02
9.040173292160034180e-01,-3.856186518218285286e-02
8.959396719932556374e-01,-2.643015940908468586e-01
9.001687765121459961e-01,1.814276828140801712e-01
9.034194231033325639e-01,4.300464205881482371e-03
8.914149820804596613e-01,-3.474151898657229509e-02
9.033853173255920188e-01,2.510346826135889664e-01
9.040641307830811213e-01,-1.631798278605329777e-01
8.953815639019012673e-01,-1.871780509799956249e-01
9.078621506690979226e-01,1.000798876776043400e-01
9.024767518043518288e-01,-7.330506945038228750e-02
8.975142180919647439e-01,4.940496717233244794e-02
9.072382092475891335e-01,4.321245600881491455e-01
9.024817943572998047e-01,5.619028551093396828e-02
9.025809049606323686e-01,2.768419619332176396e-01
9.041505694389343484e-01,1.842911635524036029e-01
8.965706765651703103e-01,1.788619351632489973e-01
9.029954075813293457e-01,2.638405759390192173e-01
8.925642251968384233e-01,4.916737991358375304e-01
8.917039453983307551e-01,3.622333094541660969e-01
9.008768677711487260e-01,3.323109469076608313e-01
9.030653238296508789e-01,4.273874206872640968e-03
8.940935790538787620e-01,8.720396153788279037e-03
9.040354847908019797e-01,6.975642810379767411e-02
8.999753892421722412e-01,1.715691598013124874e-02
8.984176278114318626e-01,5.057118205843513792e-02
9.041070580482483132e-01,-7.658106968036815232e-03
8.959653675556182861e-01,-2.251882673095035869e-01
9.003170132637023926e-01,2.123986650398044240e-01
9.034357070922851562e-01,3.088372208813217057e-02
8.915338099002838579e-01,-1.189059814828308248e-03
9.034905314445496050e-01,2.733788954425979689e-01
9.041438102722167969e-01,-1.377888131028512930e-01
8.956102311611175981e-01,-1.460373304009912054e-01
9.079593181610107200e-01,1.260740460043510147e-01
9.025536656379700151e-01,-4.157552323885171930e-02
8.976341605186463068e-01,9.424132310652622024e-02
9.071755170822143333e-01,4.655144832096143048e-01
9.024602413177490456e-01,9.444954901425672844e-02
9.027673125267029475e-01,3.124396039864660857e-01
9.041602134704590510e-01,2.128065031936148266e-01
8.966907739639282671e-01,2.179132810314099444e-01
9.030540466308594194e-01,2.962170830419248446e-01
8.925303757190704568e-01,5.193652233148053909e-01
8.917624831199646440e-01,3.955056373687475535e-01
9.009489655494690163e-01,3.618112400332806899e-01
9.031095504760742188e-01,3.339254467066288257e-02
8.942036688327789085e-01,4.908251662097251611e-02
9.041016221046448420e-01,9.783733959218965381e-02
9.000108242034912109e-01,5.214486059131973050e-02
8.984871447086334451e-01,8.922779751877563115e-02
9.041654109954834206e-01,2.638102408697262646e-02
8.960367977619171365e-01,-1.901739199528202917e-01
9.004931330680847612e-01,2.461376287116374684e-01
9.034235715866089089e-01,5.890433794496896525e-02
8.916903436183929443e-01,3.456400265516146320e-02
9.036336064338684748e-01,2.971574701899668547e-01
9.042355537414551447e-01,-1.132915593681893540e-01
8.958634853363037776e-01,-1.086622779914669934e-01
9.080551147460937944e-01,1.501364970791656539e-01
9.026247859001159668e-01,-1.063525058944758683e-02
8.978090584278106689e-01,1.375957547297668171e-01
9.071183443069458230e-01,4.976003728585647323e-01
9.024573922157287376e-01,1.271758456815872407e-01
9.029464721679687500e-01,3.454164458557245077e-01
9.041972756385803223e-01,2.433827550115186256e-01
8.967609405517578125e-01,2.545659093833578801e-01
9.031158208847046565e-01,3.235459844175054833e-01
8.925358533859253374e-01,5.441781864743178154e-01
8.918836891651154009e-01,4.285409023344191048e-01
9.009972453117370828e-01,3.868305565653824551e-01
9.031120777130127175e-01,6.593570740115861639e-02
8.942708253860474077e-01,8.837467050832570337e-02
9.041373252868653010e-01,1.258122655915747679e-01
9.000670671463012473e-01,8.440564502248282253e-02
8.985658407211304377e-01,1.227768861272648948e-01
9.041866183280945490e-01,5.713404322223070153e-02
8.960681796073913796e-01,-1.563055641027122356e-01
9.006614923477173074e-01,2.761038085804536912e-01
9.034266233444213645e-01,8.457417318521454064e-02
8.918032646179199219e-01,6.665962948684800438e-02
9.037382960319518821e-01,3.207364326912558461e-01
9.042832493782043679e-01,-8.968825391006118863e-02
8.959450662136078103e-01,-7.609402329007552979e-02
9.081315755844115989e-01,1.812408038069621696e-01
9.026664853096008079e-01,1.977472010789504964e-02
8.978698611259460227e-01,1.841368666567473333e-01
9.070284605026245339e-01,5.289911774630047248e-01
9.024731874465942161e-01,1.660024873327730077e-01
9.030913829803467463e-01,3.806287201768601136e-01
9.042108654975891113e-01,2.736455444467420506e-01
8.967758357524872048e-01,2.912739647754936101e-01
9.031954526901245783e-01,3.548757443763337349e-01
8.926247298717499001e-01,5.682043103673883877e-01
8.919879734516144021e-01,4.590077981000622032e-01
9.010564088821411133e-01,4.131288145991023342e-01
9.031136035919189453e-01,9.785981001388721623e-02
8.943627178668975830e-01,1.277338611537430779e-01
9.042137861251831055e-01,1.555005612453976838e-01
9.001005053520202415e-01,1.164626976302551853e-01
8.985834717750549316e-01,1.586164597207901927e-01
9.041742563247681108e-01,9.078949182675488672e-02
8.960723817348480447e-01,-1.218492322181847776e-01
9.008143782615661843e-01,3.086761828591559897e-01
9.034177422523498313e-01,1.117768656922608628e-01
8.918840765953064409e-01,1.046664752531012432e-01
9.038462758064270686e-01,3.457055652815665958e-01
9.043672680854797363e-01,-6.407066240026271231e-02
8.960720360279083030e-01,-4.045630898479979365e-02
9.082087159156799760e-01,2.131042362811070845e-01
9.026645302772522417e-01,5.144490695544101655e-02
8.979409635066986084e-01,2.333264922878113268e-01
9.069359064102172630e-01,5.636574205368902746e-01
9.025014877319336160e-01,2.014739205174866932e-01
9.032293200492859109e-01,4.149530383339148365e-01
9.042443513870239702e-01,3.053722818555604235e-01
8.968861460685729758e-01,3.280003710120151794e-01
9.032919645309448464e-01,3.882937555249208472e-01
8.924865543842316340e-01,5.993947537116919300e-01
8.921584904193878840e-01,4.972494597730547916e-01
9.011136293411254883e-01,4.381638604263922154e-01
9.031268477439881037e-01,1.288461470277715293e-01
8.944311559200287531e-01,1.650815745502018927e-01
9.042557477951049805e-01,1.834818538642637442e-01
9.001370787620545100e-01,1.477314129434721401e-01
8.986301898956299272e-01,1.959990022708804069e-01
9.041799783706665483e-01,1.216593571548405528e-01
8.960718393325806108e-01,-8.560462927356082830e-02
9.009750247001647727e-01,3.404553512519354896e-01
9.034346461296082209e-01,1.405667189852102261e-01
8.919736087322235329e-01,1.418939718934781880e-01
9.039678692817688654e-01,3.718027130410934689e-01
9.043580055236816184e-01,-3.926444036725929010e-02
8.961358487606049250e-01,-5.218755439254429973e-03
9.082710385322571023e-01,2.447620643967196585e-01
9.026419162750244363e-01,8.114331429902810200e-02
8.980487287044525146e-01,2.807158626338743801e-01
9.068947076797485574e-01,5.951160109134514542e-01
9.025262475013733354e-01,2.371108858087063176e-01
9.033019185066223367e-01,4.517902986508111063e-01
9.042158842086792658e-01,3.354953801692310833e-01
8.969492197036743608e-01,3.636635517952147012e-01
9.033571481704711914e-01,4.199058937830817406e-01
8.924798309803009255e-01,6.273337270363610330e-01
8.922429442405700462e-01,5.355731384852435717e-01
9.011287689208984375e-01,4.647864415466136379e-01
9.031315088272094949e-01,1.624162080298447997e-01
8.945417106151580811e-01,2.075311971930879906e-01
9.043101072311401367e-01,2.119571212534476778e-01
9.001982927322388361e-01,1.798712316044968063e-01
8.987111687660217507e-01,2.308697261822132418e-01
9.042154431343079057e-01,1.527636638826366244e-01
8.960584759712219016e-01,-5.412450474287311408e-02
9.010940670967102495e-01,3.687456121691425892e-01
9.034470200538635698e-01,1.650048006094020359e-01
8.920053005218505637e-01,1.761531258276098910e-01
9.040661334991455522e-01,3.983047028982045212e-01
9.044013023376464844e-01,-1.243007552253860837e-02
8.961741328239440918e-01,3.391610549621582038e-02
9.083623886108398438e-01,2.731504461553395657e-01
9.026396393775940608e-01,1.081808492065969851e-01
8.981429755687714289e-01,3.281951146667272390e-01
9.068184137344360574e-01,6.286295213542527627e-01
9.025737166404724787e-01,2.732635472778839336e-01
9.033507823944092463e-01,4.861801555378164608e-01
9.042041778564453569e-01,3.679703826205775741e-01
8.970334708690643755e-01,4.006184073189951178e-01
9.034095048904419167e-01,4.509004699515881676e-01
8.924316942691803423e-01,6.531481219895272083e-01
8.923497378826141802e-01,5.722995447217655851e-01
9.011671781539917214e-01,4.919640420827642302e-01
9.030903220176696999e-01,1.959604280469662285e-01
8.946419060230255127e-01,2.452889957855268754e-01
9.043277621269226740e-01,2.397549054284504599e-01
9.002077937126159446e-01,2.134274358465235721e-01
8.987671673297882302e-01,2.634859177832260535e-01
9.042450547218322532e-01,1.816186813985090076e-01
8.960685074329376443e-01,-1.887122190213963435e-02
9.012474536895752619e-01,3.997285786197721791e-01
9.034141421318054865e-01,1.916034132798127843e-01
8.920435845851898415e-01,2.124522195448501627e-01
9.041961669921875222e-01,4.223727715784435510e-01
9.044373750686646174e-01,1.264747685246225828e-02
8.963271141052245872e-01,6.664914329005577898e-02
9.084092974662780762e-01,3.051325973574532391e-01
9.026410818099975808e-01,1.372231202366158698e-01
8.983363568782806174e-01,3.687695806189532632e-01
9.067755103111266868e-01,6.624355217841504384e-01
9.026330590248108354e-01,3.112505441716377774e-01
9.033972382545470969e-01,5.209512605796238205e-01
9.041683316230774148e-01,3.956663008838847695e-01
8.970863044261933039e-01,4.357591507977267575e-01
9.034546375274657981e-01,4.839196311150435470e-01
8.923909723758697288e-01,6.798763140917269965e-01
8.924899697303771973e-01,5.894133923936428765e-01
9.012077689170837624e-01,4.962045851641190275e-01
9.031296730041503684e-01,1.994257415797555666e-01
8.946627795696259211e-01,2.510822450061822586e-01
9.042936325073241965e-01,2.444014141284740482e-01
9.002633213996887873e-01,2.146678031242279516e-01
8.987665534019469993e-01,2.644727438027767441e-01
9.042298316955567072e-01,1.806636884763634932e-01
8.961151003837585227e-01,-2.026064297710439277e-02
9.011956572532654475e-01,3.956625558136019905e-01
9.034047961235046609e-01,1.861528379900452279e-01
8.920935988426208496e-01,2.030760615845217387e-01
9.041335821151733620e-01,4.148567900276436404e-01
9.044418454170227717e-01,9.681755695414739904e-03
8.962868809700011985e-01,5.464656754031294028e-02
9.083678722381591797e-01,2.905556602952286127e-01
9.026614785194396751e-01,1.253411357499829570e-01
8.982112109661102295e-01,3.487944992509222075e-01
9.067708730697632280e-01,6.459568380322568970e-01
9.026371479034424050e-01,2.905485446616911105e-01
9.033828973770141602e-01,5.000369155846353664e-01
9.041955590248108576e-01,3.773345563560002169e-01
8.971007764339447021e-01,4.096867205020671143e-01
9.033790230751037598e-01,4.587404000818611216e-01
8.924267292022705078e-01,6.608187749430118885e-01
8.924723148345947710e-01,5.777107967735624072e-01
9.011916995048523393e-01,4.960690136198770972e-01
9.031333327293395996e-01,1.983348026063400660e-01
8.946635305881500688e-01,2.503216212317203038e-01
9.043023109436035822e-01,2.451279577633611595e-01
9.002565741539001465e-01,2.155400299931207186e-01
8.987668156623840332e-01,2.648142942125790711e-01
9.042291283607483132e-01,1.807734190356531379e-01
8.961161911487579568e-01,-2.030614558104204548e-02
9.011933326721192072e-01,3.957243494732702871e-01
9.034060001373290794e-01,1.855641129415692703e-01
8.920902252197265847e-01,2.031996489038583320e-01
9.041387915611267534e-01,4.149331894614149974e-01
9.044424772262573686e-01,1.026785919469253017e-02
8.962925910949707253e-01,5.460761880937026191e-02
9.083610057830810991e-01,2.893954375215788133e-01
9.026679515838623713e-01,1.243951309965165564e-01
8.982037067413329856e-01,3.483608201121595194e-01
9.067651033401489258e-01,6.453789736876016647e-01
9.026285290718079057e-01,2.908713697200790982e-01
9.033740043640137163e-01,4.999859826287873510e-01
9.041865706443786843e-01,3.771338205888357109e-01
8.970980465412140559e-01,4.095451568453727376e-01
9.033743739128112793e-01,4.588460110638399314e-01
8.924000978469849299e-01,6.604461404498609411e-01
8.924669444561005305e-01,5.765696738583554470e-01
9.011801719665527566e-01,4.953608208293762694e-01
9.031219005584717463e-01,1.972970436309418041e-01
8.946619153022766779e-01,2.492025942311824060e-01
9.042943120002746582e-01,2.441770844185269240e-01
9.002593517303466575e-01,2.150303259276147294e-01
8.987693488597869873e-01,2.646648659082906363e-01
9.042300105094910334e-01,1.804696938357079894e-01
8.961165666580200861e-01,-2.122836913821180005e-02
9.011869192123412864e-01,3.943289362858526381e-01
9.034075498580932395e-01,1.845701712884815215e-01
8.920911550521850586e-01,2.028431182129240007e-01
9.041260242462157981e-01,4.153874664867340805e-01
9.044371247291564941e-01,9.700106539801467420e-03
8.962854087352752908e-01,5.543602835595295986e-02
9.083421587944030540e-01,2.868731326860296527e-01
9.026795268058777078e-01,1.269399062537632794e-01
8.981589972972869873e-01,3.472833633917620233e-01
9.067665338516235352e-01,6.444809058337566121e-01
9.026292204856872781e-01,2.905721386044732846e-01
9.033797502517700861e-01,4.995238409558746540e-01
9.041794538497924805e-01,3.765960284962077687e-01
8.970813572406769465e-01,4.096118190964084249e-01
9.033786058425903320e-01,4.586156892414399167e-01
8.924053966999053733e-01,6.592050241581000058e-01
8.924925863742828591e-01,5.756217965697474348e-01
9.011775135993957964e-01,4.946619907145826112e-01
9.031009912490844949e-01,1.977812812185240077e-01
8.946627855300903764e-01,2.491052224038265983e-01
9.042915344238281472e-01,2.440441344234831611e-01
9.002526521682739924e-01,2.139918179381599117e-01
8.987592279911041926e-01,2.637873959410015345e-01
9.042165398597717951e-01,1.800195363877006294e-01
8.961069047451019065e-01,-2.161298785626808439e-02
9.011697888374329279e-01,3.924874852277389081e-01
9.033827662467956987e-01,1.840563476456642533e-01
8.920656204223632590e-01,2.022588872487878220e-01
9.041106462478637473e-01,4.135639917659781339e-01
9.044251203536987083e-01,8.666467141714484512e-03
8.962766051292420100e-01,5.375524081297688994e-02
9.083405494689941184e-01,2.870012140897055808e-01
9.026728391647339533e-01,1.229128321785348810e-01
8.982004880905151145e-01,3.465953939807890904e-01
9.067657589912414551e-01,6.431922271494023846e-01
9.026160001754760520e-01,2.886902407873042087e-01
9.033664703369140847e-01,4.972861614618273585e-01
9.041795969009399636e-01,3.739385266234451777e-01
8.970879077911376731e-01,4.064022938639428872e-01
9.033555626869201882e-01,4.553282665470894663e-01
8.924048185348510964e-01,6.567344012924554164e-01
8.924700558185577615e-01,5.743597078844020487e-01
9.011810660362243874e-01,4.927445147297255801e-01
9.030973315238952637e-01,1.948758556930316743e-01
8.946617722511291948e-01,2.466772933394070222e-01
9.042742013931274192e-01,2.418562643641988252e-01
9.002510070800781028e-01,2.120679753338219342e-01
8.987598061561584695e-01,2.614763130694091053e-01
9.042133927345276101e-01,1.782454965946795866e-01
8.961138784885406272e-01,-2.347391327985315357e-02
9.011776447296142578e-01,3.910396410563605762e-01
9.033985853195191096e-01,1.821991672923624073e-01
8.920731365680695246e-01,1.999788884605435690e-01
9.041132330894470215e-01,4.116004514166413664e-01
9.044279932975769487e-01,7.739562246690478986e-03
8.962793648242950439e-01,5.100598471828243774e-02
9.083185553550719993e-01,2.851118261319705027e-01
9.026556611061096191e-01,1.225121096582619806e-01
8.981964766979217973e-01,3.437281681721824356e-01
9.067784786224365456e-01,6.392194565932767247e-01
9.026121377944946733e-01,2.855586130167231396e-01
9.033701181411742942e-01,4.944035808650610875e-01
9.041777610778808372e-01,3.712342113721458503e-01
8.971055984497070535e-01,4.029351077960119376e-01
9.033636808395385520e-01,4.511528876886572448e-01
8.923977553844452126e-01,6.550966820577324157e-01
8.924609899520874468e-01,5.712737699712726602e-01
9.011769890785217285e-01,4.897095097724442070e-01
9.031031131744384766e-01,1.909334202061976349e-01
8.946627438068389671e-01,2.426086489840382221e-01
9.042640209197998491e-01,2.387560951839944323e-01
9.002527832984924538e-01,2.088524579889035060e-01
8.987683534622192827e-01,2.565448045208551520e-01
9.042091488838196467e-01,1.747146443319387288e-01
8.961110591888428178e-01,-2.646247936562629022e-02
9.011822819709778276e-01,3.879106348349776745e-01
9.033964753150940385e-01,1.798813432942605317e-01
8.920706748962402566e-01,1.961802636725740179e-01
9.041201114654541238e-01,4.084089025215336122e-01
9.044337272644042969e-01,3.929702247872146614e-03
8.962766885757446067e-01,4.740959372559050422e-02
9.083102703094482200e-01,2.813113288088593400e-01
9.026756167411804643e-01,1.188887541595331498e-01
8.982042789459229182e-01,3.406201343443839846e-01
9.067748665809631792e-01,6.372791356796936313e-01
9.025975584983826350e-01,2.831385485998976215e-01
9.033660054206847922e-01,4.924670050217612172e-01
9.041689038276672363e-01,3.677805075572333493e-01
8.971205413341521995e-01,3.995817718646819117e-01
9.033736348152160422e-01,4.482676855426928064e-01
8.923954963684082031e-01,6.526410394732193865e-01
8.924648106098175271e-01,5.692915042705211093e-01
9.011854648590088557e-01,4.871557463465183702e-01
9.031108140945435236e-01,1.876422524415639614e-01
8.946780264377593994e-01,2.400998264015075101e-01
9.042622089385986550e-01,2.354694215037005378e-01
9.002482056617736594e-01,2.048527229267409489e-01
8.987632513046265315e-01,2.520919159544585675e-01
9.042025923728943537e-01,1.701905994301666780e-01
8.960903584957122803e-01,-3.153498981033253656e-02
9.011522054672241877e-01,3.807691603124698787e-01
9.033832788467407449e-01,1.735405647982419808e-01
8.920489609241485374e-01,1.885897552231434737e-01
9.040888786315918191e-01,4.018969743135851758e-01
9.044414043426514116e-01,-1.584164729676817984e-03
8.962897241115570512e-01,4.416299229732389975e-02
9.082960724830627663e-01,2.779692280883780953e-01
9.026770353317260520e-01,1.177191687101761808e-01
8.981937229633331077e-01,3.381442683803430604e-01
9.067749142646789329e-01,6.355388015192189322e-01
9.025910258293151633e-01,2.816974455550287360e-01
9.033710598945617898e-01,4.911637205633034853e-01
9.041770577430725542e-01,3.675078664406363771e-01
8.971385598182678445e-01,3.993132503253962184e-01
9.033768296241760920e-01,4.482081389251941772e-01
8.924090325832366721e-01,6.520766573815826028e-01
8.924933195114136408e-01,5.684990473986544224e-01
9.012010455131530540e-01,4.861498204685248403e-01
9.031181931495666504e-01,1.878954191926895945e-01
8.946922302246094194e-01,2.410784132664356427e-01
9.042721748352050559e-01,2.368442368045617918e-01
9.002622842788696733e-01,2.062507576633563211e-01
8.987836718559265581e-01,2.548572758513696357e-01
9.042236208915710449e-01,1.729559593270777462e-01
8.961157083511352983e-01,-2.894976779403046763e-02
9.011891603469849299e-01,3.838423649866373744e-01
9.034082531929016335e-01,1.778327898495013493e-01
8.920819342136383501e-01,1.940388324847979185e-01
9.041387081146240456e-01,4.074400528393411491e-01
9.044518589973450373e-01,9.924436249746371175e-04
8.963066458702088068e-01,4.622128292481875178e-02
9.083185672760010210e-01,2.786189977824653496e-01
9.026920795440673828e-01,1.170473031014194198e-01
8.982208669185638428e-01,3.380817257066182080e-01
9.068364858627319114e-01,6.356204440513866238e-01
9.026700377464295100e-01,2.825700469309500029e-01
9.034372448921204057e-01,4.918775309592287037e-01
9.042258501052856667e-01,3.678677676948254316e-01
8.971730053424835649e-01,4.000199450877839347e-01
9.034259915351867676e-01,4.477568579561022055e-01
8.924798309803009255e-01,6.507939708096812659e-01
8.925751686096191628e-01,5.680380292468263370e-01
9.012692451477051225e-01,4.861483224404117287e-01
9.031884670257568359e-01,1.897009175760873134e-01
8.947554528713226318e-01,2.425378671556912558e-01
9.043285369873047541e-01,2.375505570599214522e-01
9.003212809562682883e-01,2.072177348104071726e-01
8.988270163536071777e-01,2.569762366174477286e-01
9.042717456817627175e-01,1.740892175946906484e-01
8.961649835109710693e-01,-2.772850037476892737e-02
9.012312650680541770e-01,3.857032904102224435e-01
9.034488677978516069e-01,1.787787946029677499e-01
8.921123027801514116e-01,1.952825703257570211e-01
9.041789889335632990e-01,4.091691517889670671e-01
9.044890403747558594e-01,3.588151838069375543e-03
8.963429272174835427e-01,4.922745084092206014e-02
9.083777785301209162e-01,2.842197503905778966e-01
9.027381181716919167e-01,1.193018354117398871e-01
8.982889533042908159e-01,3.428480766556956105e-01
9.068709969520568626e-01,6.385592007023972450e-01
9.027052760124206765e-01,2.847017409359904327e-01
9.034799933433532715e-01,4.949372533803777507e-01
9.042732000350952593e-01,3.706574705485752297e-01
8.972093939781189409e-01,4.047327415318151544e-01
9.034839510917663796e-01,4.524381958097567491e-01
8.925700485706329346e-01,6.539402043543658394e-01
8.926798939704895242e-01,5.728721659680244827e-01
9.013616561889649104e-01,4.902989838349762763e-01
9.032353162765502930e-01,1.916794382065560853e-01
8.948072016239166926e-01,2.435007247254308282e-01
9.043887734413147417e-01,2.410023883396923416e-01
9.003567457199096458e-01,2.093868795182767251e-01
8.988600254058838335e-01,2.609872068904595110e-01
9.043119549751281738e-01,1.760988223085075965e-01
8.961795091629028986e-01,-2.561946404494008789e-02
9.012505769729614036e-01,3.875975469593253564e-01
9.034975290298462580e-01,1.798989451245902593e-01
8.921675682067871094e-01,1.965124514066691752e-01
9.042206645011902078e-01,4.093395524868399526e-01
9.045402169227599876e-01,3.228250583880321045e-03
8.963852763175964578e-01,4.888140634677951013e-02
9.084235072135925515e-01,2.831377995858410657e-01
9.027865767478943093e-01,1.194478931527740428e-01
8.983480334281921387e-01,3.432821303014863545e-01
9.069439411163330300e-01,6.409466830077610311e-01
9.027756452560424805e-01,2.864312143926444065e-01
9.035394430160522683e-01,4.971936582258393855e-01
9.043417692184448908e-01,3.727592039913520949e-01
8.973576903343201128e-01,4.074168334035870309e-01
9.036205768585204856e-01,4.516569741487388434e-01
8.927141189575195090e-01,6.541117285733237807e-01
8.928195118904114214e-01,5.724654513352991358e-01
9.014925837516785112e-01,4.908794697288296760e-01
9.034055471420288086e-01,1.962626552187982654e-01
8.949251055717468706e-01,2.465312355983728665e-01
9.044157505035400613e-01,2.389916601047903377e-01
9.003391742706299272e-01,2.055253375495538215e-01
8.989013195037841575e-01,2.556167761047465348e-01
9.043266892433167170e-01,1.717451781046084314e-01
8.961866319179535578e-01,-3.118108066859637262e-02
9.012697815895081010e-01,3.809444296017105991e-01
9.034956812858582209e-01,1.748783039033026121e-01
8.921688258647918479e-01,1.902664231888087087e-01
9.042513847351074663e-01,4.026343786522930124e-01
9.046037793159484863e-01,-2.314453434846264201e-04
8.964679360389710139e-01,4.365216471073285476e-02
9.085063815116882768e-01,2.786691817242563651e-01
9.028698325157166193e-01,1.115843690797184706e-01
8.984695374965667725e-01,3.322963411335573269e-01
9.070857286453247736e-01,6.315843818074795557e-01
9.029656410217284934e-01,2.764640843416708016e-01
9.036821961402893288e-01,4.884245761583727585e-01
9.044105410575866699e-01,3.664951994361338450e-01
8.974060535430908869e-01,3.997165943948668421e-01
9.036121010780334695e-01,4.450225821425393136e-01
8.926704168319702370e-01,6.479233744378203319e-01
8.927604258060455322e-01,5.656973603199988432e-01
9.014565229415893999e-01,4.812654998055356792e-01
9.032752394676208940e-01,1.820253960312347985e-01
8.948240160942078081e-01,2.278081312259230273e-01
9.043363451957703303e-01,2.235574764548045046e-01
9.003430008888244629e-01,2.009585988465567574e-01
8.988855600357056330e-01,2.455904739433023565e-01
9.043182730674743652e-01,1.663178222505949932e-01
8.962058305740356889e-01,-3.630508582969271814e-02
9.012680888175964578e-01,3.784213757521048827e-01
9.034856557846069336e-01,1.716028654338574988e-01
8.921405851840973344e-01,1.895765812426941643e-01
9.042062282562256526e-01,4.032508172208624231e-01
9.044655680656433772e-01,4.647632221108644046e-04
8.963350474834442805e-01,4.181033914559106890e-02
9.083405375480652078e-01,2.758895905602702925e-01
9.026741385459899902e-01,1.137003337895703403e-01
8.982472181320190208e-01,3.312825506079697391e-01
9.068110823631286843e-01,6.308338697227817704e-01
9.026300787925720659e-01,2.781006800553083025e-01
9.033736705780029963e-01,4.863449386302653998e-01
9.040799856185913752e-01,3.612408658291914598e-01
8.970643818378448708e-01,3.900003840528492027e-01
9.032601714134216309e-01,4.394001081267853159e-01
8.923672974109649880e-01,6.489416590477472546e-01
8.924069464206695335e-01,5.632926506913333853e-01
9.010794281959534358e-01,4.791233196037030240e-01
9.030097484588622825e-01,1.738034687321032834e-01
8.946886777877808283e-01,2.328961837123033618e-01
9.041705369949341042e-01,2.334171229886581322e-01
9.001290678977966753e-01,1.998785205769610940e-01
8.986979722976684570e-01,2.436419138750971491e-01
9.040619611740112749e-01,1.632345058866637721e-01
8.959907114505768488e-01,-3.859875412446944765e-02
9.010800361633301003e-01,3.792093385396322347e-01
9.032876253128051536e-01,1.737705121136134956e-01
8.919995188713073508e-01,1.889429153508235260e-01
9.040415883064270020e-01,4.071037455279342687e-01
9.042817473411560725e-01,6.269247653614584692e-03
8.961861312389374223e-01,5.033636615169578832e-02
9.081957578659057839e-01,2.804207510955798455e-01
9.025417447090149370e-01,1.127509584728492165e-01
8.980890154838562234e-01,3.334524443298958474e-01
9.067191481590270996e-01,6.431394216584132018e-01
9.025274515151977539e-01,3.002377904976718526e-01
9.032002806663513850e-01,5.138940501384818837e-01
9.039741039276123491e-01,3.947850858463128887e-01
8.970395684242248313e-01,4.108960036964233176e-01
9.031891107559204546e-01,4.540875247623565869e-01
8.923006653785705566e-01,6.594248597837077952e-01
8.923895239830017534e-01,5.830452748845593725e-01
9.010498762130737527e-01,5.043523600716484090e-01
9.029656887054443581e-01,1.989939349761344900e-01
8.946526288986206277e-01,2.505380862940733699e-01
9.041895866394042969e-01,2.443336283563533051e-01
9.001866459846497026e-01,2.212490151324102428e-01
8.987234890460967796e-01,2.751184805890161122e-01
9.041549444198608843e-01,1.890702477404428983e-01
8.961028218269347922e-01,-1.460858290611533050e-02
9.010916471481323908e-01,4.080572404219666716e-01
9.034065485000610796e-01,1.988598614600061154e-01
8.921219944953918679e-01,2.264093474752510993e-01
9.042066454887390803e-01,4.401936885197370586e-01
9.045999407768249290e-01,3.638597934780385401e-02
8.964322268962859885e-01,9.077975464401966121e-02
9.086789846420287864e-01,3.140256412512845152e-01
9.030203104019165483e-01,1.559327423560468162e-01
8.985242247581481934e-01,3.886184531184504465e-01
9.071349263191222922e-01,6.787782594847739936e-01
9.030319213867187278e-01,3.256353591283489557e-01
9.035575389862060547e-01,5.299109667244912281e-01
9.044427871704101562e-01,4.126891433478871996e-01
8.972653985023498757e-01,4.461255053408601512e-01
9.035076856613158958e-01,4.824122403261670300e-01
8.925012171268463801e-01,6.847834796834422200e-01
8.926199078559875488e-01,5.813794676227144187e-01
9.012896180152892844e-01,5.094467791775096899e-01
9.033287048339844194e-01,1.969292777291586916e-01
8.949475765228271928e-01,2.436557706351440977e-01
9.047128558158874512e-01,2.532618759108440365e-01
9.006582021713257502e-01,2.140049256841503045e-01
8.988139033317565918e-01,2.541760475669057051e-01
9.043077826499938965e-01,1.883500707250367334e-01
8.961878299713135210e-01,-1.461944360993605585e-02
9.013848304748535156e-01,3.851359122623594367e-01
9.039014816284179910e-01,1.850349345105923859e-01
8.923819839954376665e-01,1.788930192465971736e-01
9.054027915000916193e-01,4.143976444109571666e-01
9.054949879646301270e-01,1.328301527947450822e-02
8.967795610427856667e-01,6.093079547505908522e-02
9.089131355285644531e-01,2.692271105269483655e-01
9.031085491180420588e-01,9.274179696524331717e-02
8.985319554805756281e-01,2.514627441469272640e-01
9.079993605613708718e-01,5.098006883192462979e-01
9.031143069267273393e-01,1.893795905458124373e-01
9.037412524223328303e-01,3.904325651634987793e-01
9.049167156219483088e-01,2.416596481743455982e-01
8.989708304405212846e-01,1.260556951599647313e-01
9.053898811340331809e-01,2.559193777836066275e-01
8.946581900119782160e-01,5.294091273065792969e-01
8.964073896408081277e-01,5.581465496155675332e-01
9.071802139282226785e-01,5.528791082626351994e-01
9.102364778518676758e-01,1.282660356409466296e-01
9.014802098274231623e-01,7.402955329661375927e-02
9.101710796356201616e-01,4.606174293076614745e-02
0.000000000000000000e+00,-3.000000000000000000e+00
0.000000000000000000e+00,-3.000000000000000000e+00
0.000000000000000000e+00,-2.399999999999999911e+00
1.000000000000000000e+00,0.000000000000000000e+00
1.000000000000000000e+00,0.000000000000000000e+00
1.000000000000000000e+00,0.000000000000000000e+00
1.000000000000000000e+00,0.000000000000000000e+00
1.000000000000000000e+00,0.000000000000000000e+00
1.000000000000000000e+00,0.000000000000000000e+00
1.000000000000000000e+00,0.000000000000000000e+00
1.000000000000000000e+00,0.000000000000000000e+00
1.000000000000000000e+00,0.000000000000000000e+00
1.000000000000000000e+00,0.000000000000000000e+00
1.000000000000000000e+00,0.000000000000000000e+00
1.000000000000000000e+00,0.000000000000000000e+00
