0.000000000000000000e+00,1.500000000000000000e+00
2.387981194548777220e-01,-5.687240266410168665e+00
2.637579192999463529e-01,-4.384578173023094827e+00
2.822216673078080107e-01,-3.365662480663818457e+00
2.955999801252431891e-01,-2.569853790707087526e+00
3.486240125130515843e-01,-1.958128354073824795e+00
3.537513899824319408e-01,-1.451471398347170094e+00
3.563345143678612881e-01,-1.049139190714195369e+00
3.569395553279413602e-01,-7.269828289172352020e-01
3.560088271078263311e-01,-4.660482435920060285e-01
3.149327036045519446e-01,1.031126885202781951e+00
3.344971630349176106e-01,1.190413844146540834e+00
3.271535280963898118e-01,1.244355186534753077e+00
3.209162334923453264e-01,1.298204036878834788e+00
3.159059542210125859e-01,1.347569697008865086e+00
3.121767598994681925e-01,1.388262859586569142e+00
3.097088016906243690e-01,1.416822601237685442e+00
3.084110025944863387e-01,1.430739393745224408e+00
3.081332677800039943e-01,1.428597292729138379e+00
3.086868159795300715e-01,1.410094148742051745e+00
3.098687452777088014e-01,1.375935059764204826e+00
3.114855988350994642e-01,1.327626463616081276e+00
3.133711049151575723e-01,1.267218830183266975e+00
3.153953679448733838e-01,1.197049609777812273e+00
3.174656316211965090e-01,1.119525757183783332e+00
3.195209927924700377e-01,1.036965266085545068e+00
3.215243128850832632e-01,9.514978745226437828e-01
3.234541026394315288e-01,8.650133030246335286e-01
3.252980122505353955e-01,7.791418574522055440e-01
3.270484355394252529e-01,6.952543148858038036e-01
3.287000046792642460e-01,6.144721668528237979e-01
3.302484453243059170e-01,5.376832184451560970e-01
3.316902517728659849e-01,4.655599628799235168e-01
3.330227626793328399e-01,3.985795557874835526e-01
3.342443659897973429e-01,3.370447809447409959e-01
3.353546855841211261e-01,2.811055197347529511e-01
3.363546861623593065e-01,2.307802481505925596e-01
3.223982156284802558e-01,-8.595816445360011659e-01
3.266158256658330261e-01,-6.531203488373349408e-01
3.302867077919428573e-01,-4.735791027655382734e-01
3.334382287853590032e-01,-3.216060696368898131e-01
3.361101309865799913e-01,-1.946019127995769205e-01
3.383413775738478568e-01,-9.007272806661514863e-02
3.401708437193628476e-01,-5.617500277019219293e-03
3.391894091765549901e-01,6.107037334634451975e-02
3.382972544476562926e-01,1.117285097614924144e-01
3.376637877114544994e-01,1.486571890507947247e-01
3.372449543369211433e-01,1.740204580269357759e-01
3.370020837143548054e-01,1.897751143328741952e-01
2.500000000000000000e-01,-3.141592653589793116e+00
2.500000000000000000e-01,-3.048430940619077045e+00
4.685054421424865723e-01,-2.663107774842571551e+00
6.493155658245086670e-01,-1.988583353438656776e+00
7.003892958164215088e-01,-1.767471314251844783e+00
6.800859570503234863e-01,-1.787731208214892398e+00
6.829057633876800537e-01,-1.699701552306381203e+00
6.758988499641418457e-01,-1.416520965292557444e+00
6.838936656713485718e-01,-1.528426286895522512e+00
6.825158149003982544e-01,-1.486991952806337114e+00
6.264399439096450806e-01,-1.701221863587734084e+00
6.219692602753639221e-01,-1.420703085277498667e+00
5.580695420503616333e-01,-1.676427719406393235e+00
5.402196198701858521e-01,-1.666740907866096411e+00
6.092657148838043213e-01,-1.728444966727822329e+00
6.542035341262817383e-01,-1.060793404680372642e+00
5.783034563064575195e-01,-1.146597646200013365e+00
6.675916016101837158e-01,-7.354921058212604557e-01
6.848664581775665283e-01,-4.818321289393421303e-01
6.721999496221542358e-01,-3.530573255004600952e-01
7.016628980636596680e-01,-1.341442979570239835e-01
6.643896251916885376e-01,3.752785127706737001e-02
6.669429987668991089e-01,-2.400672442900462222e-01
6.963247209787368774e-01,-7.844742545586491644e-02
6.839395761489868164e-01,2.145060160880056799e-01
6.828507781028747559e-01,-2.064479356137520760e-01
6.862761378288269043e-01,-3.040186262017976482e-01
6.879059374332427979e-01,2.087700664426792585e-01
6.871455311775207520e-01,1.364254202663550686e-02
7.034007906913757324e-01,-2.999387466355805110e-01
7.247504144906997681e-01,-1.586449222549424221e-02
7.291455268859863281e-01,-6.948678304342736922e-02
7.177098840475082397e-01,-3.010920410292068361e-01
6.658645272254943848e-01,-6.158826128857786131e-01
6.891681849956512451e-01,-2.038473588092899469e-01
7.003240734338760376e-01,-5.370187356144517921e-02
7.291440963745117188e-01,7.170648620011599306e-02
6.775738894939422607e-01,3.567344227577491367e-01
5.986624956130981445e-01,1.374192870180352521e+00
6.194561198353767395e-01,8.216699181016231535e-01
7.187563478946685791e-01,5.886804821392748188e-01
7.407228797674179077e-01,-5.413888581275960732e-01
6.137990728020668030e-01,-5.990296093591069848e-01
6.106723994016647339e-01,-5.403479158424575601e-01
6.979966759681701660e-01,-1.040676010641590210e+00
6.569551229476928711e-01,-8.416978049606438361e-01
6.688364148139953613e-01,-4.881142970854326357e-01
6.757497191429138184e-01,-1.872493945688851191e-01
5.048659145832061768e-01,3.141592653589793116e+00
4.608337879180908203e-01,3.141592653589793116e+00
6.703678667545318604e-01,2.215428158961054717e+00
6.556697636842727661e-01,2.000380605710139204e-01
6.095640435814857483e-01,8.609605739608627850e-01
6.192417442798614502e-01,1.096151174981999876e+00
6.317030191421508789e-01,1.063084825932979705e+00
6.405050009489059448e-01,1.133091143851405302e+00
6.446443647146224976e-01,1.001544520269374683e+00
6.402703970670700073e-01,3.850683605571310064e-01
6.286450326442718506e-01,1.283739872918518987e-01
6.330463141202926636e-01,3.898653742691498003e-01
6.328913271427154541e-01,6.163113298064164525e-01
6.420935392379760742e-01,7.081947098494350001e-01
6.556086540222167969e-01,9.870586820417819318e-01
6.737876832485198975e-01,1.368164056038901233e+00
6.714752614498138428e-01,1.475861416671973014e+00
6.942966580390930176e-01,6.139501098064115148e-01
6.969570517539978027e-01,2.416115708345885071e-01
6.721950769424438477e-01,7.804250377553749729e-01
6.828004419803619385e-01,9.156027410435934044e-01
6.646763086318969727e-01,5.852677400305816846e-01
6.742290854454040527e-01,2.475451665640959753e-01
6.898344010114669800e-01,1.816425094081841607e-01
7.284134626388549805e-01,6.448063524413423231e-01
7.407519370317459106e-01,9.096115648584857105e-01
7.264847308397293091e-01,5.302364133320769390e-01
7.178333103656768799e-01,6.694802798666015242e-01
7.128216028213500977e-01,8.001522422840552373e-01
7.008633762598037720e-01,9.394980683570324231e-01
6.668083965778350830e-01,1.076694036834096924e+00
6.144223287701606750e-01,1.084630028017126602e+00
5.896114706993103027e-01,9.481351366970258709e-01
6.126294285058975220e-01,6.817432316277645121e-01
6.342335492372512817e-01,6.769337187436765824e-01
0.000000000000000000e+00,3.000000000000000000e+00
0.000000000000000000e+00,3.000000000000000000e+00
0.000000000000000000e+00,3.000000000000000000e+00
0.000000000000000000e+00,3.000000000000000000e+00
0.000000000000000000e+00,3.000000000000000000e+00
0.000000000000000000e+00,3.000000000000000000e+00
0.000000000000000000e+00,3.000000000000000000e+00
0.000000000000000000e+00,3.000000000000000000e+00
0.000000000000000000e+00,1.799999999999999822e+00
1.000000000000000000e+00,0.000000000000000000e+00
1.000000000000000000e+00,0.000000000000000000e+00
1.000000000000000000e+00,0.000000000000000000e+00
1.000000000000000000e+00,0.000000000000000000e+00
1.000000000000000000e+00,0.000000000000000000e+00
1.000000000000000000e+00,0.000000000000000000e+00
1.000000000000000000e+00,0.000000000000000000e+00
1.000000000000000000e+00,0.000000000000000000e+00
1.000000000000000000e+00,0.000000000000000000e+00
1.000000000000000000e+00,0.000000000000000000e+00
1.000000000000000000e+00,0.000000000000000000e+00
1.000000000000000000e+00,0.000000000000000000e+00
1.000000000000000000e+00,0.000000000000000000e+00
1.000000000000000000e+00,0.000000000000000000e+00
