0.000000000000000000e+00,1.500000000000000000e+00
0.000000000000000000e+00,1.500000000000000000e+00
0.000000000000000000e+00,1.500000000000000000e+00
3.004621360936745589e-01,-2.351126822427271001e+00
3.096438135333773323e-01,-1.670034610380948248e+00
3.158846989654220394e-01,-1.108347876486907690e+00
3.199765058454415723e-01,-6.427950156796403691e-01
3.537804965808654112e-01,-1.414611665069412383e-01
3.472459790644568112e-01,1.904677874089296674e-01
3.370672878996684441e-01,4.648000966163344239e-01
3.289459653839285069e-01,6.853301424693319932e-01
3.227332637227550705e-01,8.592543960784756463e-01
3.448685717971079479e-01,-2.538444414359595780e-01
3.439011608992475488e-01,9.518593930449269214e-02
3.346064723087104342e-01,3.872710669478922618e-01
3.274186532391405446e-01,6.180891374413631789e-01
3.221269648348991654e-01,7.962236246627204528e-01
3.184986699728169501e-01,9.286821602859617331e-01
3.330768861689530902e-01,2.654862749499887764e-01
3.363272595527764253e-01,1.150564691924456373e-01
3.350535122267699339e-01,1.583653458272830383e-01
3.313637582319904351e-01,3.057511834233455628e-01
3.278246794306994838e-01,4.558817377919555658e-01
3.252720113969901905e-01,5.721454784591155640e-01
3.238517604078077206e-01,6.443452705654461043e-01
3.234638364919424358e-01,6.724184794994850778e-01
3.220502026075970914e-01,7.642792721225106778e-01
3.239640518490160548e-01,6.794746964370541598e-01
3.250953629270561529e-01,6.374145405012168197e-01
3.263811930076764289e-01,5.855982310954276349e-01
5.889208912849426270e-01,1.460688545300977914e+00
6.154290512204170227e-01,1.215339347510652868e+00
6.522718966007232666e-01,7.215178441943153054e-01
6.519637554883956909e-01,7.352075272931370975e-01
6.270156800746917725e-01,1.682837032688589307e+00
6.223397180438041687e-01,1.631412349112675741e+00
5.782761648297309875e-01,1.414491043572455808e+00
4.266042634844779968e-01,3.141592653589793116e+00
5.791732296347618103e-01,2.068041011603340529e+00
6.241503879427909851e-01,1.198097792942127704e+00
5.955225229263305664e-01,1.429836375429979434e+00
6.026998236775398254e-01,1.620666993456910454e+00
6.321100443601608276e-01,1.360980823982739008e+00
6.501763761043548584e-01,1.061315841984840525e+00
6.424386054277420044e-01,1.260315020059371349e+00
6.352366507053375244e-01,1.292653608325662340e+00
6.423987746238708496e-01,1.441814795476397570e+00
6.462692916393280029e-01,1.612566125554674823e+00
6.693674027919769287e-01,1.004181143375309837e+00
6.787627339363098145e-01,6.427036827309948741e-01
6.537995487451553345e-01,7.541607662344724794e-01
6.767621189355850220e-01,8.134583833725268498e-01
6.657630950212478638e-01,5.128679008809609030e-01
6.813888847827911377e-01,2.156808446357587616e-01
7.006878703832626343e-01,2.088699193790977127e-01
7.431513965129852295e-01,6.895250195418953787e-01
7.484554648399353027e-01,1.021652177125421446e+00
7.265456169843673706e-01,7.024157387092335725e-01
7.160869240760803223e-01,8.252747355024516729e-01
7.166404426097869873e-01,7.711797231880561654e-01
6.572844535112380981e-01,1.204055263494689054e+00
6.020085290074348450e-01,1.003978909580032219e+00
5.873485580086708069e-01,8.889719207687494240e-01
6.162294894456863403e-01,6.368384813475294060e-01
6.361027806997299194e-01,6.927170833841667097e-01
6.166833415627479553e-01,8.148139115614312367e-01
5.859509259462356567e-01,7.352410924855474761e-01
8.759366214275360329e-01,1.818471306857674108e+00
8.915729224681854248e-01,2.032307329872065083e-01
8.899026393890381303e-01,2.509706419117510023e-01
8.864574968814850076e-01,5.743484726735532675e-01
8.965211331844330500e-01,1.315345082796655518e+00
8.903668582439422385e-01,2.662718755666930726e-01
8.863611876964568870e-01,3.263536636086135090e-01
8.988723337650299516e-01,4.052473141886889785e-01
8.919082522392273171e-01,5.215032839393267672e-01
8.981688678264617698e-01,8.043115173402708429e-01
9.172029137611389382e-01,8.304566019994190640e-01
9.166504859924317072e-01,1.334324724483485269e+00
9.296905994415283203e-01,1.414526528113386306e+00
9.080946803092956321e-01,1.206654904031580600e+00
8.930012702941895197e-01,9.244496269461874860e-01
8.658534407615662287e-01,7.673390599861606987e-01
8.691262900829315186e-01,-4.230730997213516531e-02
8.650604009628296565e-01,8.319212989870705677e-01
8.807810962200165461e-01,4.210507617685714798e-01
8.987485468387603760e-01,7.864377949079881525e-01
8.906049609184265581e-01,-4.089513759520149172e-01
8.620363414287567361e-01,1.018935128635160225e+00
9.131286382675171120e-01,1.531118805175430531e+00
9.012676715850830300e-01,6.545439096839729132e-01
8.965107619762421320e-01,-3.359515297296900016e-02
8.932973921298981157e-01,-1.175023291407950587e-01
8.946832656860351785e-01,-1.585132830344959665e-01
8.979332387447357400e-01,-2.157212913948143296e-01
8.985897064208984153e-01,-3.313774881396418515e-01
8.968479156494141291e-01,-4.342345326855485688e-01
8.955859541893005371e-01,-6.116692215639751851e-01
8.950907289981842041e-01,-6.300095797535099074e-01
8.949654042720794900e-01,-8.928663257292051014e-01
8.943662881851196511e-01,-9.239769990764825636e-01
8.960160255432129128e-01,-1.009629003489122212e+00
8.987611472606659158e-01,-7.635205863256917524e-01
8.985725522041321245e-01,-9.080205653755424322e-01
8.891929864883423296e-01,-1.101299710353449424e+00
8.852687180042266846e-01,-1.208029157571899548e+00
8.993702769279480203e-01,-6.008796740788713286e-01
8.838282823562622070e-01,-1.038012329402860257e+00
8.973482310771941917e-01,-6.903424747579003373e-01
8.940250039100646751e-01,-4.595234942780206389e-01
8.831553220748901145e-01,-7.081710690932738750e-01
9.070441722869873047e-01,-4.034129787641127507e-01
8.923945069313049538e-01,-7.827474026511946903e-01
8.882720887660980891e-01,-6.483387027321962925e-01
8.992076873779296653e-01,-5.420071692313088718e-02
8.834637820720673274e-01,-1.033877584556998297e+00
8.985293567180633323e-01,-4.879289161064277458e-01
8.970449805259704812e-01,-4.803717387825159335e-01
8.898345947265625666e-01,-6.788731970164461060e-01
9.017075181007385698e-01,-2.876764502617166208e-01
8.957133352756500022e-01,-6.128039778597011988e-01
8.926441371440887451e-01,-5.502774079370880145e-01
9.043157458305358665e-01,-1.226158481050991789e-01
8.947655975818634699e-01,-4.949237711273593021e-01
9.003832697868346946e-01,-1.680398055666834090e-01
9.049039244651794212e-01,-1.765939205999100814e-01
8.948148429393768533e-01,-5.010055780133133574e-01
9.126606345176696555e-01,2.321456716276060206e-02
9.224875092506408247e-01,4.865730134104953031e-01
9.213957071304321733e-01,7.706556942287181577e-01
9.164021372795104758e-01,8.783193492292440396e-01
8.989257395267487016e-01,5.762206333079866738e-01
8.826227605342865656e-01,7.535912814845753260e-01
8.744866728782654253e-01,1.090564466387449194e-01
8.784601926803589089e-01,6.614794053409198682e-01
8.867373228073119895e-01,2.653445961646414553e-01
8.906716823577881526e-01,1.077875419254844758e+00
8.958695352077484797e-01,-1.465575206632894201e-01
8.624339103698730469e-01,1.025187897979529694e+00
9.053510785102844016e-01,1.459608935165167765e+00
9.052060365676880549e-01,1.208171282989136230e+00
8.974776625633239524e-01,3.052078732701399844e-01
2.500000000000000000e-01,-3.141592653589793116e+00
2.500000000000000000e-01,-3.141592653589793116e+00
3.756331056356430054e-01,-2.769252429336343191e+00
6.689674854278564453e-01,-2.055819068361775415e+00
6.896854937076568604e-01,-1.710385301555992443e+00
6.917274147272109985e-01,-1.791759780318233686e+00
6.633600592613220215e-01,-1.814860029210608072e+00
6.614195257425308228e-01,-1.480895727399793582e+00
6.788288950920104980e-01,-1.488949501043221435e+00
6.732000559568405151e-01,-1.634477595512492165e+00
6.522869169712066650e-01,-1.609184233462437552e+00
6.188322156667709351e-01,-1.682902196911512105e+00
5.927764102816581726e-01,-1.587515350432196826e+00
5.273777395486831665e-01,-1.642256012863368086e+00
6.293087005615234375e-01,-1.470440052930412245e+00
6.346078515052795410e-01,-1.331552810713579449e+00
6.202722042798995972e-01,-1.216330293107514615e+00
0.000000000000000000e+00,3.000000000000000000e+00
0.000000000000000000e+00,3.000000000000000000e+00
0.000000000000000000e+00,3.000000000000000000e+00
0.000000000000000000e+00,3.000000000000000000e+00
0.000000000000000000e+00,3.000000000000000000e+00
0.000000000000000000e+00,3.000000000000000000e+00
0.000000000000000000e+00,8.999999999999999112e-01
1.000000000000000000e+00,0.000000000000000000e+00
1.000000000000000000e+00,0.000000000000000000e+00
1.000000000000000000e+00,0.000000000000000000e+00
1.000000000000000000e+00,0.000000000000000000e+00
1.000000000000000000e+00,0.000000000000000000e+00
1.000000000000000000e+00,0.000000000000000000e+00
1.000000000000000000e+00,0.000000000000000000e+00
1.000000000000000000e+00,0.000000000000000000e+00
1.000000000000000000e+00,0.000000000000000000e+00
1.000000000000000000e+00,0.000000000000000000e+00
1.000000000000000000e+00,0.000000000000000000e+00
1.000000000000000000e+00,0.000000000000000000e+00
1.000000000000000000e+00,0.000000000000000000e+00
1.000000000000000000e+00,0.000000000000000000e+00
1.000000000000000000e+00,0.000000000000000000e+00
