0.000000000000000000e+00,-1.500000000000000000e+00
0.000000000000000000e+00,-1.500000000000000000e+00
0.000000000000000000e+00,-1.500000000000000000e+00
3.141632687243691158e-01,1.143570082800641874e+00
3.145858736246257004e-01,1.149241593397545724e+00
8.808721184730530229e-01,1.148053542272499783e+00
8.735118746757507546e-01,1.231184365370675771e+00
8.748636603355408603e-01,1.851619298438862415e+00
8.741527557373047763e-01,1.574802802983568562e+00
8.814401686191558616e-01,1.244709312190427575e+00
8.987351834774017778e-01,3.412047398155482192e-01
8.954237580299377885e-01,4.104514638538403482e-01
8.690102219581604670e-01,1.813663011121428248e+00
8.864374160766601562e-01,2.741601920050215746e+00
9.017392754554748313e-01,1.474840885019876424e+00
9.015146613121033381e-01,1.399857462322201762e+00
8.960592865943909358e-01,1.419617576655992863e+00
8.833904266357421875e-01,1.154599925127050675e+00
8.937723994255065696e-01,2.232284345797467040e+00
8.912073731422424094e-01,2.464207560250266660e+00
8.870065331459046076e-01,3.141592653589793116e+00
8.956045389175415483e-01,2.871731128156917556e+00
8.884910345077514648e-01,1.971579142699312115e+00
8.935029506683349609e-01,8.714276708946071537e-01
8.773214101791382280e-01,1.514564096496793688e+00
8.650971770286560725e-01,2.342502138730946371e+00
8.859994530677796076e-01,8.349903840839267843e-01
8.920730173587799738e-01,5.988831771110443292e-01
8.975871443748474343e-01,5.864615279966423067e-01
8.890761435031890869e-01,1.134485901651522965e+00
8.990307390689850076e-01,5.232016733126330088e-01
8.988213062286377619e-01,-2.805808528501749777e-01
8.918736517429352029e-01,-6.201491842055997239e-01
8.951987206935883012e-01,-3.530650028945401253e-01
8.982426941394806574e-01,-4.524638495411950068e-01
8.919084072113037109e-01,-4.185385686227860447e-01
8.987588405609131526e-01,2.111380743825721495e-01
9.030728459358215998e-01,-3.057494104330515938e-02
8.919313848018646240e-01,-6.432495267247309023e-01
9.047007918357848899e-01,-4.793970842413846079e-01
8.926378250122070090e-01,-7.884039568065230874e-01
8.800759732723236750e-01,-1.438635230806194931e+00
8.946848332881928156e-01,-3.785354131422198343e-01
8.853437840938568337e-01,-8.314584083001013148e-01
8.877436757087707742e-01,-8.423142435292128027e-01
8.993147492408752885e-01,-4.110649063661830915e-01
8.819491267204284668e-01,-9.703493955872173338e-01
8.914680659770966020e-01,-4.258023196900313501e-01
8.914650082588195801e-01,-6.622523878473152159e-01
8.750280499458313876e-01,-1.207713448147049062e+00
8.975124061107635498e-01,-1.440612440662065730e-01
8.904995977878570335e-01,-6.439938594434622132e-01
8.812147915363311990e-01,-8.171024303845690895e-01
9.178471922874450462e-01,2.781782030101651593e-01
9.106481909751892312e-01,2.741567465403611514e-01
9.133446931838989924e-01,8.429048411128299279e-01
8.939844071865081787e-01,2.128799065711599603e-01
8.856296598911285178e-01,4.023329004945175313e-01
8.566023349761963113e-01,-1.952190913844615849e-01
8.787640511989593950e-01,5.052433122919559594e-01
8.819294691085816096e-01,1.530730066880061635e-01
8.865751743316651057e-01,7.844806211781318872e-01
9.042620778083801936e-01,-5.512928837443027419e-01
8.626876235008240634e-01,5.736391563619673839e-01
8.983336389064788818e-01,1.198330736313725886e+00
9.038828253746032937e-01,1.410432417280094164e+00
8.977675497531890647e-01,3.133200700099836311e-02
8.991314232349395530e-01,-3.886012257951487747e-01
8.996460974216461404e-01,-4.789673374264191708e-01
9.026257753372192161e-01,-6.064465338009235040e-01
9.033883929252625178e-01,-9.084639816970407900e-01
9.021302223205566184e-01,-1.308824353673542440e+00
9.015147805213928889e-01,-1.327678722759408680e+00
9.004875302314758745e-01,-1.054147402956295831e+00
8.990054011344910112e-01,-1.052416805978556802e+00
8.970893144607544611e-01,-1.378715042546982961e+00
8.985202550888061745e-01,-8.856566909275480626e-01
8.978074789047241211e-01,-1.103938112367769175e+00
9.015565633773804377e-01,-8.654007292882974767e-01
8.920149862766265647e-01,-1.248846865839001508e+00
8.869231224060059038e-01,-1.262514499836532300e+00
8.987035989761352761e-01,-1.168621468266318297e+00
8.823729038238525835e-01,-1.185059330752127993e+00
8.995986759662628618e-01,-5.136418196549268345e-01
9.005586028099060725e-01,-2.784145169450176205e-01
8.830821871757507102e-01,-5.221215950430373454e-01
9.034058809280395286e-01,4.510686236072918298e-01
8.966173827648162842e-01,5.283432803040577497e-02
8.929873764514922874e-01,-3.097341652140839230e-02
9.117893815040588601e-01,6.269135301506167934e-01
8.929027497768402544e-01,4.670626952645751118e-02
9.014657974243164285e-01,7.017842262327755876e-01
9.067417860031128374e-01,9.277407947108207154e-01
8.966483235359191672e-01,6.625576110753734760e-01
9.067078709602356401e-01,9.891861628427536246e-01
8.971589982509613481e-01,6.299017217293618742e-01
8.909835875034332053e-01,7.662200329856232450e-01
9.110130786895752619e-01,1.355750646079121324e+00
8.959701478481293391e-01,3.647923159784882685e-01
8.928821742534637229e-01,4.387406012499628361e-01
9.098685383796691895e-01,1.048024587550743014e+00
8.917528033256530984e-01,2.197288911045713888e-01
8.999953627586364524e-01,9.746167159210950004e-01
9.064131140708923118e-01,8.267227669273440327e-01
8.900789141654968928e-01,3.134698728212987895e-01
9.040626287460327148e-01,1.189215984259145209e+00
9.044428944587707964e-01,4.438934434522376904e-01
8.890529692173004817e-01,3.096645069068197920e-01
9.033507823944092463e-01,1.085480533478378362e+00
9.035941004753113015e-01,4.325069317640357625e-01
8.905660271644592063e-01,6.903258091951416375e-01
9.046392798423766868e-01,9.643791917956940907e-01
9.021309494972229448e-01,3.561423271460189000e-01
9.033328652381896751e-01,2.733264644586372860e-01
9.146086335182189719e-01,6.491850886161372181e-01
8.976481258869171143e-01,2.934251331460049350e-01
9.039677977561950684e-01,6.996150815249060351e-01
9.113624930381775124e-01,8.796458531234554457e-01
8.998169600963592529e-01,5.216392299905967533e-01
9.069816470146179199e-01,7.397925700271419380e-01
9.019622683525085893e-01,4.664162961337421365e-01
8.925063312053680420e-01,4.041810926791407077e-01
9.107826590538025124e-01,9.641151643407477323e-01
8.967949390411377175e-01,3.570767221816084636e-01
8.920084357261658381e-01,5.322894608611759004e-01
9.077120542526245783e-01,1.047690901788534745e+00
8.920494318008422852e-01,4.943732457957694670e-01
9.001222610473632590e-01,8.777991589669458250e-01
9.064015746116638184e-01,7.374953439155964574e-01
8.930649638175964800e-01,5.024225253548575409e-01
9.073503017425537109e-01,9.976058298528238666e-01
9.037503004074096680e-01,8.572274879028443095e-01
8.933650612831115501e-01,8.191618445331489973e-01
8.966739535331725852e-01,8.363060272743179091e-01
8.958001673221588357e-01,4.890720988102903455e-01
9.029360890388489214e-01,9.511489820072087653e-01
9.040758609771728516e-01,7.830986902437331310e-01
9.075614571571349876e-01,5.532850738813039904e-01
9.111322283744812678e-01,3.924002250901468258e-01
9.063540101051330566e-01,2.702423990806490650e-01
8.956837236881256548e-01,4.191763540919679620e-01
8.877299487590789573e-01,5.938400654680591195e-01
8.808276057243347168e-01,9.856579321292109341e-01
8.203408926725387351e-01,1.577665347454321410e+00
8.142310798168181929e-01,1.625459559897968420e+00
8.098074734210967129e-01,1.646011569343084124e+00
8.107647180557250310e-01,1.707331664874053301e+00
8.169928252696990745e-01,1.737806425287290235e+00
8.099087536334991233e-01,1.648284077990762375e+00
8.029160916805266890e-01,1.455307721945229948e+00
8.049413919448852317e-01,1.409239799648496883e+00
7.899634540081024170e-01,1.715324019364841135e+00
7.901776731014251709e-01,1.812811569392605682e+00
7.937743544578551580e-01,1.703352340444932445e+00
8.042373478412627730e-01,1.624991238859088805e+00
8.078950047492980957e-01,1.574129813853727189e+00
8.189425855875014371e-01,1.501701278103063197e+00
8.193276524543762207e-01,1.546066036061879645e+00
8.177565038204193115e-01,1.477896019729928456e+00
8.309122741222381148e-01,1.432096525345724070e+00
8.418091684579849243e-01,1.407019160224237009e+00
8.282319784164428045e-01,1.429056932677345904e+00
8.262770593166350874e-01,1.367853308832175596e+00
8.254831165075301458e-01,1.290641475689404238e+00
8.232797712087630559e-01,1.294949523662608737e+00
8.245317190885543823e-01,1.245859610527827233e+00
8.183159500360488448e-01,1.187443817001265778e+00
8.274734944105147649e-01,1.299130894633493405e+00
8.392201125621795432e-01,1.356279918136855889e+00
8.386472910642623901e-01,1.462478969776486837e+00
8.319034487009048240e-01,1.359182066725850735e+00
8.462751001119612759e-01,1.306263474614079101e+00
8.863794326782227229e-01,-5.961902843241078109e-01
8.850785970687866655e-01,-5.943696184060645038e-01
8.963711619377136008e-01,-3.890734791578256413e-01
8.879272282123565896e-01,-6.368263566824881039e-01
8.900777935981750710e-01,-2.286665013347692899e-01
8.996458828449249712e-01,-1.757402318289176257e-01
8.826146245002747248e-01,-7.024412988139143721e-01
8.995766401290893333e-01,1.597961568599113313e-01
8.966143190860748069e-01,-2.404657197681494551e-01
8.825848102569580078e-01,-4.938678485610887847e-01
9.060474634170532227e-01,4.033871377791609092e-01
8.920290470123291016e-01,-2.202196825651485668e-01
8.901713669300079790e-01,4.686427404169406508e-01
9.062377691268921343e-01,6.056992050259659699e-01
8.886484861373901145e-01,1.522756812247716418e-01
8.972659766674041526e-01,1.101319184718920319e+00
9.050556063652038796e-01,5.908765913531812686e-01
8.900135338306427446e-01,3.774394183239224709e-01
9.050698995590210627e-01,7.771462755360536434e-01
9.039290189743042214e-01,6.240028615267285694e-01
8.992372155189514160e-01,1.681330578167283818e-01
9.125914335250854270e-01,5.791481547481485137e-01
9.004277944564819114e-01,2.982963460630041475e-01
8.965540647506714533e-01,4.796966898640189214e-01
9.102496981620789018e-01,9.627777997427156009e-01
8.981972217559814897e-01,6.129784981348853634e-01
9.027788639068603516e-01,7.810194272226538281e-01
9.028341889381409358e-01,6.957265750501462342e-01
8.927937805652618186e-01,3.846737705894462955e-01
9.087824344635010432e-01,9.603116709614107904e-01
9.004967689514160600e-01,5.617552993401933037e-01
8.925374031066894975e-01,5.679211830539991901e-01
9.076636314392090288e-01,1.137766583219364414e+00
8.959012567996978982e-01,5.253940374562566795e-01
8.972568511962890625e-01,8.444212200703860027e-01
9.097113847732544167e-01,9.038674696852941892e-01
8.985629558563232866e-01,7.263436481341338791e-01
9.088511466979980469e-01,1.226587291598386642e+00
9.024359464645386186e-01,1.147962911571653422e+00
8.956173479557038020e-01,7.328110100057152465e-01
8.914690256118774636e-01,5.619564096143863097e-01
8.847807049751281738e-01,-3.835682258419259583e-02
8.842043220996856911e-01,1.122280343092445953e+00
8.868978977203368919e-01,5.692900062424079977e-01
9.034049510955810547e-01,4.737079479745949229e-01
8.988262474536895530e-01,-2.783122765262935339e-01
8.737824559211730957e-01,8.019513740479720099e-01
9.119778752326965776e-01,1.174028600740803618e+00
8.992798745632172297e-01,2.144831711592796175e-01
8.972934126853943093e-01,7.689228502088107930e-02
8.952445030212402566e-01,-2.610233468186895500e-01
8.949229896068573442e-01,-2.497177286485987580e-01
8.953422367572784202e-01,-1.193417204102531493e-01
8.952785015106201616e-01,-1.651265153935970176e-01
8.952270269393921565e-01,-3.031823520076208922e-01
8.948997974395752619e-01,-2.737314938097354933e-01
8.968538284301758035e-01,-2.845118658726457639e-01
8.970943450927734153e-01,-3.640747605122798269e-01
8.951287567615509033e-01,-4.689917809673089799e-01
8.952257692813873069e-01,-6.302357819985986431e-01
8.977945864200592707e-01,-4.929514298628570046e-01
8.959360301494598833e-01,-6.261851139805880706e-01
8.873458981513977495e-01,-9.628118798822904445e-01
8.971368253231049028e-01,-8.524847308965495252e-01
8.922182083129882590e-01,-9.108864804095500034e-01
8.815828204154968484e-01,-1.096744019607786669e+00
9.036644101142883301e-01,-5.292160689334943768e-01
8.932013869285583274e-01,-9.051209447089885174e-01
8.947704017162323442e-01,-6.960993967968112095e-01
9.053768396377563921e-01,-4.938719681384000637e-01
8.913595855236053911e-01,-1.068562552982298186e+00
9.047335267066956010e-01,-3.712061233450238973e-01
9.040751338005066362e-01,-4.384303221770222692e-01
8.941659867763519509e-01,-5.928255259284149759e-01
9.068589806556701660e-01,-2.419841585143607254e-01
9.023066520690917747e-01,-3.044204722431556043e-01
8.996911466121674250e-01,-2.699250043741714400e-01
9.066224932670593484e-01,-2.413158507223731597e-01
8.963736593723297119e-01,-5.385871710489409381e-01
9.049540758132934570e-01,2.160381243407498708e-01
9.070358157157898393e-01,7.489915861630880300e-02
8.967718899250031184e-01,8.626132734767155696e-02
9.095080375671387163e-01,5.312842839972393705e-01
9.079022884368896928e-01,1.336615583975575561e-03
9.034810662269592285e-01,1.626633826685179862e-01
9.158572673797608088e-01,6.059246582569981499e-01
9.052814126014709917e-01,3.390531969380083943e-01
8.977530002593994141e-01,6.499135047861659409e-01
9.113396644592285378e-01,1.067693696676659698e+00
9.043291330337525080e-01,6.898486872410969362e-01
8.962889552116394265e-01,8.671912473905631913e-01
8.964324653148650901e-01,1.216198841140584186e+00
9.008746504783630149e-01,6.130897267222881197e-01
8.973751008510589822e-01,8.920809844908754727e-01
8.735842704772949219e-01,1.577220620358223968e+00
8.893236160278320535e-01,1.196961164111260523e+00
8.818918347358704057e-01,1.228940693764175585e+00
8.842016041278839555e-01,7.478066459255710008e-01
8.789370119571686679e-01,1.065232810993750334e+00
8.750166773796081987e-01,1.362294781891502993e+00
0.000000000000000000e+00,8.999999999999999112e-01
1.000000000000000000e+00,0.000000000000000000e+00
1.000000000000000000e+00,0.000000000000000000e+00
1.000000000000000000e+00,0.000000000000000000e+00
1.000000000000000000e+00,0.000000000000000000e+00
1.000000000000000000e+00,0.000000000000000000e+00
1.000000000000000000e+00,0.000000000000000000e+00
1.000000000000000000e+00,0.000000000000000000e+00
1.000000000000000000e+00,0.000000000000000000e+00
1.000000000000000000e+00,0.000000000000000000e+00
1.000000000000000000e+00,0.000000000000000000e+00
1.000000000000000000e+00,0.000000000000000000e+00
1.000000000000000000e+00,0.000000000000000000e+00
1.000000000000000000e+00,0.000000000000000000e+00
1.000000000000000000e+00,0.000000000000000000e+00
1.000000000000000000e+00,0.000000000000000000e+00
1.000000000000000000e+00,0.000000000000000000e+00
1.000000000000000000e+00,0.000000000000000000e+00
1.000000000000000000e+00,0.000000000000000000e+00
1.000000000000000000e+00,0.000000000000000000e+00
1.000000000000000000e+00,0.000000000000000000e+00
