0.000000000000000000e+00,-1.500000000000000000e+00
0.000000000000000000e+00,-1.500000000000000000e+00
0.000000000000000000e+00,-1.500000000000000000e+00
0.000000000000000000e+00,-1.500000000000000000e+00
0.000000000000000000e+00,-1.500000000000000000e+00
0.000000000000000000e+00,-1.500000000000000000e+00
0.000000000000000000e+00,-1.500000000000000000e+00
2.265129160463897062e-01,-6.539829927591193304e+00
2.574752592134447182e-01,-4.986573987502795902e+00
2.791042596850913382e-01,-3.760537765961605938e+00
2.944333831039702698e-01,-2.880836082221765349e+00
3.053793596808628275e-01,-2.193855925658050765e+00
3.129190018735148460e-01,-1.655739191314242964e+00
3.610668029022418013e-01,-1.241092710227251317e+00
3.625483680944644460e-01,-8.883050146658489910e-01
3.623012056077001275e-01,-6.050777842843857446e-01
3.548902862186242291e-01,-1.991884128509788937e-02
3.344245547934938667e-01,3.373999724044045023e-01
3.502940488474782788e-01,6.450351776436049622e-01
3.407758752835611249e-01,7.129279991539702044e-01
3.315602414017505550e-01,7.836065737038949708e-01
3.227714749743504363e-01,8.567374041878964563e-01
3.145450324569452616e-01,9.309619093860561634e-01
3.336989391274970407e-01,1.116875346076482867e+00
3.263284336909442196e-01,1.191464876746129775e+00
3.202025885222500867e-01,1.259628173954426167e+00
3.153958427062077408e-01,1.318261369060854005e+00
3.119198119401280778e-01,1.364275802734176590e+00
3.097172492834742163e-01,1.395183514780837797e+00
3.086667570067482824e-01,1.409340999685503526e+00
3.085968981092221952e-01,1.406088316517916992e+00
3.270955848181659187e-01,5.065648719235089636e-01
3.337739635646633229e-01,1.947678273844662411e-01
3.331722359576233528e-01,2.108270370644851621e-01
3.314338083906901433e-01,2.816916613337284159e-01
3.286670823077189052e-01,4.055301996664089637e-01
3.270126352680303161e-01,4.844010116173416702e-01
3.252140738804927267e-01,5.791889711756514902e-01
3.218610995057202828e-01,7.740365175132223330e-01
3.218060826427656673e-01,8.023458891328365539e-01
3.227515105292997344e-01,7.772827197937781651e-01
3.243671375880384788e-01,7.138181820845471703e-01
3.261010827869258444e-01,6.409068722232322823e-01
3.278056886207851295e-01,5.661933134878058826e-01
3.289029046875786011e-01,5.241633073451386071e-01
8.801376938819885920e-01,2.003528337282936000e+00
8.829411089420319270e-01,1.512449255308026430e+00
8.830957829952240656e-01,1.321656649744467060e+00
8.802690625190735529e-01,1.416187466783862980e+00
8.707092881202698198e-01,2.040586931253553615e+00
8.837719619274139182e-01,6.608476119841903973e-01
8.817410409450531228e-01,9.935237032444366179e-01
8.765530526638031228e-01,1.173514028083929794e+00
8.718156456947326882e-01,1.397287220587030809e+00
8.821466863155364990e-01,5.961451562271986582e-01
8.811678588390350342e-01,9.268839226300880085e-01
8.744573712348938654e-01,1.882228132368227946e+00
8.963113546371460627e-01,8.931112533257081765e-01
8.998795986175537331e-01,4.847068448885143432e-01
9.041895508766174538e-01,6.041959338144002878e-01
9.036610722541809082e-01,9.977024526661226744e-01
9.007297396659851296e-01,9.365952643807382572e-01
9.038382172584533691e-01,6.041101717049213171e-01
8.991735875606536865e-01,4.202294678555262841e-01
8.955989003181458186e-01,7.936882509757285931e-01
9.030803084373474343e-01,7.651605526025839765e-01
8.991361916065215842e-01,6.797474836739945125e-01
9.009045124053954856e-01,9.196147412109327846e-01
9.035453319549561213e-01,7.590819290263701724e-01
8.976265788078308105e-01,6.437251506506624921e-01
9.042129516601562500e-01,9.244593641289231556e-01
9.054430484771728294e-01,6.660847182678315548e-01
8.967294991016387939e-01,6.431705057417613780e-01
9.069558978080749512e-01,6.870754626965918099e-01
9.032757043838500755e-01,6.553135216271139818e-01
9.018270611763000710e-01,6.929069116341324275e-01
9.072578787803650124e-01,7.602178088431807979e-01
9.001141071319580522e-01,4.176667162609213335e-01
9.030838370323180930e-01,3.722262804900919875e-01
9.070538043975829856e-01,1.139793415256482589e-01
8.966097950935364436e-01,5.466828894795394689e-02
9.054210186004638672e-01,2.358428050109080409e-01
9.076837182044983354e-01,-6.599113444134596662e-02
9.011995434761047585e-01,-2.284549048637840585e-02
9.166281461715698464e-01,3.904981038934498550e-01
9.255454778671264870e-01,5.371752795522786172e-01
9.237970113754272461e-01,9.895014977605756101e-01
9.204595327377319558e-01,9.902988232238101318e-01
8.959545969963074175e-01,5.004833279623595033e-01
8.893162071704864280e-01,6.242024737728084638e-01
8.780875980854034868e-01,7.278057235725876595e-02
8.821833610534668413e-01,4.134381574044718732e-01
8.902453958988190141e-01,1.014127581912971365e-01
8.895412027835846169e-01,8.118432281862588695e-01
8.957548916339874712e-01,3.848246969218482860e-02
8.659947991371155229e-01,9.911755441770431219e-01
9.026293992996216042e-01,1.135865960050780998e+00
9.012755870819092463e-01,8.906608538395914820e-01
8.957470238208771196e-01,2.433168417745394940e-01
6.360057294368743896e-01,3.141592653589793116e+00
7.297571748495101929e-01,3.141592653589793116e+00
7.636074721813201904e-01,6.482481188447279941e-01
7.589879631996154785e-01,7.169439898577802950e-01
7.642214894294738770e-01,7.197475962849555486e-01
7.725426852703094482e-01,7.502599010277788416e-01
7.632143497467041016e-01,9.658457613184872059e-01
7.593314051628112793e-01,9.097312198540250527e-01
7.426562160253524780e-01,7.824411963421873395e-01
7.291133999824523926e-01,2.760820403594339556e-01
7.308734208345413208e-01,6.237960868337326659e-01
7.382373660802841187e-01,9.371496284093678852e-01
7.533050179481506348e-01,1.123448805020718311e+00
7.694125175476074219e-01,1.243043692182096649e+00
7.754981815814971924e-01,1.174671254801353815e+00
7.832146584987640381e-01,8.870785068604600809e-01
7.720048427581787109e-01,8.401964999109767795e-01
7.572555243968963623e-01,1.001066462047759398e+00
7.603204846382141113e-01,9.965313691886525937e-01
7.583378255367279053e-01,3.004111872517711834e-01
7.875509262084960938e-01,-1.197275562761501710e-02
8.347588181495666504e-01,6.875175682434910840e-01
8.398028016090393066e-01,1.207849955958861354e+00
8.069009184837341309e-01,1.031700949708562742e+00
8.114239871501922607e-01,7.179942011918694078e-01
8.164486289024353027e-01,1.039259156926803040e+00
8.064725100994110107e-01,1.044412748143134451e+00
7.980346083641052246e-01,1.061716096371327911e+00
7.630776166915893555e-01,1.315538047542982980e+00
7.245951592922210693e-01,1.135913147936345791e+00
7.333135306835174561e-01,9.018912897237520987e-01
8.723312497138977495e-01,1.706194848789671425e+00
8.795386850833892822e-01,1.085760664735541781e+00
8.820671677589416726e-01,7.926534880565569985e-01
8.773361444473266602e-01,1.005062264786125148e+00
8.739252328872680886e-01,1.222924238354658577e+00
8.776634752750397395e-01,8.095677234823543955e-01
8.825071454048156738e-01,5.828153275691874136e-01
8.814371347427368830e-01,9.067459307047496253e-01
8.763887047767640048e-01,1.115308894760783431e+00
8.871732532978058305e-01,5.347518445721983760e-01
8.867225527763367143e-01,7.934133628169619534e-01
8.836009025573731135e-01,1.072099771864519546e+00
8.860504746437073420e-01,1.197595579017187717e+00
9.022994041442871094e-01,3.857250118178630061e-01
9.027250647544861062e-01,4.060918275374882924e-01
9.049521923065185769e-01,4.839855443520231226e-01
9.033463716506958674e-01,3.486207279897941547e-01
8.996404349803924783e-01,2.766505888417603032e-01
9.035403847694397639e-01,2.769662982666107887e-01
8.965049564838409868e-01,3.672236156061625678e-01
8.957674264907836692e-01,1.832631417597410106e-01
9.035653233528136985e-01,1.686026896302070810e-01
9.048389434814453347e-01,-8.839302135271198679e-02
8.966344058513641135e-01,-1.470906314180635555e-01
9.059494018554687944e-01,-3.698125826927478599e-02
9.020794272422790749e-01,-1.962532925430910957e-01
8.997542381286621760e-01,-2.453391797273183350e-01
9.051162719726563166e-01,-2.781707128695991571e-01
8.985326290130615234e-01,-6.674820039903903712e-01
8.998946726322174516e-01,-2.526287717795154819e-01
9.056974649429321289e-01,-1.684525123118616463e-01
8.927389502525330256e-01,-5.088104917364408841e-01
9.005504131317139116e-01,-1.401712395633332164e-01
9.039545536041260210e-01,-3.813165023343194626e-01
8.931960999965667947e-01,-8.146282497021553048e-01
9.091361403465271218e-01,-3.337692772758313886e-01
9.146767258644104004e-01,3.235216414606645330e-02
8.989854872226715754e-01,-3.368310594856356310e-01
9.053104996681213823e-01,-8.227807059475367168e-02
9.031364321708679199e-01,-4.176142852769606506e-01
8.928841590881347878e-01,-2.396095967014710837e-02
8.734082102775574397e-01,-1.762252184305563851e-01
8.874952793121337891e-01,-4.109637894685440607e-01
8.834643542766571489e-01,-4.151419771296880334e-01
8.867232680320740190e-01,-1.017391410664538753e-01
8.954373896121978760e-01,-7.554413462043396699e-01
9.024343252182006614e-01,-1.113544217643469114e+00
8.981534183025360329e-01,-3.130736443853652240e-01
9.121125936508178711e-01,-4.957701570112997835e-01
9.243417501449584517e-01,-8.802214704259405664e-01
6.374453961849212424e-01,-1.845762102143126526e+00
6.093724489212035689e-01,-1.980315361775045746e+00
5.377246022224426714e-01,-2.567128364617740743e+00
5.262188374996185081e-01,-2.798313519344532985e+00
5.606284320354462114e-01,-2.417186892073558191e+00
5.798599243164062056e-01,-2.306422037998500318e+00
6.418260335922241211e-01,-2.031002172878466183e+00
7.104687333106994851e-01,-1.488945381465910156e+00
7.663609623908996804e-01,-1.234306443212035198e+00
7.342239141464232954e-01,-1.432828312079007294e+00
6.913374841213226762e-01,-1.528052528881286731e+00
7.153324365615845171e-01,-1.571593933138402344e+00
7.044024705886841042e-01,-1.664849272866191443e+00
6.731789469718933994e-01,-1.599230398410968146e+00
7.254946827888488770e-01,-1.589496867118891821e+00
6.636036753654479536e-01,-1.444493644249772890e+00
8.000000000000000444e-01,-3.141592653589793116e+00
8.000000000000000444e-01,-3.141592653589793116e+00
8.878261625766754594e-01,-3.141592653589793116e+00
9.066208124160767268e-01,-1.335427647681806551e+00
9.190073013305664062e-01,-1.124609589554910638e+00
8.987776219844818559e-01,-1.072462107414392740e+00
8.949919283390045388e-01,-5.184503026446871665e-01
8.796864151954650879e-01,-9.747419885220587332e-01
9.019665837287903498e-01,4.280802586896204076e-02
8.943964242935180664e-01,-3.482834844108171346e-01
8.934363424777984619e-01,-3.846542962239762886e-02
9.079725980758667214e-01,3.958771483408134451e-01
8.941635429859161599e-01,-1.265822520417438923e-01
9.033263087272643821e-01,6.629122692311666398e-01
9.061451673507691096e-01,6.142147458352784639e-01
8.952690720558166282e-01,5.607718438838973363e-01
9.087979316711426447e-01,1.370993831144678765e+00
9.024846553802490234e-01,7.506787403255454905e-01
8.944065451622009721e-01,1.007053893162583869e+00
9.035274028778076394e-01,8.186379092005680036e-01
8.891088545322418657e-01,9.975792398538150252e-01
8.939205706119537354e-01,1.059545172755074205e+00
9.033353209495544878e-01,5.816614714150185605e-01
8.993422031402588113e-01,1.524932698082097637e-01
9.003631711006164773e-01,4.179475965321408637e-01
9.074577689170837402e-01,3.684250341529242689e-01
0.000000000000000000e+00,3.000000000000000000e+00
0.000000000000000000e+00,3.000000000000000000e+00
0.000000000000000000e+00,3.000000000000000000e+00
0.000000000000000000e+00,3.000000000000000000e+00
0.000000000000000000e+00,3.000000000000000000e+00
0.000000000000000000e+00,3.000000000000000000e+00
0.000000000000000000e+00,3.000000000000000000e+00
0.000000000000000000e+00,1.799999999999999822e+00
1.000000000000000000e+00,0.000000000000000000e+00
1.000000000000000000e+00,0.000000000000000000e+00
1.000000000000000000e+00,0.000000000000000000e+00
1.000000000000000000e+00,0.000000000000000000e+00
1.000000000000000000e+00,0.000000000000000000e+00
1.000000000000000000e+00,0.000000000000000000e+00
1.000000000000000000e+00,0.000000000000000000e+00
1.000000000000000000e+00,0.000000000000000000e+00
1.000000000000000000e+00,0.000000000000000000e+00
1.000000000000000000e+00,0.000000000000000000e+00
1.000000000000000000e+00,0.000000000000000000e+00
1.000000000000000000e+00,0.000000000000000000e+00
1.000000000000000000e+00,0.000000000000000000e+00
1.000000000000000000e+00,0.000000000000000000e+00
1.000000000000000000e+00,0.000000000000000000e+00
