0.000000000000000000e+00,-1.500000000000000000e+00
0.000000000000000000e+00,-1.500000000000000000e+00
0.000000000000000000e+00,-1.500000000000000000e+00
0.000000000000000000e+00,-1.500000000000000000e+00
2.523721155492229529e-01,-6.238967698587303268e+00
2.799806969110587573e-01,-4.819250658887680672e+00
3.005282225917372263e-01,-3.714556410065084524e+00
3.155712573636271778e-01,-2.857054360839970109e+00
3.263526335814279644e-01,-2.190594682351744371e+00
3.338364296314545454e-01,-1.671684383732702228e+00
3.387645520396983523e-01,-1.266620786674272470e+00
3.417058486339121792e-01,-9.492791631070600644e-01
3.430959615008392638e-01,-6.994000103211502894e-01
3.432686153220766423e-01,-5.012616008913995946e-01
2.745570245203725057e-01,-3.339995228785893389e+00
2.677561636558329905e-01,-3.450882675376834019e+00
8.978044807910919856e-01,-7.700767063629783138e-01
8.943114399909973811e-01,-8.431364737098290263e-01
8.985702812671662043e-01,-1.521988323825662182e+00
9.058055520057678445e-01,-8.856722329692221507e-01
8.957026422023773859e-01,-4.065987228002820864e-01
8.929591119289398415e-01,-6.261300614474292203e-01
9.101615071296692561e-01,-3.987383820369672094e-01
8.914913952350617121e-01,-2.791835671276161612e-01
8.999156057834625244e-01,1.158537492022517768e-01
9.050158977508545588e-01,2.676287145301965431e-01
8.915651679039001687e-01,2.636529479178451041e-02
9.074938058853149192e-01,1.185487017778437568e+00
8.955117285251618098e-01,5.591936712666734088e-01
8.972474157810211848e-01,1.294300409355821024e+00
9.093950629234314187e-01,1.086921636523247692e+00
8.963160812854766846e-01,3.967654790119228281e-01
9.070214390754699485e-01,1.498105636124427598e+00
9.053869843482971191e-01,1.044400483037957628e+00
-8.000000000000000444e-01,3.141592653589793116e+00
-8.000000000000000444e-01,3.141592653589793116e+00
-8.000000000000000444e-01,3.141592653589793116e+00
-8.000000000000000444e-01,3.141592653589793116e+00
-8.000000000000000444e-01,3.141592653589793116e+00
-8.000000000000000444e-01,3.141592653589793116e+00
-8.000000000000000444e-01,3.141592653589793116e+00
-8.000000000000000444e-01,3.141592653589793116e+00
-8.000000000000000444e-01,3.141592653589793116e+00
-8.000000000000000444e-01,3.141592653589793116e+00
-8.000000000000000444e-01,3.141592653589793116e+00
-8.000000000000000444e-01,3.141592653589793116e+00
-8.000000000000000444e-01,3.141592653589793116e+00
-8.000000000000000444e-01,3.141592653589793116e+00
-8.000000000000000444e-01,3.141592653589793116e+00
1.000000000000000000e+00,0.000000000000000000e+00
1.000000000000000000e+00,0.000000000000000000e+00
1.000000000000000000e+00,0.000000000000000000e+00
1.000000000000000000e+00,0.000000000000000000e+00
1.000000000000000000e+00,0.000000000000000000e+00
1.000000000000000000e+00,0.000000000000000000e+00
1.000000000000000000e+00,0.000000000000000000e+00
1.000000000000000000e+00,0.000000000000000000e+00
1.000000000000000000e+00,0.000000000000000000e+00
1.000000000000000000e+00,0.000000000000000000e+00
1.000000000000000000e+00,0.000000000000000000e+00
1.000000000000000000e+00,0.000000000000000000e+00
8.801720440387725830e-01,1.697550103055598392e+00
8.728864371776581255e-01,2.183893918164779180e+00
8.673480033874512163e-01,2.002086859731038615e+00
8.759793281555176003e-01,9.933312066318942257e-01
8.892266333103180376e-01,5.032752778582794129e-01
8.865407943725586160e-01,9.306626985455581647e-01
8.800877153873444270e-01,1.304365660248206993e+00
8.714707374572754350e-01,1.304028229415715501e+00
8.917854905128479448e-01,5.932827990099598381e-01
8.993015408515930842e-01,3.557367360343781648e-01
8.974330604076385942e-01,3.782738199829576153e-01
8.986823856830596924e-01,5.319598946762789105e-01
9.035160422325134721e-01,3.260136112269242936e-01
9.005176782608032005e-01,3.820136471674855372e-01
9.019270539283752441e-01,3.858186385749364788e-01
9.021919965744018555e-01,2.046939319467449003e-01
8.945059239864349143e-01,9.499707828961989620e-02
9.024978876113891602e-01,3.073845081185755390e-01
9.004752874374389870e-01,7.335693867380088662e-02
8.936394929885864702e-01,1.317122493152931284e-01
9.033590793609619363e-01,1.818366444889751854e-01
8.993967056274414507e-01,-3.172632545108724500e-01
8.963215887546539529e-01,-1.830170906421528798e-01
9.054972052574158381e-01,-7.067322130905751010e-02
8.947930395603179710e-01,-2.927686223254082343e-01
8.965657949447631836e-01,-1.980812613481859330e-01
9.048994064331055132e-01,-6.496423616976843007e-02
8.953483045101165994e-01,-5.653554354031680163e-01
8.991579174995422141e-01,-2.434188949397491086e-01
8.992776751518249956e-01,-3.304490852165051784e-01
8.879716277122498003e-01,-6.210223473420635187e-01
8.984678030014038308e-01,-3.212259133772339403e-01
8.907806694507599543e-01,-2.947302901396038344e-01
8.854467213153839333e-01,-4.889522565612369753e-01
8.958878278732299583e-01,-1.794100261991546930e-01
8.940340220928192361e-01,-5.097076233227153530e-01
8.856278121471404807e-01,-5.202440040566935764e-01
8.980203330516814964e-01,-3.153315472589399704e-01
8.920677900314331055e-01,-4.622954080479266814e-01
8.901823997497558816e-01,-4.808617812290365556e-01
8.981999397277832253e-01,-3.233851336488537953e-01
8.889994025230407715e-01,-6.491498849554777628e-01
8.923277139663696733e-01,-4.863790187698397993e-01
8.966469883918762873e-01,-3.532009489458105556e-01
8.832203090190887673e-01,-8.220489192142550472e-01
8.967894673347472922e-01,-3.336477497451504348e-01
8.942433416843414973e-01,-4.076943431115513938e-01
8.808900892734528032e-01,-8.488857183546594243e-01
9.037429213523865412e-01,-2.460926878682427876e-01
8.980526387691497581e-01,-1.555065533578501302e-01
8.986558556556701882e-01,1.379039740140513004e-01
8.949163496494293435e-01,2.912747137895501659e-01
8.885613203048706721e-01,3.355096114363043114e-02
8.806656181812286821e-01,-1.927887280243600898e-02
8.857144773006438987e-01,-3.947337783834368174e-01
8.860517680644989236e-01,1.439312901273890333e-01
8.859157025814056174e-01,9.103591745137151747e-02
9.032540798187256303e-01,-9.480982477547383880e-02
8.856884956359863947e-01,-1.830796333158777323e-01
8.753226637840271218e-01,5.355135918677453866e-01
9.110687613487243874e-01,9.909568320725199442e-01
8.913592875003815141e-01,-1.653029082039227937e-01
8.903034746646881770e-01,-9.277812414698782817e-02
7.200988978147506714e-01,2.370608329443748108e+00
7.804665863513946533e-01,2.784643544678075067e+00
7.653476595878601074e-01,8.809732932852378795e-01
7.464503198862075806e-01,9.440022643863050789e-01
7.148607522249221802e-01,1.034366784362705349e+00
7.467694282531738281e-01,9.867443770182875440e-01
7.682044804096221924e-01,9.540249151042230480e-01
7.781586945056915283e-01,9.031518803809843732e-01
7.589465677738189697e-01,8.808707719862427510e-01
7.521475255489349365e-01,1.012886746501481028e+00
7.448704689741134644e-01,1.184251519092101468e+00
7.353636622428894043e-01,1.020105650352087778e+00
7.449446171522140503e-01,1.229670982469345919e+00
7.637155652046203613e-01,1.220622424532016748e+00
7.867885828018188477e-01,9.176447406153576125e-01
7.847245037555694580e-01,7.855442211384824347e-01
7.515404820442199707e-01,1.121224795033203936e+00
7.689882516860961914e-01,1.209169812353321216e+00
7.663333415985107422e-01,5.003393768233599381e-01
7.928864657878875732e-01,-4.209590075466396186e-02
8.473855257034301758e-01,6.145416436575992236e-01
8.621069788932800293e-01,1.365046285028367112e+00
8.090873062610626221e-01,1.443134370990585502e+00
7.960841059684753418e-01,9.379307564436287770e-01
8.082988560199737549e-01,1.015669989108992866e+00
8.026835620403289795e-01,1.046058987412750607e+00
7.770074903964996338e-01,1.217370673632110822e+00
7.396456599235534668e-01,1.092780611727368179e+00
7.251798361539840698e-01,8.770173755453849473e-01
7.466864287853240967e-01,7.540380215559494559e-01
8.641323089599609597e-01,2.483339626297611957e+00
8.882278203964233398e-01,7.658230555356331237e-01
8.884752571582794634e-01,5.916057565372665472e-01
8.842466711997986062e-01,1.238431825382190432e+00
8.798255443572998713e-01,1.856733940924251591e+00
8.940032303333282915e-01,1.107425521815228464e+00
9.065761446952820268e-01,4.917678003999390590e-01
9.025326251983643022e-01,-1.234674770874377714e-02
8.870310902595520686e-01,6.150899687603978983e-01
8.930062770843506526e-01,8.204565153299556712e-01
8.992222666740418147e-01,8.038456305970749227e-01
9.073990702629090022e-01,1.549196259431104394e+00
9.294739723205566184e-01,1.367752098307779995e+00
9.104087948799133301e-01,8.936509179534777303e-01
8.933719456195831077e-01,7.178494542254343358e-01
8.652022957801819292e-01,8.104204759857762674e-01
8.741681158542633501e-01,-3.065527280087376738e-02
8.744216918945313388e-01,5.537019002037935067e-01
8.849120855331421565e-01,1.208710198602847008e-01
8.961203336715698464e-01,6.877353440804427898e-01
8.893795371055602805e-01,-2.949986244253754997e-01
8.642005324363708496e-01,9.978912042083818434e-01
9.102429032325745073e-01,1.351397750889279159e+00
8.987066447734832764e-01,5.777460004342218625e-01
8.947886705398560014e-01,1.928572628105356124e-01
8.951000392436981867e-01,-2.277560747489904003e-01
8.947526812553405762e-01,-1.818742824453187801e-01
8.945289373397827815e-01,-2.489434353676043266e-01
8.962313890457153098e-01,-5.442115175998361032e-01
8.976468026638031450e-01,-6.401156519119801658e-01
9.002621054649353471e-01,-5.811145039001979207e-01
9.014117598533630815e-01,-5.573312478149752280e-01
9.010165095329284446e-01,-7.124456923142035158e-01
8.991042256355286089e-01,-8.203853589945802049e-01
8.980323493480683039e-01,-8.530831931277607083e-01
8.991825878620147705e-01,-6.205469106696464010e-01
8.964092314243317094e-01,-7.302242899612996219e-01
8.889744758605957475e-01,-8.843552790042319423e-01
8.911012649536133035e-01,-8.332893731614228194e-01
8.981293678283691628e-01,-6.220996168089465428e-01
8.817837059497833918e-01,-1.061462274232902736e+00
8.983678102493286577e-01,-5.474139271987641386e-01
8.949917554855346680e-01,-5.781489699966644302e-01
8.824119687080383967e-01,-1.024012882178262362e+00
8.986360669136047585e-01,-3.635094421530724595e-01
8.878631234169006570e-01,-7.657037750471222814e-01
8.893393039703368919e-01,-6.810524534140793840e-01
9.008925914764404075e-01,-4.224613424906347170e-01
8.856459140777588335e-01,-9.533501470659970778e-01
8.992000877857208030e-01,-4.278815827111106529e-01
8.988731861114501731e-01,-5.148896770731972161e-01
8.924729704856873003e-01,-7.043945402199733863e-01
9.035436034202576350e-01,-3.516493663275950254e-01
8.993924856185913086e-01,-6.027608228819838487e-01
8.939912557601928933e-01,-6.490579434800318737e-01
9.059233188629151057e-01,-1.712517650948330861e-01
8.944518327713012473e-01,-5.424547051301162881e-01
8.962373673915863259e-01,-3.415350550145022090e-01
9.027135014533996804e-01,-3.364250938669668400e-01
8.898540735244750977e-01,-8.614028667612760870e-01
9.050964355468750222e-01,-3.128058718601360866e-01
9.092509508132934348e-01,-1.075752713418482998e-01
9.025038957595825639e-01,-1.820819465925067604e-01
9.105900049209595393e-01,8.030666559782284608e-02
9.034505724906921609e-01,-3.014232924957314097e-01
8.924859881401062678e-01,3.886109629778822239e-02
8.748746454715728982e-01,-9.601311585737715149e-02
8.846989333629607932e-01,-8.226739714444741836e-02
8.745912551879883035e-01,-2.753650934671467709e-01
8.710990428924560991e-01,-6.330704256957453424e-02
8.893444120883942094e-01,-6.550238404407298098e-01
9.039883255958557351e-01,-1.260094060912678726e+00
9.020234704017638938e-01,-2.454047184572694107e-01
9.063485503196716531e-01,-3.023277269690574087e-01
9.255838632583618386e-01,1.734836397299415189e-01
6.855831623077393022e-01,-1.575120853077345950e+00
6.522115826606751376e-01,-1.751567498788380028e+00
6.108345389366149902e-01,-2.142961985254047796e+00
5.616166830062866433e-01,-2.532890463957464533e+00
5.602310895919799805e-01,-2.449329425910538038e+00
5.826934814453125222e-01,-2.365443690270081945e+00
6.441554605960846391e-01,-2.141582488615332736e+00
7.284806966781616211e-01,-1.470775985734790625e+00
7.711458802223205566e-01,-1.268671769888687573e+00
7.275742888450622559e-01,-1.474995930929589250e+00
7.117778301239013894e-01,-1.564298255346995292e+00
7.209081053733825684e-01,-1.531888791625599877e+00
6.631057322025299960e-01,-1.583562522375327575e+00
6.710823535919190341e-01,-1.522396536486500862e+00
6.995423436164855957e-01,-1.672268725230449116e+00
6.802935957908631259e-01,-1.633228146439351658e+00
0.000000000000000000e+00,3.000000000000000000e+00
0.000000000000000000e+00,3.000000000000000000e+00
0.000000000000000000e+00,3.000000000000000000e+00
0.000000000000000000e+00,3.000000000000000000e+00
0.000000000000000000e+00,1.500000000000000000e+00
1.000000000000000000e+00,0.000000000000000000e+00
1.000000000000000000e+00,0.000000000000000000e+00
1.000000000000000000e+00,0.000000000000000000e+00
1.000000000000000000e+00,0.000000000000000000e+00
1.000000000000000000e+00,0.000000000000000000e+00
1.000000000000000000e+00,0.000000000000000000e+00
1.000000000000000000e+00,0.000000000000000000e+00
1.000000000000000000e+00,0.000000000000000000e+00
1.000000000000000000e+00,0.000000000000000000e+00
1.000000000000000000e+00,0.000000000000000000e+00
1.000000000000000000e+00,0.000000000000000000e+00
1.000000000000000000e+00,0.000000000000000000e+00
1.000000000000000000e+00,0.000000000000000000e+00
1.000000000000000000e+00,0.000000000000000000e+00
1.000000000000000000e+00,0.000000000000000000e+00
1.000000000000000000e+00,0.000000000000000000e+00
1.000000000000000000e+00,0.000000000000000000e+00
