0.000000000000000000e+00,1.500000000000000000e+00
0.000000000000000000e+00,1.500000000000000000e+00
0.000000000000000000e+00,1.500000000000000000e+00
0.000000000000000000e+00,1.500000000000000000e+00
0.000000000000000000e+00,1.500000000000000000e+00
0.000000000000000000e+00,1.500000000000000000e+00
0.000000000000000000e+00,1.500000000000000000e+00
0.000000000000000000e+00,1.500000000000000000e+00
0.000000000000000000e+00,1.500000000000000000e+00
0.000000000000000000e+00,1.500000000000000000e+00
0.000000000000000000e+00,1.500000000000000000e+00
0.000000000000000000e+00,1.500000000000000000e+00
0.000000000000000000e+00,1.500000000000000000e+00
0.000000000000000000e+00,1.500000000000000000e+00
0.000000000000000000e+00,1.500000000000000000e+00
0.000000000000000000e+00,1.500000000000000000e+00
0.000000000000000000e+00,1.500000000000000000e+00
0.000000000000000000e+00,1.500000000000000000e+00
0.000000000000000000e+00,1.500000000000000000e+00
2.999243959534546589e-01,1.906555641582788230e+00
9.005269050598144753e-01,7.319912141207831624e-01
9.028387904167175515e-01,8.966915405161834940e-01
8.996688127517700195e-01,1.019757920576318533e+00
9.010014653205872248e-01,1.001126944932828167e+00
9.034787416458129883e-01,6.978305555350927669e-01
8.971810162067413996e-01,3.556932932190961516e-01
9.091605305671691672e-01,6.872735769145585927e-01
9.033097743988037776e-01,6.190721019922307278e-01
8.998087882995605691e-01,6.832363911495664688e-01
9.041944384574890359e-01,5.939467999711225410e-01
8.870682477951049583e-01,9.606741937647971241e-01
8.981455087661743830e-01,6.967748202223362775e-01
9.055036425590515803e-01,1.953791931390562731e-01
8.999167203903198908e-01,-2.534066228772786644e-01
9.011206746101380061e-01,-3.158966783646333099e-02
9.061877846717835139e-01,-1.847284005079350422e-01
-9.000000000000000222e-01,-3.141592653589793116e+00
-9.000000000000000222e-01,-3.141592653589793116e+00
-9.000000000000000222e-01,-3.141592653589793116e+00
-9.000000000000000222e-01,-3.141592653589793116e+00
-9.000000000000000222e-01,-3.141592653589793116e+00
-9.000000000000000222e-01,-3.141592653589793116e+00
-9.000000000000000222e-01,-3.141592653589793116e+00
-9.000000000000000222e-01,-3.141592653589793116e+00
-9.000000000000000222e-01,-3.141592653589793116e+00
-9.000000000000000222e-01,-3.141592653589793116e+00
-9.000000000000000222e-01,-3.141592653589793116e+00
-9.000000000000000222e-01,-3.141592653589793116e+00
-9.000000000000000222e-01,-3.141592653589793116e+00
-9.000000000000000222e-01,-3.141592653589793116e+00
-9.000000000000000222e-01,-3.141592653589793116e+00
-9.000000000000000222e-01,-3.141592653589793116e+00
-9.000000000000000222e-01,-3.141592653589793116e+00
-9.000000000000000222e-01,-3.141592653589793116e+00
-9.000000000000000222e-01,-3.141592653589793116e+00
-9.000000000000000222e-01,-3.141592653589793116e+00
-9.000000000000000222e-01,-3.141592653589793116e+00
-9.000000000000000222e-01,-3.141592653589793116e+00
-9.000000000000000222e-01,-3.141592653589793116e+00
-9.000000000000000222e-01,-3.141592653589793116e+00
-9.000000000000000222e-01,-3.141592653589793116e+00
8.577497780323029009e-01,-3.141592653589793116e+00
8.425286948680877908e-01,-3.141592653589793116e+00
8.327027142047882524e-01,-3.141592653589793116e+00
8.788836240768432839e-01,-3.141592653589793116e+00
9.067300200462341531e-01,-8.637321132237407717e-01
8.951688408851623535e-01,-8.428520356218407450e-01
9.024776220321655273e-01,-1.684111292852352726e-01
9.001699328422546609e-01,-6.896309114041447863e-01
9.015338778495788352e-01,-2.940207865745039228e-01
9.100996375083924006e-01,-5.243075925671800697e-01
9.033223986625671387e-01,-6.999208665135068230e-01
8.914393961429596391e-01,5.131465341100103217e-01
8.786073029041290283e-01,1.574514432571783473e+00
8.821087241172790305e-01,5.587892036761172854e-01
8.746388196945190652e-01,-8.683048440391907263e-01
8.593823671340943271e-01,-5.734938476349915604e-02
8.353347420692444070e-01,7.138793052185063992e-01
8.700523078441619873e-01,-2.909249616758277313e+00
8.828209578990936501e-01,-3.141592653589793116e+00
8.904402613639831321e-01,-1.701133011795271655e+00
8.954359710216522883e-01,-5.075148846720636264e-01
8.701255023479461670e-01,-2.366823748669339533e+00
7.349018335342407671e-01,-1.624247187020628758e+00
7.272913336753845659e-01,-1.715774644946634009e+00
7.089008569717407671e-01,-1.751322758445390981e+00
6.917957484722137007e-01,-1.641940303438517601e+00
7.046756625175476518e-01,-1.620412141424157682e+00
6.986874878406524880e-01,-1.715090046098915577e+00
6.845723271369934526e-01,-2.091067482611141504e+00
7.504100799560546875e-01,-1.711777625060426411e+00
7.414756774902344638e-01,-1.695798814564546175e+00
7.623472690582275835e-01,-1.732734851110154572e+00
7.130128264427184615e-01,-1.526859911249689672e+00
6.976987361907959206e-01,-1.576766062452634287e+00
7.032354593276977095e-01,-1.515743793635914827e+00
6.335563182830810103e-01,-1.611117625995996949e+00
8.178481698036194070e-01,-3.141592653589793116e+00
8.000000000000000444e-01,-3.141592653589793116e+00
8.775084793567657915e-01,-3.141592653589793116e+00
8.974142432212829368e-01,-1.042626255991422557e+00
9.180509686470031960e-01,-9.883540082258881476e-01
9.006291866302490456e-01,-1.011119915968754501e+00
8.998303353786468728e-01,-9.848662242714012471e-01
8.997060358524322510e-01,-1.105113315422550979e+00
8.877302289009094682e-01,-1.043287073642844565e+00
9.065870642662048340e-01,-8.514870441731785533e-01
8.921281158924102561e-01,-8.494733198820503262e-01
9.030704855918884055e-01,-1.963942944392429446e-01
9.105769634246826394e-01,-5.752969117227038076e-01
8.991701960563659446e-01,-2.304768683095348436e-01
9.125977754592895508e-01,-2.602737710015623485e-01
9.019817113876342773e-01,-4.335664121470750310e-01
8.861646711826324241e-01,9.784145916950084398e-01
8.823663711547852229e-01,1.169529273302899242e+00
8.812881231307984065e-01,3.204641660816873738e-01
8.766252696514129639e-01,1.907701351418618074e-01
8.675416171550751621e-01,1.111608390814225800e+00
8.894050180912017600e-01,-1.587024090837836354e-01
8.965789318084717019e-01,-2.498977916278017908e+00
9.071856617927551714e-01,-1.940141150209307108e+00
9.016926050186157005e-01,-4.038820488170489220e-01
8.645378172397614192e-01,-3.141592653589793116e+00
7.118768215179442915e-01,-1.531188276229178857e+00
7.126204013824463113e-01,-1.532909136024182439e+00
6.985404849052430087e-01,-1.498323224707865942e+00
6.783946275711059126e-01,-1.504321891033539194e+00
6.262739062309264915e-01,-1.830909621534835496e+00
6.221801578998565896e-01,-2.154645668269199454e+00
6.414700508117675559e-01,-1.778115740263485289e+00
6.658052325248717818e-01,-2.013440695681022241e+00
7.503669142723083940e-01,-1.870658112236162740e+00
7.287484169006348544e-01,-1.593963986952363410e+00
7.224606394767760786e-01,-1.554984265553363443e+00
6.963874042034149392e-01,-1.665554095093437770e+00
6.916330099105835183e-01,-1.745720882316193379e+00
7.335169553756714089e-01,-1.771117795559570718e+00
6.848705351352691872e-01,-1.872285064393822029e+00
6.828308045864105447e-01,-1.934478978448554320e+00
8.204347699880599754e-01,1.015974744203265834e+00
8.178841948509215642e-01,1.094537705077359035e+00
7.887149751186370850e-01,9.596673316192333436e-01
7.865024119615554588e-01,8.331669093631712819e-01
8.190099626779555608e-01,1.117964898605432689e+00
8.231638282537460105e-01,1.563548585903110855e+00
8.308526754379271795e-01,1.602950376722996451e+00
8.048172414302825484e-01,1.323575436503923175e+00
8.015827655792235884e-01,1.289997978988040916e+00
7.945846587419509444e-01,1.508976077127643034e+00
7.957636505365370816e-01,1.599157369540451068e+00
7.961711496114730613e-01,1.481200014360281036e+00
8.081394433975219727e-01,1.413550188290628062e+00
8.163204222917556097e-01,1.502738194437647890e+00
8.181517720222473145e-01,1.491917188362167357e+00
8.188443452119826826e-01,1.453714849927145281e+00
8.275167763233184370e-01,1.429616258924100602e+00
8.470409959554672241e-01,1.395481254069848021e+00
8.442251950502395186e-01,1.310138311582306203e+00
8.260444402694702148e-01,1.221499051858492058e+00
8.204354315996169600e-01,1.198121199631395850e+00
8.225564688444136907e-01,1.161946816754577227e+00
8.194432377815246138e-01,1.130027395479702434e+00
8.096590846776962058e-01,1.101840123995275311e+00
8.044900029897689153e-01,1.107843658912316620e+00
8.210687905550002608e-01,1.174162674256932437e+00
8.294270634651184082e-01,1.323186604581798598e+00
8.844238460063934548e-01,1.368251690683521815e+00
8.946188569068909135e-01,8.949455887502848483e-01
8.868867635726929155e-01,9.049501695040875759e-01
8.942374646663665549e-01,1.505898378369136204e+00
9.021284580230712891e-01,1.315291153784581724e+00
8.969428658485413264e-01,2.578705594010122226e-02
9.014282107353210893e-01,1.537965542666670515e-01
9.067154884338378684e-01,4.101413720344142533e-01
8.947531998157501887e-01,2.457301650648555658e-01
9.070017218589783159e-01,7.535909069775472702e-01
9.222429752349853294e-01,9.510605983485316273e-01
9.219834804534912109e-01,1.286759710341153884e+00
9.395441651344299538e-01,1.555052051325484186e+00
9.037762045860290305e-01,1.156624135614971571e+00
9.020618200302124023e-01,1.252071371352599272e+00
8.601058423519134521e-01,7.255422030935880784e-01
8.668535828590393510e-01,2.232380219596707960e-01
8.623381197452545388e-01,6.247091817820877857e-01
8.773026227951050693e-01,5.971102608391083422e-01
9.102092146873473899e-01,5.562815046146729614e-02
8.794890940189361572e-01,2.072720383295099111e-01
8.749155998229980469e-01,1.211865045809184416e+00
9.215920209884643777e-01,1.887194095563384799e+00
8.984869539737702082e-01,4.197669516755850871e-01
8.958931922912597434e-01,4.545339371400811679e-01
8.950715065002441406e-01,-2.799653505491761507e-01
8.955145537853240745e-01,-2.313462863757154153e-01
8.956334114074707697e-01,-4.213366978846728728e-01
8.962866663932800293e-01,-6.160801653432028679e-01
8.984801828861236350e-01,-7.109952265936270166e-01
9.007544279098510520e-01,-6.460772420418527950e-01
9.007490992546082209e-01,-6.657259405347271120e-01
9.003570675849914551e-01,-9.470743455393875188e-01
8.992126762866974321e-01,-1.097476368101612643e+00
8.990515112876892312e-01,-1.214205527482497660e+00
8.999076426029205544e-01,-7.267013023461532661e-01
8.973079621791839600e-01,-4.997972310865281820e-01
8.867927610874176692e-01,-6.552228909262671763e-01
8.935862064361572710e-01,-7.811548115133812864e-01
8.848065614700317827e-01,-1.010903263652887407e+00
8.822067379951477051e-01,-7.260502218774669281e-01
9.039359211921692561e-01,-1.270870875158820468e-01
8.918599486351013184e-01,-3.789256494657005092e-01
8.970389068126678467e-01,-4.225132117140528720e-02
9.025622487068176714e-01,3.382921986565183836e-01
8.925486743450165017e-01,-4.404678276644471424e-01
9.064527392387390359e-01,5.201116158221941177e-02
9.003727674484253152e-01,-1.750108793913174310e-02
8.843941330909729226e-01,-5.652303500557183114e-01
9.089880228042602761e-01,2.346945664621635785e-01
8.933215558528900813e-01,-2.112985506441953376e-01
8.929087460041046365e-01,-2.514631186539553198e-01
9.044395446777343528e-01,-5.299031020768962819e-02
8.913893938064575417e-01,-5.410978661666132616e-01
8.986734747886657715e-01,-7.811448870771320330e-02
9.056681036949157937e-01,1.094624122574137104e-01
8.883705973625183328e-01,-6.695848609542522922e-01
9.040339946746825950e-01,-2.978117339683938880e-02
9.030105948448181596e-01,-3.737267428989454743e-01
8.904932379722595437e-01,-6.186880450347169713e-01
9.150225281715392844e-01,1.722020766791252377e-01
9.111227989196777344e-01,-2.707037917395056503e-01
9.017740249633788840e-01,-1.427714418607672897e-02
9.146628499031067561e-01,2.263209638165739612e-01
9.081591486930847834e-01,-3.211045731000674586e-01
8.924214363098145197e-01,6.781033978197910095e-01
8.738968849182129350e-01,1.530078424650834101e+00
8.800327360630035844e-01,6.649469659158793178e-01
8.857838332653046320e-01,-3.776807881036567949e-01
8.712071478366851807e-01,5.581458006015109774e-01
8.882242977619171365e-01,3.662791088808070583e-02
8.990571260452270286e-01,-1.499729124092075594e+00
9.019486784934998003e-01,-1.528357939362859241e+00
8.990121722221374734e-01,1.409977765747747469e-01
9.037831425666809082e-01,-6.085312271739131695e-01
6.655122995376587802e-01,-1.756604899199183834e+00
6.660829663276672807e-01,-1.831002499277852191e+00
6.247283458709717019e-01,-2.034758291118724749e+00
6.141081213951110618e-01,-2.097497206526379276e+00
6.212571561336517334e-01,-2.132806103660814578e+00
5.720757961273192915e-01,-2.518326447387715827e+00
6.039370775222778764e-01,-2.316210621823735938e+00
5.996712744235992432e-01,-2.072931137125268553e+00
7.219806671142579013e-01,-2.022574360340531285e+00
7.774047255516052246e-01,-1.677270921980593688e+00
7.510588526725769931e-01,-1.719515314771975500e+00
7.804909467697143111e-01,-1.662950709486263223e+00
6.439233958721161111e-01,-1.627829814880030979e+00
6.839335680007934126e-01,-1.457402527007983339e+00
6.685333967208861861e-01,-1.538331997793856321e+00
6.580774307250976118e-01,-1.537952434920681899e+00
8.077665865421295166e-01,-3.141592653589793116e+00
8.406292200088500977e-01,-3.141592653589793116e+00
9.026659011840820757e-01,-2.286362786175860418e+00
9.058922767639160378e-01,-1.160327073857212454e+00
9.212122678756713423e-01,-1.148873899917974617e+00
8.941185176372528076e-01,-1.069368866614211822e+00
9.002148866653442161e-01,-6.681093032627800632e-01
8.950916767120361550e-01,-9.727775119051509378e-01
8.908605456352234331e-01,-6.159981483040066763e-01
9.006960511207581233e-01,-5.475891964880053031e-01
8.892057836055755615e-01,-6.143340263237897503e-01
9.096488714218139426e-01,3.136870868976959770e-03
9.259979128837585449e-01,1.254201567329524813e-01
9.287792444229125977e-01,1.061661511971954575e+00
9.051236391067505327e-01,7.751920978624240455e-01
9.039503455162049006e-01,8.906559852482232031e-01
8.637125670909882036e-01,5.634375849112824852e-01
8.749640583992004395e-01,2.678845028305203435e-01
8.674243927001953347e-01,3.835993099252754668e-01
8.818238019943237527e-01,7.072677581410324876e-01
9.154859066009521928e-01,-1.232219877303903921e-01
8.835433542728424738e-01,2.476708604854667151e-01
8.804288804531097412e-01,1.206105127714047320e+00
9.232643485069275124e-01,1.652248609392265699e+00
9.034907102584839311e-01,1.974049016550898372e-01
8.998886406421661155e-01,9.007980100814094726e-02
8.975703775882720725e-01,-1.336900209317053445e-01
8.979703724384308083e-01,-1.426995365113352676e-01
8.959333896636962891e-01,-1.652937327817296520e-01
8.931896269321442094e-01,-1.042936535064362680e-01
8.990844547748565452e-01,-5.247519451562490111e-01
9.015374302864075373e-01,-5.093642003777714145e-01
9.026555538177490901e-01,-4.306617356356392534e-01
9.009670019149780273e-01,-4.421617229534136051e-01
9.015393018722533958e-01,-6.956404384336387636e-01
9.036810994148254395e-01,-6.428087319524307119e-01
9.055349349975586604e-01,-3.196964266736879168e-01
9.003904938697815385e-01,-5.765795982946051446e-01
8.970448970794677734e-01,-5.332996935699947372e-01
9.026789069175720215e-01,-4.471924758644654219e-01
8.957427144050598145e-01,-7.750758134301389823e-01
8.964916467666625977e-01,-6.150639405219315847e-01
9.069814324378967507e-01,-4.024531172505994014e-01
8.943366527557373713e-01,-8.714634363158091368e-01
9.009530544281005859e-01,-4.790667690424310621e-01
8.985100030899048074e-01,-4.821695597718331783e-01
8.864451587200165017e-01,-8.622022520131662482e-01
9.011194705963134766e-01,-2.655370927771834033e-01
8.985377430915832964e-01,-5.401007412037848177e-01
8.942440927028656450e-01,-4.712751503188075120e-01
9.043440580368041770e-01,-2.262183488908218187e-01
0.000000000000000000e+00,-3.000000000000000000e+00
0.000000000000000000e+00,-3.000000000000000000e+00
0.000000000000000000e+00,-3.000000000000000000e+00
0.000000000000000000e+00,-3.000000000000000000e+00
0.000000000000000000e+00,-2.399999999999999911e+00
1.000000000000000000e+00,0.000000000000000000e+00
1.000000000000000000e+00,0.000000000000000000e+00
1.000000000000000000e+00,0.000000000000000000e+00
1.000000000000000000e+00,0.000000000000000000e+00
1.000000000000000000e+00,0.000000000000000000e+00
1.000000000000000000e+00,0.000000000000000000e+00
1.000000000000000000e+00,0.000000000000000000e+00
