0.000000000000000000e+00,1.500000000000000000e+00
0.000000000000000000e+00,1.500000000000000000e+00
0.000000000000000000e+00,1.500000000000000000e+00
0.000000000000000000e+00,1.500000000000000000e+00
0.000000000000000000e+00,1.500000000000000000e+00
0.000000000000000000e+00,1.500000000000000000e+00
0.000000000000000000e+00,1.500000000000000000e+00
0.000000000000000000e+00,1.500000000000000000e+00
0.000000000000000000e+00,1.500000000000000000e+00
3.028165625773655556e-01,-3.103419723005811370e+00
3.148352940872407024e-01,-2.378703019404802443e+00
3.232568373285300001e-01,-1.811707675828933661e+00
3.288782351342777743e-01,-1.368352090711603353e+00
3.323210090484670087e-01,-1.020312357940248882e+00
3.340624405165973920e-01,-7.455915093418216122e-01
3.783225119457349628e-01,-5.404769743026809348e-01
3.762505580892777646e-01,-3.451268892148727230e-01
3.732490284568751315e-01,-1.843786203655710665e-01
3.695161026773517987e-01,-4.949021906621386968e-02
3.625440409120283536e-01,6.648630401074701046e-02
3.537726507228745043e-01,1.681234214842239616e-01
3.451591096493676902e-01,2.590769822338246930e-01
3.366697798354984505e-01,3.427065131261910480e-01
3.282955707733739570e-01,4.215695941101738065e-01
3.508389417402742461e-01,5.786927863221735802e-01
3.410080897365502239e-01,6.632083434208513317e-01
3.315696402740617166e-01,7.470129955154798385e-01
3.226322133872520093e-01,8.301768317285901366e-01
3.143170828384498905e-01,9.119880605665035000e-01
3.334038857814179968e-01,1.103820008256966245e+00
3.260546392806310534e-01,1.182296067149998242e+00
3.199777473841061703e-01,1.253048099443947239e+00
3.152374525676278627e-01,1.313229294035647809e+00
3.118357797593039882e-01,1.359979183491151433e+00
3.097070376193277186e-01,1.391016468508829984e+00
3.087230611501129984e-01,1.404886216815727007e+00
3.087078425399772397e-01,1.401095020814471459e+00
3.094590417112081937e-01,1.380111635858079833e+00
3.136479153438808676e-01,1.179398477934450629e+00
3.174093219039550440e-01,9.993715410673590371e-01
3.206464958557756484e-01,8.455615765069978140e-01
3.229198913461290288e-01,7.428779533611868935e-01
3.252193293387188322e-01,6.356231151365787646e-01
3.263430465363124644e-01,5.940011842199506287e-01
3.275512874396890317e-01,5.456564227483894358e-01
3.286157343534561459e-01,5.047939010866977494e-01
3.296265554504542727e-01,4.653789388760551926e-01
3.306198035068677599e-01,4.246837507907706977e-01
8.794240713119507724e-01,2.655073569191372052e+00
8.823729038238525835e-01,1.701215403341495680e+00
8.772720158100129062e-01,8.078648400247088190e-01
8.718534350395202859e-01,1.602448911812112797e+00
8.731782197952271396e-01,1.690234857271962987e+00
8.802074730396270974e-01,5.794013214992741467e-01
8.761707007884980136e-01,8.318973305372598936e-01
8.686833500862122248e-01,1.780679053618632324e+00
8.720747351646424006e-01,5.898294697020758370e-01
8.850230097770691584e-01,5.245364163614669728e-01
8.859163522720336914e-01,1.116553756122827146e+00
8.804762542247772661e-01,1.511997225324877903e+00
9.013800978660583274e-01,7.748879981554503971e-01
8.996481895446777344e-01,6.775963153034831876e-01
8.948373496532440186e-01,1.248675341620043788e+00
9.030232548713684748e-01,1.027217351565846037e+00
8.977302134037018488e-01,7.291018923975074451e-01
8.918415665626525657e-01,5.862697803981564704e-01
9.074835658073425737e-01,1.242175397637001133e+00
8.929774582386017512e-01,4.888608768463336141e-01
8.881591677665711115e-01,3.606644995126493392e-01
9.052486181259155051e-01,9.218947399991765934e-01
8.884024620056152344e-01,7.760909147303252098e-02
8.950473725795745628e-01,4.504334596873076357e-01
9.045450568199158159e-01,6.780449747233774360e-01
8.872547030448914018e-01,1.435466714093327489e-01
9.001216650009155051e-01,1.025099139813824500e+00
9.015570759773254839e-01,4.478392495023264530e-01
8.863087534904480203e-01,2.054774006499324734e-01
8.998286366462707742e-01,8.925506163043541719e-01
9.003521084785461870e-01,4.097369044438581298e-01
8.891711831092834473e-01,5.911477344416651292e-01
9.003958582878113237e-01,1.020918517856996388e+00
9.010165929794311523e-01,3.892131702793784065e-01
9.004265308380127175e-01,1.314965332669966180e-01
9.119044661521912287e-01,4.148077296069372366e-01
8.962838649749755859e-01,4.147253380607107687e-02
8.975273251533508745e-01,1.753655375471110389e-01
9.073092579841613992e-01,4.574850525230251819e-01
8.953744649887085405e-01,1.156312920274462641e-01
9.022418022155761497e-01,1.819531161747742765e-01
8.996494829654694270e-01,5.230365157131711129e-03
8.878956019878387895e-01,-3.943980328325724649e-01
9.052835702896118164e-01,2.172013431706258935e-01
8.972421050071716087e-01,-1.915609067321013548e-01
8.907367169857025591e-01,-5.130905453092804436e-01
9.088871955871582475e-01,1.158473825827708303e-01
8.941394805908203791e-01,-3.306852118978436117e-01
8.951766014099121760e-01,-2.782119086427115029e-01
9.221768379211425781e-01,3.546971045238382914e-01
9.162164092063903587e-01,2.276875399628131014e-01
9.213087081909179243e-01,8.886314002532742506e-01
8.963442027568817583e-01,4.802120115349488572e-01
8.896179795265197754e-01,4.394577822091427777e-01
8.564854741096497026e-01,7.834125271334402285e-02
8.759091496467590332e-01,1.079127021743397918e-01
8.723990440368653010e-01,2.193723604136370575e-01
8.821196913719177024e-01,5.758573614905433402e-01
9.114961385726928489e-01,-2.942793836775399186e-01
8.772822082042694980e-01,1.935796868681114447e-01
8.818051517009735107e-01,9.526522532187744474e-01
9.114763855934143733e-01,1.230531599620362293e+00
8.954288482666016291e-01,1.774365614135677838e-01
8.953509390354156272e-01,2.950617288596428800e-01
8.963649094104767512e-01,-1.705960032882933852e-01
8.968185484409332275e-01,-2.239565136934498213e-01
8.971568584442138894e-01,-3.264197640991071125e-01
8.980462610721587913e-01,-5.257621778650678479e-01
8.994325697422027588e-01,-6.561982944814546137e-01
8.999993443489074929e-01,-6.483197901272674812e-01
9.030024051666259988e-01,-6.370372041394167795e-01
9.021848440170288086e-01,-9.528065501144307170e-01
9.004555106163024680e-01,-1.019240164609704458e+00
8.993798136711120828e-01,-1.048265582823449726e+00
9.001099348068237749e-01,-4.955068785704104251e-01
8.967457950115204079e-01,-3.822724315240355608e-01
8.931366562843322532e-01,-3.999330594572199082e-01
8.929319500923157404e-01,-6.760608364874842735e-01
8.812413513660430908e-01,-7.011428829468249191e-01
8.864663243293762207e-01,-5.233803131651284524e-01
9.003124237060546875e-01,-7.892548367748020155e-02
8.919157683849334717e-01,-4.178412365361054981e-01
8.945424616336822288e-01,-1.538525430673969296e-01
9.005943417549133745e-01,-2.530982163394801532e-01
8.904240012168884721e-01,-8.155339949500803876e-01
9.074396133422851785e-01,-3.222880153094713762e-01
8.941929519176483598e-01,-6.406673007646550566e-01
8.820198714733124001e-01,-9.481205309229223666e-01
9.058982253074646662e-01,-6.125811461778596367e-03
8.915654420852661133e-01,-3.491008460000650793e-01
8.962413609027862771e-01,-2.645317286597328454e-01
9.017674684524535911e-01,-2.143277507425382922e-01
8.905219614505768266e-01,-5.959869270077451375e-01
9.036870241165161355e-01,1.860442309518401949e-01
8.986065626144409402e-01,9.313989793631627379e-03
8.807917475700378640e-01,-3.776474569781385071e-01
9.052165508270263450e-01,4.340454066362608998e-01
8.943946599960327370e-01,-2.269568767506142670e-01
8.869898974895477073e-01,-2.153432265497530196e-01
9.083711981773376909e-01,4.519483406167505990e-01
8.923954904079437478e-01,-3.937566895466204642e-02
8.935219526290893999e-01,4.476040590885586035e-01
9.085175037384033425e-01,7.196437173979832735e-01
8.999786555767059770e-01,4.070142383481725190e-01
8.958532691001892534e-01,1.094123781184339173e+00
9.083178877830505593e-01,9.446632692912411144e-01
9.055845141410827637e-01,5.017064679167626551e-01
8.991235733032226785e-01,1.032590778407785237e+00
8.994343340396880881e-01,1.428855541522881190e+00
8.913626492023468684e-01,1.085121381238246308e+00
8.798589468002320224e-01,1.100156714903101296e+00
8.762162089347840244e-01,9.608389768572456191e-01
8.728910565376282182e-01,1.173767569342084371e+00
8.699980258941650835e-01,1.608385597224604169e+00
8.390579521656036377e-01,-6.959688810974506978e-02
8.224897980690002441e-01,8.770325430800309796e-01
8.034100532531738281e-01,1.253716580727887386e+00
7.929502725601196289e-01,1.259949875706785960e+00
7.901612222194671631e-01,1.143646905324097851e+00
7.980037331581115723e-01,1.257080964616552166e+00
7.904253304004669189e-01,1.327831615253709074e+00
7.748213112354278564e-01,1.314987803091664631e+00
7.737238407135009766e-01,1.281347334768272006e+00
7.683370113372802734e-01,1.251716994077077150e+00
7.766692936420440674e-01,1.227082109009518085e+00
7.637502253055572510e-01,1.214373681138201100e+00
7.524974048137664795e-01,1.090870064122534622e+00
7.472309917211532593e-01,1.110360065262170348e+00
7.606812715530395508e-01,1.117592451365795991e+00
7.687065005302429199e-01,8.346676526522958106e-01
7.791564464569091797e-01,8.133873206639083975e-01
7.966171503067016602e-01,6.341295315717547787e-01
8.076320290565490723e-01,7.727981553108218549e-01
8.095089495182037354e-01,7.339894899969943154e-01
8.059333264827728271e-01,7.464108582311252960e-01
8.046747744083404541e-01,7.034965659928853476e-01
8.072052896022796631e-01,7.093134559697014119e-01
8.091719448566436768e-01,8.494239785810728804e-01
8.014365732669830322e-01,9.383231461825221054e-01
7.779780328273773193e-01,1.138602857413541614e+00
7.540791630744934082e-01,1.086127681623267893e+00
7.340800166130065918e-01,9.947300840093231677e-01
7.483065277338027954e-01,7.488455284220543184e-01
8.593276202678681308e-01,2.203386634480369644e+00
8.843924760818481223e-01,9.368840092995514013e-01
8.840393066406250222e-01,8.754184177880910411e-01
8.790718793869018999e-01,1.205134780003741746e+00
8.741318047046662265e-01,1.243261093512020743e+00
8.875187516212463823e-01,4.136373951435237117e-01
8.879561543464661311e-01,5.724838021796854193e-01
8.837252855300903320e-01,1.029655392320029783e+00
8.803971290588379350e-01,1.096931834882475698e+00
8.857297241687774880e-01,1.456909113998207772e+00
9.005675196647644487e-01,4.073988570662288033e-01
8.991201341152191828e-01,3.641657657201551324e-01
9.034116864204406738e-01,4.793495218487917597e-01
9.167012929916381614e-01,1.049746945373859930e+00
9.123717546463012695e-01,5.220362074405868746e-01
8.982393860816956233e-01,4.587078179703998337e-01
8.951045989990235041e-01,8.268583384715859630e-01
8.937326729297637717e-01,8.867000675083707151e-01
8.858825981616974543e-01,9.460931371252616628e-01
8.686984777450561523e-01,9.776285014426226994e-01
8.740659713745118076e-01,2.394762721994010413e-01
8.953919172286987083e-01,-7.600402925117704100e-01
9.005657076835632546e-01,-5.898349000539861997e-01
9.049225807189941184e-01,-1.836196724506753419e-01
9.162870287895202859e-01,-2.566627742347682428e-02
9.179976582527160645e-01,-8.216053156392426615e-01
6.424171745777129683e-01,-1.725692152816359126e+00
5.708383321762084961e-01,-2.190831005476595816e+00
4.944703876972198486e-01,-2.828461241495313860e+00
5.271906554698944092e-01,-2.689463800585405906e+00
5.847527384757995605e-01,-2.312340466193361976e+00
5.652804374694824219e-01,-2.286769594435343222e+00
6.327843785285949263e-01,-1.962744147394866134e+00
6.514752268791199619e-01,-1.855317087209464422e+00
6.818433046340942605e-01,-1.890091469187769269e+00
6.542692661285400835e-01,-1.657637297395607945e+00
6.748881578445434792e-01,-1.427377924042753987e+00
6.921321690082550271e-01,-1.573673383412995896e+00
6.617866396903991921e-01,-1.830726300344486468e+00
6.713438868522644265e-01,-1.842181814952651209e+00
6.858134746551514116e-01,-1.820275119959444687e+00
5.726329445838928001e-01,-1.803399084250532969e+00
8.148064017295837402e-01,4.467587967257102832e-03
8.170163631439208984e-01,2.555892966515453946e-01
8.212019503116607666e-01,8.546946968705029235e-01
8.191230595111846924e-01,1.218007710087236184e+00
7.891122996807098389e-01,1.337100102443403493e+00
7.816706001758575439e-01,1.227175080379291572e+00
7.860133051872253418e-01,1.210176768125642344e+00
7.758136093616485596e-01,1.291551153261126572e+00
7.710232734680175781e-01,1.309833088354248165e+00
7.623426914215087891e-01,1.265104309563931384e+00
7.556852102279663086e-01,1.344890316765670502e+00
7.377540618181228638e-01,1.419030630515901947e+00
7.540885508060455322e-01,1.144474097722838479e+00
6.424356102943420410e-01,2.330404531822774405e+00
7.624922990798950195e-01,1.437521259650539118e+00
7.777468562126159668e-01,1.505496813208049733e+00
8.125192523002624512e-01,7.525843257122541985e-01
8.047484159469604492e-01,1.520690469719114812e+00
7.807630598545074463e-01,1.173885913563024630e+00
8.238893151283264160e-01,3.154170753015264062e-01
8.012422621250152588e-01,9.628805082952252015e-02
7.754015028476715088e-01,3.505529501888904331e-01
7.645905613899230957e-01,5.161883270071796481e-01
7.482348829507827759e-01,4.703617276768023991e-01
7.305478602647781372e-01,6.602551886788106117e-01
7.136516124010086060e-01,7.399455561481995680e-01
6.991479694843292236e-01,7.264692016153690979e-01
7.026806324720382690e-01,7.540235562219819165e-01
7.004410982131958896e-01,-1.393975080428813129e+00
7.032617449760436568e-01,-1.484764197748539738e+00
7.056143283843994141e-01,-1.505683036827867971e+00
6.917995214462280273e-01,-1.506858239882649553e+00
6.672423601150512251e-01,-1.736368224671890337e+00
6.384490430355072021e-01,-1.902554875835825943e+00
6.751111030578613725e-01,-2.037034825716956821e+00
7.137246489524842197e-01,-1.682791155577623377e+00
7.765887975692749023e-01,-1.383583821168298034e+00
7.560429334640503818e-01,-1.611333435671050474e+00
6.946093499660492832e-01,-1.693949124351809887e+00
7.338411450386047585e-01,-1.647665954140565825e+00
6.491012930870055930e-01,-1.600611861211581832e+00
6.696789860725402832e-01,-1.479256322883443664e+00
6.866277933120727983e-01,-1.587208348295754190e+00
6.555366814136505127e-01,-1.556545210847286143e+00
0.000000000000000000e+00,-3.000000000000000000e+00
0.000000000000000000e+00,-3.000000000000000000e+00
0.000000000000000000e+00,-3.000000000000000000e+00
0.000000000000000000e+00,-3.000000000000000000e+00
0.000000000000000000e+00,-3.000000000000000000e+00
0.000000000000000000e+00,-3.000000000000000000e+00
0.000000000000000000e+00,-1.799999999999999822e+00
1.000000000000000000e+00,0.000000000000000000e+00
1.000000000000000000e+00,0.000000000000000000e+00
1.000000000000000000e+00,0.000000000000000000e+00
1.000000000000000000e+00,0.000000000000000000e+00
1.000000000000000000e+00,0.000000000000000000e+00
1.000000000000000000e+00,0.000000000000000000e+00
1.000000000000000000e+00,0.000000000000000000e+00
1.000000000000000000e+00,0.000000000000000000e+00
