0.000000000000000000e+00,1.500000000000000000e+00
0.000000000000000000e+00,1.500000000000000000e+00
0.000000000000000000e+00,1.500000000000000000e+00
0.000000000000000000e+00,1.500000000000000000e+00
3.992515767273844829e-01,1.575423807535654586e+00
4.034389076957120568e-01,1.220379823934139241e+00
4.059221787707593676e-01,9.448735880948770927e-01
4.070977904313976548e-01,7.316164010117256478e-01
4.072721223732916895e-01,5.663376292600721396e-01
4.066787611931879098e-01,4.380122615504928318e-01
4.936697483062744141e-01,-3.007852448716296756e+00
6.289812743663787398e-01,-2.553046244966647116e+00
6.865824460983276367e-01,-2.553701819519672789e+00
6.695770621299743652e-01,-1.819895837966541752e+00
7.210252285003662109e-01,-1.707898574888130794e+00
7.449303984642028365e-01,-1.971653669597942082e+00
7.451260209083556685e-01,-1.843659526059535869e+00
7.947519659996032937e-01,-1.716314684081431619e+00
7.365684866905213291e-01,-1.399144775447361155e+00
7.037617802619934304e-01,-1.394751620751977228e+00
7.157547235488892490e-01,-1.349153143015208611e+00
6.662526786327362949e-01,-1.278688334867396081e+00
6.894750118255614790e-01,-1.578997094446929150e+00
6.700813174247741699e-01,-1.271596108019108717e+00
7.502905607223511186e-01,-1.370004009068901851e+00
8.582454383373261386e-01,-3.141592653589793116e+00
8.989207863807678889e-01,-2.214023383097930342e+00
9.084872245788574441e-01,-1.993926351584547341e+00
8.996748030185699463e-01,-2.217121117982450595e+00
9.140492677688598633e-01,-1.171628946957020245e+00
8.996248424053192583e-01,-1.078714689505248625e+00
9.008261442184448686e-01,-8.063282376876252933e-01
8.927249431610108088e-01,-9.180006159189924020e-01
8.844993591308594194e-01,-9.656392206923838373e-01
8.995860517024993896e-01,-7.625236486163773364e-01
8.882898211479187678e-01,-8.630179283207870533e-01
9.066263079643249734e-01,-1.265830010558004481e-01
9.176427602767944780e-01,3.186230895306030320e-02
9.213546991348267046e-01,1.063112352199558686e+00
9.015584588050842285e-01,4.753112125627145801e-01
8.899880707263946311e-01,2.176031892119838496e-01
8.554235577583313432e-01,-8.939482765339423764e-02
8.799681782722473811e-01,3.698751253664727123e-01
8.768567621707916704e-01,2.925064674056034875e-01
8.853344202041626421e-01,7.764583061250807106e-01
9.106626033782959651e-01,-2.172292439442338186e-01
8.700066804885864258e-01,5.458297624690873207e-01
8.864372491836548518e-01,1.239778927162958233e+00
9.106691598892212580e-01,1.444196847429851438e+00
8.975744605064391868e-01,4.537392332260448136e-01
8.978045284748077393e-01,2.768913968609525433e-01
8.984527468681335893e-01,-1.317558793840891695e-01
8.987218201160430686e-01,-2.060723050643749055e-01
9.007094383239746538e-01,-2.349896780004581132e-01
9.018702864646911399e-01,-3.638700924213180699e-01
9.012311458587646262e-01,-4.826066094738505896e-01
8.993017494678497981e-01,-6.603262982008075710e-01
8.990151166915893999e-01,-1.097966223294618793e+00
8.943266689777374934e-01,-1.469462215079540890e+00
9.012850880622863547e-01,-6.497378609898967206e-01
8.999760389328003152e-01,-9.350946147183702983e-01
9.029136776924133745e-01,-7.025851095127788604e-01
8.923404216766357422e-01,-1.002539585443547487e+00
8.864751219749450462e-01,-9.690929245072963383e-01
8.904276967048645464e-01,-9.688009962787424989e-01
8.780238270759582742e-01,-8.811253431387244817e-01
8.877341151237487793e-01,-5.977886803208600774e-01
8.957324385643005149e-01,-2.696349486807587681e-01
8.846857905387878196e-01,-4.540227350464620670e-01
8.911200463771820068e-01,1.071247393868124398e-01
8.960553169250488059e-01,-1.892206123123023609e-01
8.846402525901794212e-01,-4.509296814997951763e-01
9.034597516059875710e-01,-9.305188878466985614e-03
8.894107222557068315e-01,-4.263013503052306419e-01
8.783119738101959895e-01,-3.994626786296846532e-01
9.018136024475097434e-01,1.912172965336429442e-01
8.863196671009063721e-01,-2.540987118655633203e-01
8.928353548049926536e-01,-5.561054863113756852e-02
8.957844495773316096e-01,-7.227049378472294450e-03
8.804687976837158869e-01,-3.010017848353885306e-01
8.986085712909698264e-01,4.197856770269998705e-01
8.946633398532867210e-01,9.539405573961001750e-02
8.781264185905457431e-01,-1.701085823909704864e-01
9.024119496345520686e-01,6.343729611401447421e-01
8.898419320583343950e-01,-1.241395299497067839e-01
8.891488313674926758e-01,1.614765698958593454e-01
9.049203634262085183e-01,5.682747176887072982e-01
8.884156227111816850e-01,2.179630904661733481e-02
8.973276197910309282e-01,9.503415448542105182e-01
9.025800585746764915e-01,5.149351796771348688e-01
8.861408710479736772e-01,3.632051551925852273e-01
8.990588068962097612e-01,1.174249559887496019e+00
8.963327705860137939e-01,9.283568587723616261e-01
8.870559155941010188e-01,6.463350901308322349e-01
9.041548967361450195e-01,6.612415933779542954e-01
9.011103749275207742e-01,2.682196866208421682e-01
8.983940720558166726e-01,-1.086738877093442746e-01
9.115368008613586870e-01,3.856508594262613165e-01
8.959285438060761164e-01,2.670272562427600249e-02
8.940507769584655762e-01,9.922563714606980056e-03
9.089324355125427690e-01,4.843094929314961661e-01
8.955384075641632524e-01,1.367984292665322954e-01
9.013023853302002397e-01,2.138907010405213249e-01
9.005378007888794611e-01,9.412972001209496398e-02
8.889642775058747004e-01,-3.130594131182902196e-01
9.050846457481384055e-01,2.728542110959604194e-01
8.979943513870239924e-01,-1.714613017771626780e-01
8.911351084709168147e-01,-4.261154075656836682e-01
9.083879947662353294e-01,2.188450545178013407e-01
8.965660750865936945e-01,-1.624193913395854949e-01
8.966090083122253418e-01,-6.210637303686894484e-02
9.236510634422302468e-01,5.182199808222875959e-01
9.201100111007690652e-01,4.580239681367377358e-01
9.275566577911377175e-01,1.118944608991445655e+00
8.980364084243774858e-01,7.472231639754913779e-01
8.929321169853210449e-01,6.464627970274796631e-01
8.547007381916046365e-01,2.150468042368598454e-01
8.730958223342896174e-01,8.404274771206754480e-02
8.643220424652100498e-01,3.882428225690728318e-01
8.780750572681427224e-01,6.397224195322732676e-01
9.126002311706543635e-01,-1.257349298902323831e-01
8.791179239749908891e-01,1.784612126429760970e-01
8.792175173759461115e-01,1.038888488595550719e+00
9.207078933715819868e-01,1.715784475756127136e+00
8.963267087936401811e-01,5.390339579336935749e-01
8.956483364105224387e-01,6.466283291339851580e-01
8.957138240337372270e-01,-1.645619460484462060e-01
8.963081002235412376e-01,-1.442252781445985121e-01
8.976943135261535867e-01,-3.112256394542565197e-01
8.979526102542877419e-01,-4.998359925639563883e-01
8.982945680618286133e-01,-5.539144329423493218e-01
8.990013897418975830e-01,-6.012674761066678641e-01
9.004861712455749512e-01,-6.781142585236112907e-01
8.960778534412384699e-01,-1.198935939671446071e+00
9.005385994911193626e-01,-9.363512730518053218e-01
9.011281251907349299e-01,-1.080847507031373667e+00
9.038874983787537065e-01,-7.433282908812506307e-01
8.979657053947448508e-01,-6.034165846885239937e-01
8.871782183647155540e-01,-7.957553425183885309e-01
8.920589745044708030e-01,-9.059253858057609854e-01
8.810174942016602007e-01,-8.929994629777628923e-01
8.839766204357147883e-01,-6.700271537546655942e-01
9.006683588027953880e-01,-3.173323510575922768e-01
8.919550359249115434e-01,-3.518019779416241555e-01
8.904924213886261652e-01,-6.685624567670123142e-02
9.028299450874328613e-01,-2.365421968862442270e-01
8.937924802303314209e-01,-8.784448090837218004e-01
9.080901861190796565e-01,-2.933736384296148358e-01
8.964574396610259788e-01,-4.375506051675635000e-01
8.832882821559906450e-01,-8.098912975547989390e-01
9.086380124092102717e-01,2.403230325903700226e-01
8.946351230144501399e-01,-1.328835200462776811e-01
8.985330522060394065e-01,-2.674167435521734859e-03
9.030923724174499956e-01,8.759944095976024414e-02
8.891043961048126221e-01,-3.593698287158426652e-01
9.040414333343506081e-01,4.419355207083248693e-01
8.999682128429412620e-01,2.977203542534905267e-01
8.882903337478638139e-01,-2.319228399457706757e-02
9.084049582481384943e-01,8.152021817230132861e-01
8.979856371879577637e-01,1.715807695191879922e-01
8.949303686618804710e-01,2.836276547788476599e-01
9.107451915740967241e-01,8.154680817131012560e-01
8.941643893718719260e-01,2.353851574223346788e-01
8.958553135395049827e-01,8.708366988039619727e-01
9.082381963729858620e-01,9.208232753912319879e-01
9.010141730308532937e-01,4.903068484825703344e-01
8.971378505229949951e-01,1.088144776477650844e+00
9.056817173957825151e-01,9.659839544119268595e-01
9.033120393753052424e-01,6.975485517427886251e-01
8.959490776062012385e-01,1.220662590410801052e+00
8.948077023029327171e-01,1.542092235611425721e+00
8.884063184261322688e-01,1.067012093885168156e+00
8.783854484558105691e-01,1.056029300773465351e+00
8.757755160331726074e-01,1.020709542935209768e+00
8.721778035163879617e-01,1.148712300135266595e+00
8.688579320907593440e-01,1.430802978070001785e+00
8.158986896276473333e-01,1.680173351449859576e+00
8.147336989641189575e-01,1.678743858122867527e+00
8.087266057729720625e-01,1.673477540291020027e+00
8.185055643320082730e-01,1.702266644569912835e+00
8.296911180019378440e-01,1.721627159904516313e+00
8.183232188224791592e-01,1.514452867909390932e+00
8.323661744594573753e-01,1.347866992253295537e+00
8.419836997985838956e-01,1.221145704477298199e+00
8.383549928665161577e-01,1.481322384531775560e+00
7.943358838558196577e-01,1.588466879164330603e+00
7.890134781599044134e-01,1.301662655771506971e+00
8.096711903810500655e-01,1.216487773312911358e+00
8.179886758327483687e-01,1.335472963032229954e+00
8.254936218261718084e-01,1.346969018026207499e+00
8.245187729597091009e-01,1.449569806138005124e+00
8.220610737800597700e-01,1.441307244826304235e+00
8.308791399002074529e-01,1.407070561313870094e+00
8.436535000801086426e-01,1.411579157800725293e+00
8.385598778724669966e-01,1.384300908500720961e+00
8.365622580051421675e-01,1.320289699091199864e+00
8.356102257966995239e-01,1.251497813838769124e+00
8.349482119083404541e-01,1.233462678877292440e+00
8.271489918231963445e-01,1.216388528950413939e+00
8.161181658506393433e-01,1.223280020031536353e+00
8.093718826770781583e-01,1.188443938020320445e+00
8.137787789106368797e-01,1.241693687971859639e+00
8.296150326728820579e-01,1.355651214463110099e+00
8.338477551937102383e-01,1.477808104205036832e+00
8.985926389694214311e-01,1.173364974286669415e+00
9.026430845260620117e-01,9.226261522254315395e-01
8.986401081085205744e-01,9.076410025023680106e-01
9.019954919815064143e-01,1.144342177622122314e+00
9.083568811416625755e-01,7.324896829754403704e-01
8.989767074584961160e-01,7.900618994207735390e-01
9.047301292419434038e-01,9.627882859395082704e-01
9.040715694427490234e-01,4.926568800851054419e-01
8.960702180862426536e-01,4.673533127185298675e-01
9.008296608924866167e-01,6.040483780452530205e-01
8.991376638412476030e-01,7.879901265402597943e-01
9.047183752059936301e-01,1.234656045522946499e+00
9.196151256561279075e-01,1.229232060232187784e+00
9.151743292808532937e-01,8.891242515025075122e-01
9.096616029739380549e-01,5.390717831435511975e-01
9.013153433799744318e-01,5.133914617065133967e-01
8.983403682708740456e-01,5.465971273700587219e-01
8.915682077407837136e-01,7.071202023718856644e-01
8.807400047779083696e-01,8.345761793106354354e-01
8.771426022052765115e-01,1.006431462481561567e+00
8.800542593002319558e-01,4.035698972089676317e-01
8.876035273075103538e-01,-1.655403456598598666e-01
9.056243419647217463e-01,-2.273549777216894441e-01
9.091695308685302512e-01,2.590910778062149866e-01
9.130632400512695979e-01,3.548188193080332731e-01
6.675980031490326150e-01,-1.734337741191245952e+00
6.399687290191650169e-01,-1.970901378604859921e+00
5.815007030963897927e-01,-2.507324179910542128e+00
6.050172567367553267e-01,-2.143253164468545080e+00
6.023984193801880105e-01,-2.094010077959191918e+00
6.024666905403137651e-01,-2.166098561328166028e+00
6.358368575572967973e-01,-1.908647543425600723e+00
6.918789505958558017e-01,-1.911936745028335771e+00
7.180311679840087891e-01,-1.939072213523803434e+00
6.895986795425415039e-01,-1.435291257550572297e+00
6.688601970672607422e-01,-1.480370481292613505e+00
6.359666943550109641e-01,-1.925226033300534212e+00
6.464905381202697976e-01,-1.859209713261535724e+00
7.203117966651917392e-01,-1.735405647982421806e+00
6.589778661727905273e-01,-1.601716563318287267e+00
8.645527184009551558e-01,6.842049599514876679e-01
8.492444843053816861e-01,7.244785095064808500e-01
8.380377948284148948e-01,1.196435637123808959e+00
8.501212894916534424e-01,1.483205967630572220e+00
8.315836220979690996e-01,1.440821321957094892e+00
8.166690826416015403e-01,1.473333681484513491e+00
8.473380327224731001e-01,1.091652971065179889e+00
8.416355490684508389e-01,1.380227301927227535e+00
8.199719995260238425e-01,1.498261056541169367e+00
7.909181147813796331e-01,1.324824417443278390e+00
8.025005549192427701e-01,1.332455747158792336e+00
8.240744292736053023e-01,1.599500605231881201e+00
8.229952424764632735e-01,1.461123535214339464e+00
8.058308035135268721e-01,1.534622786558891505e+00
7.952558100223541260e-01,1.474063127548870034e+00
8.226680487394332220e-01,1.342478116996439264e+00
8.269773662090300625e-01,1.505506644017542195e+00
8.101418197154998113e-01,1.314188698720045512e+00
8.087557524442672285e-01,1.438158389732421716e+00
8.259554803371429443e-01,1.446746210398194510e+00
8.370829015970229214e-01,1.447091693131794310e+00
8.211576521396636297e-01,1.239379515417283972e+00
8.303035199642181396e-01,1.127269338469842896e+00
8.290736466646193570e-01,1.093426261844144376e+00
7.852513581514357632e-01,1.251636100558966236e+00
7.944890290498732854e-01,1.553385963183368634e+00
7.973508208990096602e-01,1.897046626463701369e+00
6.852146625518799050e-01,-1.586007210629263309e+00
6.545099139213561568e-01,-1.712757990833738697e+00
6.272927343845366988e-01,-2.029566125678478716e+00
6.039273142814636230e-01,-2.200275604596344525e+00
5.844894170761107954e-01,-2.326572482282529997e+00
5.983812928199767622e-01,-2.363561230692370341e+00
6.485225796699524148e-01,-2.135509108137514822e+00
7.166669964790344238e-01,-1.717437924286037587e+00
7.562948465347290039e-01,-1.323618692065690938e+00
7.533654451370239702e-01,-1.560655050975766844e+00
6.166857242584228294e-01,-1.804546948292249153e+00
6.901315450668334961e-01,-1.725575493877046007e+00
6.617728531360627109e-01,-1.794753495875645921e+00
6.507015705108643022e-01,-1.771471517447792854e+00
7.239209771156311923e-01,-1.751612252378260903e+00
6.873499512672425205e-01,-1.682113016976143127e+00
7.418620228767395242e-01,-1.505236437196629362e+00
9.029724597930908203e-01,-1.194897255878340836e+00
8.857629835605621560e-01,-1.805065078765891728e+00
8.950155556201935259e-01,-1.155133972149396060e+00
9.106767177581787109e-01,-6.978496553935356062e-01
9.059183597564697266e-01,-8.522287553427116968e-01
8.920213818550110085e-01,-1.394643762727829195e+00
9.138287663459777610e-01,-8.350686560528401969e-01
9.036114573478698508e-01,-9.672752546454792544e-01
9.045015692710877131e-01,-9.632373198664305747e-01
9.121186375617981179e-01,-9.512677007351775238e-01
8.847124934196471946e-01,-1.570923284677487652e+00
9.085884094238281250e-01,-8.905837053917631252e-01
9.014238715171813965e-01,-1.022269739215075468e+00
8.965204954147338867e-01,-7.247349531941038592e-01
8.986426353454589622e-01,-1.034328116512034157e+00
8.707580804824829324e-01,-8.460156837433410182e-01
8.994216561317444070e-01,4.021905878237674870e-02
8.906801640987396240e-01,-3.112235796656008802e-01
8.954134941101073997e-01,3.320817486063458723e-01
8.992499589920044389e-01,7.343768238910057811e-01
8.942368865013122781e-01,5.404510925287508982e-02
9.134506106376648615e-01,6.819185009170056766e-01
9.009649991989135964e-01,2.474270564100482517e-01
8.945889294147492121e-01,3.183362171469301671e-01
9.129543423652649592e-01,1.009867938973172841e+00
8.989411652088165061e-01,4.074658938242929906e-01
9.049575328826904297e-01,5.662119329768726672e-01
9.070675134658813255e-01,5.450305644707116315e-01
8.946213185787200706e-01,3.404834392790574427e-01
9.123397946357727495e-01,9.773989286342787963e-01
9.032942414283752219e-01,4.264665079047076368e-01
8.937952816486358643e-01,3.635201156033787129e-01
9.064907550811768244e-01,3.751388216491222671e-01
8.964935421943664995e-01,-1.106454799597895722e-01
9.019834637641906960e-01,3.356245850939916231e-01
9.098181247711182307e-01,5.993273424465992427e-01
9.050611853599548340e-01,4.413947325594707038e-01
9.195819020271300825e-01,1.302897967204329710e+00
9.223112702369690163e-01,1.067323309225678862e+00
9.107080221176148127e-01,7.205856025741383952e-01
8.908704519271850586e-01,1.153217245178595363e+00
8.823970139026642290e-01,1.239432508161787183e+00
8.737205564975738525e-01,1.853839750609607151e-01
8.605650603771209939e-01,1.909023361228490145e-01
8.405331313610077126e-01,1.273320900137909106e+00
8.517866134643554688e-01,8.537363333851026859e-01
8.789435923099517822e-01,-2.416649661741472777e+00
8.997463047504424827e-01,-2.735184367613397782e+00
8.936204671859740989e-01,-6.798882983166323335e-01
9.022790908813477229e-01,1.890271794321893850e-01
7.208707690238953525e-01,-1.730011716880683448e+00
7.148132681846619541e-01,-1.778499797220999046e+00
6.968450605869294101e-01,-1.677059419136365470e+00
6.906184554100036621e-01,-1.744833956046439871e+00
6.041970372200011763e-01,-2.217276070265406851e+00
6.146322250366210715e-01,-2.389480674866972798e+00
6.303464114665985329e-01,-2.150112073438205762e+00
6.088849306106567383e-01,-2.311018643637004377e+00
7.160016655921936923e-01,-1.896339744447799625e+00
7.327508449554442915e-01,-1.587416667830241712e+00
7.689254760742187944e-01,-1.569842457393835877e+00
7.044744968414307085e-01,-1.533923113803284055e+00
6.854609429836273637e-01,-1.608385409971089919e+00
7.181066989898681197e-01,-1.411009907117720896e+00
6.257857084274291992e-01,-1.615017648561877017e+00
8.284873247146606889e-01,-3.141592653589793116e+00
8.000000000000000444e-01,-3.141592653589793116e+00
8.840800881385803001e-01,-3.141592653589793116e+00
8.975178718566895197e-01,-2.070313801131290266e+00
9.209138154983520508e-01,-8.726942536642918746e-01
9.125757932662964533e-01,-1.236138344340927508e+00
9.024847507476806419e-01,-1.045010180480018036e+00
9.097213268280029963e-01,-1.047109292373596734e+00
8.862956643104553667e-01,-1.296910723343018823e+00
9.044969797134400080e-01,-8.091063308234982543e-01
8.968362987041473833e-01,-8.097731405873727084e-01
8.891464710235595925e-01,-6.327577123271197479e-01
9.021633625030517356e-01,-7.346429111346077789e-01
8.976194977760315608e-01,-3.860667494811798051e-01
9.038252830505371094e-01,-9.555528101528976137e-02
8.945652842521667480e-01,-1.152901161246715489e-01
8.941577732563018577e-01,5.085663131539943649e-01
8.970004260540008767e-01,2.619245979822752979e-01
8.993661761283874290e-01,8.025048954357880682e-01
9.063828587532043457e-01,8.080955363541368897e-01
9.038780689239501731e-01,5.331759189971441160e-01
9.080891013145446777e-01,3.811316831158571006e-01
9.035610079765320490e-01,3.007886903362897435e-01
8.907285094261169212e-01,4.240524356003350093e-01
8.817020714282989280e-01,7.025980300052547811e-01
8.790164947509766513e-01,1.039051773659886102e+00
8.140687793493270874e-01,1.696398306690085178e+00
8.092500567436218262e-01,1.684172524751480049e+00
8.072893798351287176e-01,1.764315905284967068e+00
8.023219197988509244e-01,1.840940792287647287e+00
8.145779162645339078e-01,1.792811770560706952e+00
8.155535072088241355e-01,1.756141914885457345e+00
8.110788762569427490e-01,1.485877981650681301e+00
8.133739620447157925e-01,1.294958324577773601e+00
7.979824006557464378e-01,1.561174398597251267e+00
7.957201898097991943e-01,1.698835223923183646e+00
7.917110115289687222e-01,1.596963881875742564e+00
7.984161317348479336e-01,1.647450425345783565e+00
8.093013674020766990e-01,1.670946809047334058e+00
8.157496303319931030e-01,1.501947890981193856e+00
7.950195074081420898e-01,1.547172236196698192e+00
7.930037021636962002e-01,1.422786842382917527e+00
8.168088972568511297e-01,1.500907978590382941e+00
8.204836398363113403e-01,1.527506965767821745e+00
8.068128228187561035e-01,1.519709074051474706e+00
8.181822597980499268e-01,1.587441104413837900e+00
8.416205376386642900e-01,1.601083833693987213e+00
8.439846187829971313e-01,1.558930633363994511e+00
8.260567247867584006e-01,1.481745858354017287e+00
8.397745966911316362e-01,1.110911994995116059e+00
8.276075869798660278e-01,9.455276315125398234e-01
7.790426433086394820e-01,1.263932196192133262e+00
7.773066997528075284e-01,1.584073537215432648e+00
7.909299969673155850e-01,1.936559177737204429e+00
7.716734349727629727e-01,2.100378850855574964e+00
6.058426260948180930e-01,-2.215433963819993579e+00
5.588987469673156738e-01,-2.626163499142340818e+00
5.551931679248809370e-01,-2.726703000570416702e+00
5.724540233612060991e-01,-2.604789353143365904e+00
5.701205372810363992e-01,-2.525819115876004606e+00
6.333106994628906472e-01,-2.214907500564971432e+00
5.801876544952392356e-01,-2.420772047855400899e+00
6.775718688964844638e-01,-1.992926417819006701e+00
6.973927497863769975e-01,-1.719051862324463720e+00
7.511254072189330611e-01,-1.642937241147831795e+00
7.340708136558533603e-01,-1.485713198558232806e+00
7.464547514915467197e-01,-1.515706717440113760e+00
7.386798858642578125e-01,-1.572363638708300204e+00
5.996039152145385964e-01,-1.490889634703290056e+00
6.674995303153992143e-01,-1.439723548230412709e+00
7.112029433250427468e-01,-1.316720272604545050e+00
6.671344995498658115e-01,-1.429798362966607783e+00
7.176874160766602007e-01,-1.606002889883850759e+00
8.722751557826996516e-01,-2.735648756328480147e+00
9.067040562629700151e-01,-1.479118317043517816e+00
8.889481544494629572e-01,-1.788430600090228584e+00
9.111852884292602761e-01,-8.199183487302996731e-01
9.104448556900024414e-01,-1.045816868618959727e+00
8.912354826927185725e-01,-1.326846942649571259e+00
9.154283642768860085e-01,-8.702972214297064468e-01
9.041610360145568848e-01,-9.916721404965587183e-01
9.024359226226806863e-01,-8.555528797258347140e-01
9.094311833381653054e-01,-9.187934472978875888e-01
8.844738483428955522e-01,-1.155503423332806534e+00
9.043986916542053889e-01,-6.677756175005717942e-01
8.968433499336242454e-01,-7.437490495275369540e-01
8.991971254348755105e-01,-3.165591812976824571e-01
9.019484519958496094e-01,-5.454325977655836155e-01
8.772006928920745850e-01,-2.854473844293203832e-01
9.016611695289612483e-01,2.974709325726476727e-01
8.921977937221526878e-01,-3.353710438358392665e-02
8.929905414581299494e-01,2.955373527855740257e-01
9.000830054283142090e-01,9.315315548511966526e-01
8.940711259841919167e-01,1.910884661159117925e-02
9.097732186317444292e-01,5.132390373459987387e-01
9.051342368125915305e-01,4.245786179750856704e-01
8.920324802398681419e-01,2.851417866942336232e-01
9.104511618614197221e-01,1.058290574210294821e+00
0.000000000000000000e+00,3.000000000000000000e+00
0.000000000000000000e+00,3.000000000000000000e+00
0.000000000000000000e+00,3.000000000000000000e+00
0.000000000000000000e+00,3.000000000000000000e+00
0.000000000000000000e+00,3.000000000000000000e+00
0.000000000000000000e+00,3.000000000000000000e+00
0.000000000000000000e+00,2.100000000000000089e+00
1.000000000000000000e+00,0.000000000000000000e+00
1.000000000000000000e+00,0.000000000000000000e+00
1.000000000000000000e+00,0.000000000000000000e+00
1.000000000000000000e+00,0.000000000000000000e+00
1.000000000000000000e+00,0.000000000000000000e+00
1.000000000000000000e+00,0.000000000000000000e+00
1.000000000000000000e+00,0.000000000000000000e+00
1.000000000000000000e+00,0.000000000000000000e+00
1.000000000000000000e+00,0.000000000000000000e+00
1.000000000000000000e+00,0.000000000000000000e+00
1.000000000000000000e+00,0.000000000000000000e+00
1.000000000000000000e+00,0.000000000000000000e+00
1.000000000000000000e+00,0.000000000000000000e+00
1.000000000000000000e+00,0.000000000000000000e+00
1.000000000000000000e+00,0.000000000000000000e+00
1.000000000000000000e+00,0.000000000000000000e+00
1.000000000000000000e+00,0.000000000000000000e+00
1.000000000000000000e+00,0.000000000000000000e+00
1.000000000000000000e+00,0.000000000000000000e+00
