0.000000000000000000e+00,-1.500000000000000000e+00
0.000000000000000000e+00,-1.500000000000000000e+00
0.000000000000000000e+00,-1.500000000000000000e+00
0.000000000000000000e+00,-1.500000000000000000e+00
0.000000000000000000e+00,-1.500000000000000000e+00
0.000000000000000000e+00,-1.500000000000000000e+00
0.000000000000000000e+00,-1.500000000000000000e+00
0.000000000000000000e+00,-1.500000000000000000e+00
0.000000000000000000e+00,-1.500000000000000000e+00
0.000000000000000000e+00,-1.500000000000000000e+00
0.000000000000000000e+00,-1.500000000000000000e+00
0.000000000000000000e+00,-1.500000000000000000e+00
0.000000000000000000e+00,-1.500000000000000000e+00
0.000000000000000000e+00,-1.500000000000000000e+00
0.000000000000000000e+00,-1.500000000000000000e+00
0.000000000000000000e+00,-1.500000000000000000e+00
0.000000000000000000e+00,-1.500000000000000000e+00
0.000000000000000000e+00,-1.500000000000000000e+00
0.000000000000000000e+00,-1.500000000000000000e+00
0.000000000000000000e+00,-1.500000000000000000e+00
0.000000000000000000e+00,-1.500000000000000000e+00
0.000000000000000000e+00,-1.500000000000000000e+00
0.000000000000000000e+00,-1.500000000000000000e+00
0.000000000000000000e+00,-1.500000000000000000e+00
0.000000000000000000e+00,-1.500000000000000000e+00
0.000000000000000000e+00,-1.500000000000000000e+00
0.000000000000000000e+00,-1.500000000000000000e+00
0.000000000000000000e+00,-1.500000000000000000e+00
0.000000000000000000e+00,-1.500000000000000000e+00
0.000000000000000000e+00,-1.500000000000000000e+00
3.539839746085465810e-01,1.451771374216403732e-01
3.450196678589617649e-01,2.377017630989732844e-01
3.359266705291413246e-01,3.324544403219824584e-01
3.274682864424881545e-01,4.157617780760509141e-01
3.498071111370001374e-01,5.776050907813549129e-01
3.399659735740963029e-01,6.647506663565009299e-01
3.305432151997790835e-01,7.505749833546737637e-01
3.216463137397383987e-01,8.352178010898095861e-01
3.133951372441355354e-01,9.180044569280386701e-01
3.325337540105063328e-01,1.110686144044533252e+00
3.253172143206831124e-01,1.189011171116423071e+00
3.193860543114486195e-01,1.259112937013673772e+00
3.147969559244919169e-01,1.318191276338558815e+00
3.115435930483365090e-01,1.363462786693192319e+00
3.095521863475013125e-01,1.392750139250337638e+00
3.086878395350983739e-01,1.404720073125838020e+00
3.087701184194588944e-01,1.399004358355956601e+00
3.095950693389714625e-01,1.376185608273209127e+00
3.109589672796229110e-01,1.337662309413301331e+00
3.126786110921401241e-01,1.285433519481685272e+00
3.146043063764430436e-01,1.221855230051862584e+00
3.166242622313057420e-01,1.149415255938498470e+00
3.186617663252593324e-01,1.070556348145862202e+00
3.206680678539265972e-01,9.875570487925808827e-01
3.226140320576697529e-01,9.024640890931149295e-01
3.244827475472193412e-01,8.170627376415250387e-01
3.262640942758636142e-01,7.328711486530489205e-01
3.279513528031958725e-01,6.511481119466263623e-01
3.295394383896732005e-01,5.729076616129593624e-01
3.310242068019215167e-01,4.989371606471692533e-01
3.324023512437880301e-01,4.298171722710818488e-01
3.336715492947909811e-01,3.659424044111296848e-01
3.348306566270251583e-01,3.075432545109644256e-01
3.358798468076035770e-01,2.547075187420441700e-01
3.368206614001332255e-01,2.074018198205451746e-01
3.376559701863666163e-01,1.654923184798672842e-01
3.383898575236144457e-01,1.287643271780352094e-01
3.390274559837503920e-01,9.694052125249624785e-02
3.395747485969395907e-01,6.969749654268013461e-02
3.400383570252405452e-01,4.668056040005237606e-02
3.404253302444608109e-01,2.751667593870790046e-02
3.407429445060387030e-01,1.182555483274422801e-02
3.409666730777058397e-01,-7.710370299681958096e-04
3.407728335240689521e-01,-1.064075500931741837e-02
3.406262452122350570e-01,-1.812627850689596878e-02
3.405200945920149325e-01,-2.356650464401833719e-02
3.404481058292498918e-01,-2.727547198287036401e-02
3.404045715197809852e-01,-2.954013571368713578e-02
3.403843615645709142e-01,-3.061938209680897457e-02
3.403829158660631182e-01,-3.074397194558630558e-02
3.403962251610581635e-01,-3.011719088995568061e-02
3.404208033843342807e-01,-2.891602231014895122e-02
9.210532009601593018e-01,-1.570796326794896558e+00
8.815554827451705933e-01,-1.342803001843482891e+00
8.149564564228057861e-01,3.744728545260611607e-01
8.304876983165740967e-01,9.481460910276031662e-01
7.944781482219696045e-01,1.082899243785873544e+00
7.424114197492599487e-01,1.279688175006179485e+00
6.652155667543411255e-01,1.563825252970262092e+00
6.372736543416976929e-01,1.578657135691996949e+00
6.329422891139984131e-01,1.469300896177104132e+00
6.457731276750564575e-01,1.423997717232143856e+00
6.572919636964797974e-01,1.328665548778959149e+00
6.484181433916091919e-01,1.185576431331442748e+00
6.349158138036727905e-01,1.123990342183629032e+00
6.342545151710510254e-01,9.236727121159948872e-01
6.233522966504096985e-01,1.025293508961508504e+00
6.204156130552291870e-01,1.105707002689151341e+00
6.653042584657669067e-01,1.131709212917006546e+00
7.599472105503082275e-01,6.630222806707273264e-01
7.474399805068969727e-01,5.385274371779282809e-01
6.832021027803421021e-01,9.580454353064560280e-01
6.450801342725753784e-01,1.244259061115662757e+00
6.332707703113555908e-01,9.304784410876383305e-01
6.289510279893875122e-01,8.710233905575655022e-01
6.370947957038879395e-01,8.867403270139120330e-01
6.148304939270019531e-01,8.278108034712907681e-01
5.843728482723236084e-01,1.069488896116779664e+00
5.688165947794914246e-01,1.265701741900814969e+00
5.839687064290046692e-01,8.600550159664517302e-01
6.010086238384246826e-01,6.896494495020455417e-01
5.773912817239761353e-01,6.017016233792160662e-01
5.559124201536178589e-01,5.524411222930472043e-01
5.576994195580482483e-01,5.978228072738129839e-01
5.673896372318267822e-01,9.464321596126232805e-01
6.524728834629058838e-01,-1.691638322360488722e+00
6.545756459236145020e-01,-1.781995258569566198e+00
6.409704536199569702e-01,-1.967090301458199297e+00
6.438027322292327881e-01,-2.056296939329876672e+00
6.283253580331802368e-01,-1.845595259262022170e+00
6.148965209722518921e-01,-1.698686638259708781e+00
6.071024239063262939e-01,-1.671632531416137546e+00
5.808724984526634216e-01,-1.786468745022518734e+00
6.310115009546279907e-01,-1.768612530793808757e+00
6.176049485802650452e-01,-1.575071137269340005e+00
5.889049768447875977e-01,-1.489462201164953647e+00
5.849102064967155457e-01,-1.515609720119786230e+00
5.877675637602806091e-01,-1.608850266819957797e+00
5.443781390786170959e-01,-1.641563362114541347e+00
5.565018579363822937e-01,-1.548789170291350770e+00
5.360524505376815796e-01,-1.496809654553022062e+00
5.241219848394393921e-01,-1.510288724261807713e+00
6.524303257465362549e-01,5.741695987541648449e-01
6.427049040794372559e-01,6.074269463876142972e-01
6.453888118267059326e-01,6.937619579931024738e-01
6.753239631652832031e-01,7.064792335929630518e-01
7.122899889945983887e-01,6.292708646402034312e-01
7.388869971036911011e-01,7.192067613227228762e-01
7.451053410768508911e-01,1.086037519056206602e+00
7.415197640657424927e-01,1.333780097637591311e+00
6.955099105834960938e-01,1.419969894142859346e+00
6.879497468471527100e-01,1.403977133260175147e+00
6.829584687948226929e-01,1.258446604495220278e+00
6.807544082403182983e-01,1.194281472697070967e+00
6.750671416521072388e-01,1.063349415148468147e+00
6.720455437898635864e-01,1.004150527425747175e+00
6.647663414478302002e-01,9.122950949697150591e-01
6.559780836105346680e-01,8.871622091812834121e-01
6.532685607671737671e-01,7.086688357472530342e-01
6.574794054031372070e-01,6.052929585270256929e-01
6.582478135824203491e-01,6.300373869003608185e-01
6.705076992511749268e-01,5.713341124162063522e-01
6.826585084199905396e-01,5.245200784923578219e-01
6.958181858062744141e-01,5.784847623609072897e-01
7.160014063119888306e-01,4.787902424154153458e-01
7.285971045494079590e-01,4.758990013436195099e-01
7.277678996324539185e-01,7.587541417498573360e-01
7.296474575996398926e-01,8.326756497688085901e-01
7.204227596521377563e-01,7.516387422791943607e-01
7.169886827468872070e-01,9.676234525550340138e-01
6.809575408697128296e-01,1.089829964478209678e+00
6.221399381756782532e-01,1.117971639731941913e+00
5.860683619976043701e-01,9.647084771003200387e-01
6.095224693417549133e-01,7.437099135430806918e-01
6.379458606243133545e-01,7.149424370450714328e-01
8.625042080879211648e-01,2.532546104744949567e+00
8.910990417003631370e-01,1.518476196914337883e-01
8.867861270904541238e-01,3.977822655937366392e-01
8.887686371803283913e-01,1.090627758075229714e+00
8.777545988559722900e-01,1.730410473239057723e+00
8.928375720977783647e-01,2.033322243918735950e-01
8.933657169342040794e-01,2.419229266152349567e-01
8.984227776527404785e-01,1.649467520200165183e-01
8.749951362609863503e-01,6.045382332382596147e-01
8.883873760700226052e-01,7.768425503361084949e-01
8.990232765674591731e-01,7.705946495831064169e-01
8.946861088275909202e-01,8.656748684330075605e-01
9.068252205848693626e-01,1.365956711614146002e+00
9.173476934432983620e-01,1.071664220190616135e+00
9.100499272346497248e-01,8.762082531107591166e-01
8.929325282573700173e-01,1.239245254647641126e+00
8.854623019695282427e-01,1.497427029389162279e+00
8.812994897365570290e-01,1.030979274665043022e+00
8.597607612609863281e-01,-2.107607585515673954e-01
8.488712668418885166e-01,1.618975157956599631e+00
8.646167397499084917e-01,1.095137571709926760e+00
8.994519770145416038e-01,-2.353026160732991201e+00
8.990228235721587913e-01,-2.311948731841768634e+00
9.039355278015136497e-01,-9.560157008398681988e-01
9.101131200790405495e-01,-1.038227109183598174e-02
6.326136738061904907e-01,-1.689858103201500983e+00
6.216620579361915588e-01,-1.859603413775027914e+00
6.134208813309669495e-01,-2.100768338164999527e+00
5.988145545125007629e-01,-2.202791355558898712e+00
5.985641032457351685e-01,-2.107267158626957126e+00
5.628581568598747253e-01,-2.010406346111039966e+00
5.771809741854667664e-01,-1.858424091142935275e+00
5.725866854190826416e-01,-1.971299573202691668e+00
5.711759328842163086e-01,-2.021322851478735139e+00
6.155883967876434326e-01,-1.791859024680731105e+00
6.297841668128967285e-01,-1.555131072308454154e+00
5.751705244183540344e-01,-1.577694746256042446e+00
5.979703962802886963e-01,-1.594262188173641404e+00
6.153775081038475037e-01,-1.520228702553230393e+00
5.708478093147277832e-01,-1.548940283877266566e+00
5.251364409923553467e-01,-1.689257768435148188e+00
5.812845751643180847e-01,-1.717464514285046429e+00
6.455273926258087158e-01,-9.189780792628354789e-01
8.953685939311981645e-01,-1.915328187049794684e+00
9.025164008140563743e-01,-1.517854140740342528e+00
8.955590188503265159e-01,-1.303536314434053711e+00
8.994029581546784113e-01,-1.505877780482580031e+00
9.013062000274658647e-01,-1.523731841295877354e+00
8.969152510166168435e-01,-1.097304469375626201e+00
9.019447326660156028e-01,-1.019159458345107350e+00
8.910518884658813477e-01,-9.460137416352631945e-01
8.940742671489715354e-01,-7.720761993870310924e-01
8.966202735900878906e-01,-1.552045696155867072e+00
8.910257875919341819e-01,-1.316914829005742860e+00
9.117381691932678889e-01,5.536599554166254933e-02
9.108970522880553977e-01,4.758800887386911427e-01
9.082979679107666682e-01,5.005559823258485252e-01
9.011968612670898660e-01,9.522777461904841090e-02
8.733252286911010742e-01,5.556321094276124306e-01
8.789273083209991899e-01,1.136718712554203314e-01
8.845925450325012873e-01,4.908637404336411159e-01
8.891509771347045898e-01,3.286632484520928266e-01
8.982260525226593018e-01,4.722642233805278700e-01
8.913673996925354226e-01,-1.450535004376671822e-01
8.638986349105834961e-01,1.142682362472730695e+00
9.081202149391174316e-01,1.279663176662040769e+00
9.018987536430359553e-01,8.676608792040418905e-01
8.950330138206482600e-01,3.222374568606518608e-01
8.000000000000000444e-01,-3.141592653589793116e+00
8.000000000000000444e-01,-3.141592653589793116e+00
8.000000000000000444e-01,-3.141592653589793116e+00
8.000000000000000444e-01,-3.141592653589793116e+00
8.000000000000000444e-01,-3.141592653589793116e+00
8.000000000000000444e-01,-3.141592653589793116e+00
8.000000000000000444e-01,-3.141592653589793116e+00
8.000000000000000444e-01,-3.141592653589793116e+00
8.000000000000000444e-01,-3.141592653589793116e+00
8.000000000000000444e-01,-3.141592653589793116e+00
8.000000000000000444e-01,-3.141592653589793116e+00
8.000000000000000444e-01,-3.141592653589793116e+00
8.000000000000000444e-01,-3.141592653589793116e+00
8.000000000000000444e-01,-3.141592653589793116e+00
8.000000000000000444e-01,-3.141592653589793116e+00
8.000000000000000444e-01,-3.141592653589793116e+00
8.915919661521911621e-01,-1.257927163246978841e+00
8.862216830253600852e-01,-1.254278715777354281e+00
9.009464383125305176e-01,-7.614175421083158035e-01
8.974827051162720393e-01,-1.348583330571661909e+00
8.905469596385956477e-01,-7.574050738071909095e-01
8.991725742816925049e-01,-1.872928373841671323e-01
8.843572258949280451e-01,-7.599981604710874805e-01
9.055797457695007324e-01,4.354513060204703301e-01
8.988846480846405251e-01,-6.255334717513605369e-02
8.992983400821685791e-01,1.478149280107809993e-01
9.124029994010925959e-01,6.530728460768404631e-01
8.977236628532410112e-01,2.446455927109205675e-01
8.994238376617431641e-01,6.928462414955491866e-01
9.088491201400756836e-01,9.307559507956026934e-01
8.990204572677612527e-01,5.995775131414986525e-01
8.946805179119110552e-01,1.226388428366363748e+00
8.997769176959992121e-01,1.056815016518822148e+00
8.953856706619263139e-01,9.767907292203323877e-01
8.932540833950043391e-01,1.303976921952839874e+00
8.769276797771454746e-01,1.904058147047391181e+00
8.890922367572784424e-01,1.396785381169118878e+00
8.806814491748810036e-01,1.075412661036794226e+00
8.825417876243591975e-01,5.298682729232657707e-01
8.790396630764008012e-01,9.709843722536870558e-01
8.748405218124389870e-01,1.360124139155519885e+00
7.309018373489379883e-01,3.711886619548296906e-01
7.326418757438659668e-01,6.789854086847979531e-01
7.146710306406021118e-01,1.056201293126208363e+00
7.043394744396209717e-01,1.025414287478132458e+00
6.765701621770858765e-01,8.184515919539925299e-01
6.623341143131256104e-01,1.006316676077390504e+00
6.776526570320129395e-01,1.251310560324622845e+00
6.981598883867263794e-01,1.156651381001279955e+00
6.941566020250320435e-01,1.059777741619643443e+00
6.919151693582534790e-01,1.064705785978186103e+00
6.505481302738189697e-01,1.324633231605334860e+00
6.495107859373092651e-01,1.140403299952057026e+00
6.186464503407478333e-01,8.002657179136281052e-01
6.295808553695678711e-01,6.313439014819373085e-01
6.762380152940750122e-01,7.145631082387899902e-01
6.795421391725540161e-01,9.741350998827109642e-01
6.676676869392395020e-01,1.096291334237338155e+00
6.580968946218490601e-01,9.206535300806586442e-01
6.611271649599075317e-01,6.902508141627259342e-01
6.793398559093475342e-01,6.372383144136097854e-01
6.818662285804748535e-01,6.935505955890102214e-01
6.902308762073516846e-01,1.092317721040398926e+00
6.847966313362121582e-01,6.750726060665774853e-01
6.926460713148117065e-01,1.032840480968899577e+00
6.432628035545349121e-01,8.771536024769264195e-01
6.203703731298446655e-01,8.015310835354707564e-01
5.785338357090950012e-01,7.874876317350487653e-01
5.760187059640884399e-01,9.642006455699556611e-01
5.653246939182281494e-01,8.908187085520165027e-01
5.847862437367439270e-01,5.535814961941976087e-01
5.715447589755058289e-01,3.819425844588670849e-01
5.692609250545501709e-01,4.259959866370368609e-01
5.557970404624938965e-01,4.406287252464773374e-01
5.406631678342819214e-01,4.395376458329258718e-01
5.433461815118789673e-01,6.826414867351240368e-01
6.393825411796569824e-01,-1.611648957842386931e+00
6.433173865079879761e-01,-1.683696245438249139e+00
6.425033360719680786e-01,-1.763942240897488523e+00
6.310089975595474243e-01,-2.070848597167691985e+00
6.350423693656921387e-01,-2.013738709648785985e+00
6.317960470914840698e-01,-1.838445264704620996e+00
6.322736144065856934e-01,-1.613360548588440135e+00
6.006123051047325134e-01,-1.798073313427943853e+00
6.180220544338226318e-01,-1.732351824046968414e+00
6.562222093343734741e-01,-1.463261314958589576e+00
6.091347783803939819e-01,-1.656699063662978366e+00
6.158977001905441284e-01,-1.353681494747806191e+00
5.571382567286491394e-01,-1.505988634562954509e+00
5.464907139539718628e-01,-1.451811137075577962e+00
5.318207070231437683e-01,-1.844236454136620296e+00
6.201435923576354980e-01,-1.566544735756207229e+00
8.814147353172302468e-01,-2.794884532993488158e+00
8.942574143409729448e-01,-3.141592653589793116e+00
9.126396417617798074e-01,-1.432083792106761955e+00
9.042419195175170898e-01,-1.567141887212819329e+00
9.045320391654968484e-01,-1.593528154398188290e+00
8.926884531974792480e-01,-1.731295807853941104e+00
9.093184113502502663e-01,-5.860907660386329709e-01
8.903800785541534646e-01,-1.366358744909017764e+00
9.014742016792297585e-01,-3.295513918696881817e-01
8.974512457847595437e-01,-5.219380865991740670e-01
8.889330983161926047e-01,-7.483339518214067176e-01
9.152541399002075417e-01,-1.344251782282430696e-01
9.246016860008239302e-01,4.315511898278336922e-01
9.271152019500732422e-01,6.846595178570775708e-01
8.953453123569489192e-01,1.854270433692142284e-01
8.891541540622711626e-01,2.015746629080972241e-02
8.520315110683441828e-01,1.288128159022532415e-01
8.745441377162933572e-01,4.626959433146859979e-02
8.723147869110108310e-01,1.363156897070632034e-01
8.823715209960937278e-01,4.524119803177764076e-01
9.109948754310608354e-01,-9.497797843117705696e-02
8.803997397422791416e-01,2.901946355199549465e-01
8.815687060356139915e-01,1.192623623709577529e+00
9.167287468910217951e-01,1.864435677961084892e+00
8.998128950595856157e-01,1.305557716119261080e-01
8.963622629642487016e-01,1.543291032608991031e-01
6.050214990973472595e-01,1.142368900090049877e+00
6.314373463392257690e-01,9.802773896537342324e-01
6.785078346729278564e-01,5.038981298597082770e-01
6.791876852512359619e-01,9.140373952920879397e-01
6.969227641820907593e-01,9.406906859886294825e-01
7.630778402090072632e-01,1.089920127045270970e+00
8.006956875324249268e-01,1.538491537787908925e+00
7.247440665960311890e-01,1.697520610627120341e+00
6.783291548490524292e-01,1.616331044710098475e+00
6.910564154386520386e-01,1.400297882587473453e+00
6.987358927726745605e-01,1.180875057351774338e+00
6.764101684093475342e-01,9.869019508504415228e-01
6.570620536804199219e-01,8.945414956667567807e-01
6.535646766424179077e-01,9.680453347224053928e-01
6.547283977270126343e-01,9.623931810246593166e-01
6.573230326175689697e-01,8.656310511106974914e-01
6.506899744272232056e-01,7.653204202902861297e-01
6.601182520389556885e-01,7.601018052911672207e-01
6.715155392885208130e-01,7.354608812977767585e-01
7.081955969333648682e-01,7.585792937810231784e-01
7.104530781507492065e-01,7.518920962838340216e-01
6.957266330718994141e-01,6.489077661616868831e-01
7.189319431781768799e-01,3.367021822545246401e-01
7.298156321048736572e-01,8.398760155215154732e-01
6.795188933610916138e-01,3.950414359071789949e-01
6.848999410867691040e-01,6.015787382605575218e-01
7.125838249921798706e-01,7.742649120871289981e-01
6.994344294071197510e-01,9.586658998255792596e-01
6.987652182579040527e-01,1.043595667434157548e+00
6.702683568000793457e-01,1.208272119006504219e+00
6.198429837822914124e-01,8.750599209352576402e-01
6.101135164499282837e-01,7.582048803794880776e-01
6.299685686826705933e-01,7.162214253600684977e-01
6.417911648750305176e-01,7.720386550574449558e-01
8.648169875144958718e-01,1.981278500225056582e+00
8.875605463981628418e-01,4.507806277025347974e-01
8.882969439029694270e-01,5.924641266461128097e-01
8.900163888931275080e-01,1.091091772283284023e+00
8.774036467075347900e-01,1.583043830141142472e+00
8.989856600761413352e-01,2.095550331739799432e-01
8.980538189411163552e-01,3.775577625448627295e-01
8.972316563129425493e-01,4.300902379104649675e-01
8.857137382030487727e-01,8.694296758986670426e-01
8.896429598331451194e-01,5.864383085608881885e-01
8.946204960346222368e-01,5.889291548060611170e-01
8.973523974418640137e-01,7.386173669723605784e-01
9.084579586982727273e-01,1.120662847237251292e+00
9.135436415672302246e-01,7.701257667836847176e-01
9.065009593963623269e-01,3.203420767904638922e-01
8.987180590629577637e-01,2.657370795302917976e-01
8.969035327434540239e-01,5.100531060563153751e-01
8.961545228958129883e-01,1.060403917370948079e+00
8.880433976650238259e-01,1.053160576936745585e+00
8.746788084506988969e-01,1.185885118749512301e+00
8.880763292312622292e-01,4.560450729992409080e-01
8.962148249149323176e-01,-5.393717632732135669e-01
9.019527435302734375e-01,-3.972545851908728665e-01
9.056442260742187944e-01,-1.967023264700129559e-02
9.153789043426513450e-01,3.749635523598811027e-01
0.000000000000000000e+00,3.000000000000000000e+00
0.000000000000000000e+00,5.999999999999999778e-01
1.000000000000000000e+00,0.000000000000000000e+00
1.000000000000000000e+00,0.000000000000000000e+00
1.000000000000000000e+00,0.000000000000000000e+00
1.000000000000000000e+00,0.000000000000000000e+00
1.000000000000000000e+00,0.000000000000000000e+00
1.000000000000000000e+00,0.000000000000000000e+00
1.000000000000000000e+00,0.000000000000000000e+00
1.000000000000000000e+00,0.000000000000000000e+00
1.000000000000000000e+00,0.000000000000000000e+00
1.000000000000000000e+00,0.000000000000000000e+00
1.000000000000000000e+00,0.000000000000000000e+00
1.000000000000000000e+00,0.000000000000000000e+00
1.000000000000000000e+00,0.000000000000000000e+00
1.000000000000000000e+00,0.000000000000000000e+00
1.000000000000000000e+00,0.000000000000000000e+00
1.000000000000000000e+00,0.000000000000000000e+00
1.000000000000000000e+00,0.000000000000000000e+00
1.000000000000000000e+00,0.000000000000000000e+00
1.000000000000000000e+00,0.000000000000000000e+00
1.000000000000000000e+00,0.000000000000000000e+00
