0.000000000000000000e+00,-1.500000000000000000e+00
0.000000000000000000e+00,-1.500000000000000000e+00
0.000000000000000000e+00,-1.500000000000000000e+00
0.000000000000000000e+00,-1.500000000000000000e+00
0.000000000000000000e+00,-1.500000000000000000e+00
0.000000000000000000e+00,-1.500000000000000000e+00
0.000000000000000000e+00,-1.500000000000000000e+00
0.000000000000000000e+00,-1.500000000000000000e+00
0.000000000000000000e+00,-1.500000000000000000e+00
0.000000000000000000e+00,-1.500000000000000000e+00
0.000000000000000000e+00,-1.500000000000000000e+00
0.000000000000000000e+00,-1.500000000000000000e+00
0.000000000000000000e+00,-1.500000000000000000e+00
0.000000000000000000e+00,-1.500000000000000000e+00
0.000000000000000000e+00,-1.500000000000000000e+00
0.000000000000000000e+00,-1.500000000000000000e+00
0.000000000000000000e+00,-1.500000000000000000e+00
0.000000000000000000e+00,-1.500000000000000000e+00
0.000000000000000000e+00,-1.500000000000000000e+00
0.000000000000000000e+00,-1.500000000000000000e+00
0.000000000000000000e+00,-1.500000000000000000e+00
0.000000000000000000e+00,-1.500000000000000000e+00
0.000000000000000000e+00,-1.500000000000000000e+00
0.000000000000000000e+00,-1.500000000000000000e+00
0.000000000000000000e+00,-1.500000000000000000e+00
0.000000000000000000e+00,-1.500000000000000000e+00
0.000000000000000000e+00,-1.500000000000000000e+00
0.000000000000000000e+00,-1.500000000000000000e+00
0.000000000000000000e+00,-1.500000000000000000e+00
0.000000000000000000e+00,-1.500000000000000000e+00
3.539839746085465810e-01,1.451771374216403732e-01
3.450196678589617649e-01,2.377017630989732844e-01
3.359266705291413246e-01,3.324544403219824584e-01
3.274682864424881545e-01,4.157617780760509141e-01
3.498071111370001374e-01,5.776050907813549129e-01
3.399659735740963029e-01,6.647506663565009299e-01
3.305432151997790835e-01,7.505749833546737637e-01
3.216463137397383987e-01,8.352178010898095861e-01
3.133951372441355354e-01,9.180044569280386701e-01
3.325337540105063328e-01,1.110686144044533252e+00
3.253172143206831124e-01,1.189011171116423071e+00
3.193860543114486195e-01,1.259112937013673772e+00
3.147969559244919169e-01,1.318191276338558815e+00
3.115435930483365090e-01,1.363462786693192319e+00
3.095521863475013125e-01,1.392750139250337638e+00
3.086878395350983739e-01,1.404720073125838020e+00
3.087701184194588944e-01,1.399004358355956601e+00
3.095950693389714625e-01,1.376185608273209127e+00
3.109589672796229110e-01,1.337662309413301331e+00
3.126786110921401241e-01,1.285433519481685272e+00
3.146043063764430436e-01,1.221855230051862584e+00
3.166242622313057420e-01,1.149415255938498470e+00
3.186617663252593324e-01,1.070556348145862202e+00
3.206680678539265972e-01,9.875570487925808827e-01
3.226140320576697529e-01,9.024640890931149295e-01
3.244827475472193412e-01,8.170627376415250387e-01
3.262640942758636142e-01,7.328711486530489205e-01
3.279513528031958725e-01,6.511481119466263623e-01
3.295394383896732005e-01,5.729076616129593624e-01
3.310242068019215167e-01,4.989371606471692533e-01
3.324023512437880301e-01,4.298171722710818488e-01
3.336715492947909811e-01,3.659424044111296848e-01
3.348306566270251583e-01,3.075432545109644256e-01
3.358798468076035770e-01,2.547075187420441700e-01
3.368206614001332255e-01,2.074018198205451746e-01
3.376559701863666163e-01,1.654923184798672842e-01
3.383898575236144457e-01,1.287643271780352094e-01
3.390274559837503920e-01,9.694052125249624785e-02
3.395747485969395907e-01,6.969749654268013461e-02
3.400383570252405452e-01,4.668056040005237606e-02
3.404253302444608109e-01,2.751667593870790046e-02
3.407429445060387030e-01,1.182555483274422801e-02
3.409666730777058397e-01,-7.710370299681958096e-04
3.407728335240689521e-01,-1.064075500931741837e-02
3.406262452122350570e-01,-1.812627850689596878e-02
3.405200945920149325e-01,-2.356650464401833719e-02
3.404481058292498918e-01,-2.727547198287036401e-02
3.404045715197809852e-01,-2.954013571368713578e-02
3.403843615645709142e-01,-3.061938209680897457e-02
3.403829158660631182e-01,-3.074397194558630558e-02
3.403962251610581635e-01,-3.011719088995568061e-02
3.404208033843342807e-01,-2.891602231014895122e-02
9.331462085247039795e-01,-1.570796326794896558e+00
9.124935120344161987e-01,-1.570796326794896558e+00
8.791799843311309814e-01,-1.301142278255693618e-01
9.097426831722259521e-01,5.889302783271457287e-01
8.238263875246047974e-01,1.320295597576895297e+00
6.898074001073837280e-01,1.757441360646875061e+00
6.189754903316497803e-01,1.900866972659311926e+00
6.294619888067245483e-01,1.614605597203998322e+00
6.279427856206893921e-01,1.411577753399368973e+00
6.505671292543411255e-01,1.348267902027082688e+00
6.786836087703704834e-01,1.266160419383715929e+00
6.318973004817962646e-01,1.233295180608888764e+00
6.165335401892662048e-01,1.065197045572548795e+00
6.013910174369812012e-01,8.022301945305359006e-01
6.210455298423767090e-01,9.626128293967530780e-01
6.563578397035598755e-01,9.819848608224766018e-01
6.892352402210235596e-01,1.114352778317552417e+00
6.955137997865676880e-01,1.117762383929883363e+00
6.690981537103652954e-01,1.081404960742986976e+00
6.545200347900390625e-01,1.132965028609628000e+00
6.593662500381469727e-01,1.202355656973540743e+00
6.580553203821182251e-01,1.022973157040965919e+00
6.768530011177062988e-01,4.455247492541007936e-01
7.062561810016632080e-01,6.158247047365290605e-01
7.197681218385696411e-01,8.054153768061627083e-01
7.129108309745788574e-01,9.068120311952432289e-01
7.153150290250778198e-01,9.559789991510956320e-01
6.834895014762878418e-01,1.018934660501374712e+00
6.137842535972595215e-01,1.037543821110466613e+00
5.747785195708274841e-01,8.761578819154540732e-01
6.108648255467414856e-01,6.393192159029381649e-01
6.521596014499664307e-01,6.054301685395162558e-01
8.692896127700806552e-01,2.035335219195808953e+00
8.812301158905029297e-01,9.374442718138764619e-01
8.814832031726836936e-01,6.949607081772879447e-01
8.767286539077758789e-01,1.154419787246442120e+00
8.752270698547364169e-01,1.148412320005603782e+00
8.763349354267120361e-01,5.391133534236915992e-01
8.767826318740845615e-01,6.462186184450331439e-01
8.803235590457916260e-01,8.455585979153101839e-01
8.699495136737823708e-01,1.081401028419190169e+00
8.785359561443328857e-01,5.401859415527212605e-01
8.884984850883483887e-01,6.686014054979563248e-01
8.855127036571502908e-01,8.124184709817159344e-01
8.864965319633484331e-01,1.022461112306532804e+00
9.056202888488770197e-01,8.613227222572215069e-01
8.960552036762238215e-01,6.323472526241111780e-01
8.926834881305695246e-01,8.234304756416257476e-01
8.947778701782226340e-01,6.824671537134539001e-01
8.950140595436096858e-01,8.137921627614925768e-01
9.075691819190979670e-01,8.050309453416204519e-01
9.046976804733276589e-01,8.961923226474697302e-01
9.081069231033325195e-01,5.905814798148871780e-01
9.086984872817993608e-01,4.658313161555494020e-01
9.020563602447509988e-01,3.505820212969616989e-01
8.882851660251617210e-01,4.679742453714386130e-01
8.809394001960755283e-01,6.529713546721733763e-01
7.217018157243728638e-01,2.578151323608226519e-01
7.287564724683761597e-01,5.115222035015491997e-01
7.349984198808670044e-01,6.864476952904166041e-01
7.473918795585632324e-01,8.834200413278288089e-01
7.510489374399185181e-01,1.028532339368938064e+00
7.313896864652633667e-01,1.135190442998498472e+00
6.852854192256927490e-01,1.380265782524384477e+00
6.804282516241073608e-01,1.546628920125403095e+00
6.700439900159835815e-01,1.616352672490982467e+00
6.697623133659362793e-01,1.469689353592200209e+00
6.815627813339233398e-01,1.294602355647381575e+00
6.890602260828018188e-01,1.272659427099188001e+00
6.721698641777038574e-01,1.244128732669816717e+00
6.494908928871154785e-01,1.044746153025071678e+00
6.404463052749633789e-01,9.278342342143797161e-01
6.434069722890853882e-01,8.929755881547092322e-01
6.394451260566711426e-01,8.392816728676151250e-01
6.448701620101928711e-01,7.207971054183666126e-01
6.573356837034225464e-01,6.131463709103170956e-01
6.742111593484878540e-01,7.116263645630565016e-01
6.877052634954452515e-01,6.868518820007012415e-01
7.015402764081954956e-01,5.283528302332807236e-01
7.145078182220458984e-01,5.149575096586969103e-01
7.229835093021392822e-01,6.563818497386963990e-01
7.248411178588867188e-01,7.053861880175129606e-01
7.131624221801757812e-01,6.413939380262991818e-01
7.136722654104232788e-01,8.197863350028264939e-01
7.158208489418029785e-01,1.045114106180369262e+00
6.864124834537506104e-01,1.034055849902465241e+00
6.302029043436050415e-01,1.044196751214566898e+00
6.056135520339012146e-01,9.007548481463989454e-01
6.225872635841369629e-01,7.075582351548521665e-01
6.300574392080307007e-01,7.697923150883685395e-01
6.148251295089721680e-01,7.943956011254158511e-01
5.888011306524276733e-01,6.481155433567127311e-01
8.724172472953797275e-01,2.060273642209799583e+00
8.937566161155701128e-01,3.133874812750736538e-02
8.974303722381592463e-01,2.767370999652958297e-01
8.882158100605010986e-01,9.121575572635745033e-01
8.902996122837066872e-01,1.189890471417100137e+00
9.054131150245666726e-01,2.676998708655720094e-01
8.915373086929321289e-01,-2.326909538607990768e-01
8.991302371025086115e-01,8.315554056204277344e-02
9.041681170463562456e-01,3.164037608809411317e-01
8.928349375724792258e-01,9.821521718373649179e-02
9.089082360267639604e-01,4.930328851415106683e-01
9.263207077980041282e-01,7.969281112774861953e-01
9.198375821113586870e-01,1.010649160634191190e+00
9.329612970352172407e-01,1.379348333931825543e+00
8.941739499568939209e-01,8.194041505804543490e-01
8.884825706481933594e-01,8.188910759516936366e-01
8.465198576450347900e-01,1.669732095501066382e-01
8.733945488929748535e-01,3.627868308419825993e-01
8.713477551937103271e-01,2.809720254412262364e-01
8.841284871101379172e-01,7.053113334252332223e-01
9.117914319038391557e-01,-3.080563737273322999e-01
8.726926326751709428e-01,2.863499463675052148e-01
8.851305484771728738e-01,1.063260656982762953e+00
9.116480350494384766e-01,1.251159821245735770e+00
8.966335356235504150e-01,1.978273455830037442e-01
8.954557001590729426e-01,3.425638258212213572e-01
2.500000000000000000e-01,-3.141592653589793116e+00
2.500000000000000000e-01,-3.141592653589793116e+00
2.500000000000000000e-01,-3.141592653589793116e+00
5.610822439193725586e-01,-2.196540833256698910e+00
6.455265879631042480e-01,-1.988687185512250988e+00
6.555594801902770996e-01,-2.060908244369240805e+00
6.794256418943405151e-01,-1.678611657141880320e+00
6.700114011764526367e-01,-1.487746771721860428e+00
6.875142008066177368e-01,-1.524303713528079918e+00
6.746232360601425171e-01,-1.484428639451189857e+00
6.226190254092216492e-01,-1.586670556203126248e+00
6.537065207958221436e-01,-1.365363866988358987e+00
5.760882198810577393e-01,-1.515924493277065910e+00
5.448816120624542236e-01,-1.538807996226815966e+00
5.650788247585296631e-01,-1.853259358342511876e+00
7.056846469640731812e-01,-1.178790832112569964e+00
8.902488470077515315e-01,-2.998703991029170179e+00
9.140280604362488459e-01,-1.271720631606015894e+00
9.066313028335571955e-01,-1.197259084452266809e+00
8.988964080810547541e-01,-2.127454959987058913e+00
9.066550493240356223e-01,-8.775175296816697390e-01
8.990028440952301247e-01,-9.556670347965279255e-01
9.013420224189758745e-01,-1.352043401006055356e+00
9.015630006790161799e-01,-8.025573264197491952e-01
8.924008190631866899e-01,-1.358175579087314899e+00
9.020714044570923296e-01,-1.093649280779492639e+00
8.955256044864654541e-01,-7.865913427895878662e-01
8.891066968441009299e-01,-1.108948454645779069e+00
8.963061690330506037e-01,-1.023114252563874782e+00
8.978675603866577148e-01,-4.602953532633313749e-01
8.997261404991150346e-01,-3.350073975113661007e-01
8.855737507343292014e-01,-7.171723455182816842e-01
8.799595475196838601e-01,-3.030398520833554876e-01
8.911593794822693093e-01,-2.820607173724720695e-01
8.924423158168792725e-01,-1.674372237581609468e-01
8.946622729301453303e-01,2.728793030668561492e-01
9.005264401435851829e-01,-1.253946902550286957e-01
9.092963099479675071e-01,-2.001238226804926690e-01
9.024488687515258567e-01,-2.853211755607856226e-01
8.928195238113403320e-01,-2.803222557471389820e-01
8.876338958740234153e-01,-2.458395211171167105e-01
7.265373021364212036e-01,4.105342299070928735e-01
7.385547161102294922e-01,5.340368638418095948e-01
7.464579343795776367e-01,6.366734641881879320e-01
7.526513338088989258e-01,7.608690297520031010e-01
7.526521831750869751e-01,9.543498935780236891e-01
7.498572766780853271e-01,1.206354549394890174e+00
7.188867926597595215e-01,1.304523327707118430e+00
6.669044196605682373e-01,1.588654507185505160e+00
6.486306190490722656e-01,1.503505372085104597e+00
6.461921334266662598e-01,1.288854140896878775e+00
6.733110994100570679e-01,1.266460961273920383e+00
6.801469326019287109e-01,1.181222787127543583e+00
6.828376352787017822e-01,1.004268497139659377e+00
6.485531032085418701e-01,1.089928834333678598e+00
6.368705630302429199e-01,1.075263513612776833e+00
6.266142874956130981e-01,8.023669832226194565e-01
6.140474900603294373e-01,7.343949406684995296e-01
6.442984938621520996e-01,6.128965279090676788e-01
7.076751142740249634e-01,5.775443752128648356e-01
7.687701582908630371e-01,8.197781894749609499e-01
7.466998696327209473e-01,7.721175824136574661e-01
6.774504184722900391e-01,1.029196902090642851e+00
6.232952550053596497e-01,1.275338182245806529e+00
5.855581834912300110e-01,1.383341702374507154e+00
6.085867583751678467e-01,1.222122606060598748e+00
6.525928229093551636e-01,7.696022995848887938e-01
6.192329153418540955e-01,8.127365210754935454e-01
5.863412320613861084e-01,9.769958654450792146e-01
5.670631453394889832e-01,1.095943323581297424e+00
5.805806294083595276e-01,7.499453151240134119e-01
5.677331611514091492e-01,6.102638371269293316e-01
5.651272609829902649e-01,6.871545304929398412e-01
5.187469720840454102e-01,6.510546745147514081e-01
5.031356215476989746e-01,4.909193547273424940e-01
5.239288210868835449e-01,4.428603190013147284e-01
5.803478360176086426e-01,8.047246922192341501e-01
6.215576082468032837e-01,-1.775861020699650794e+00
6.153518706560134888e-01,-1.900186867895933052e+00
6.221710294485092163e-01,-2.046987443620584379e+00
6.023987680673599243e-01,-2.109770363604063448e+00
6.023852229118347168e-01,-2.070395069156429457e+00
5.591949522495269775e-01,-1.963691275669417591e+00
5.655272006988525391e-01,-1.881626861334304568e+00
5.767334252595901489e-01,-1.958206807493589663e+00
5.765315443277359009e-01,-2.019738312242029821e+00
6.277290582656860352e-01,-1.783738307905996079e+00
6.231997013092041016e-01,-1.577477157672604546e+00
5.724555701017379761e-01,-1.728095364416911250e+00
6.154165342450141907e-01,-1.585658544585923035e+00
5.970206931233406067e-01,-1.457006298572049996e+00
5.748475193977355957e-01,-1.597662337483507944e+00
5.468600764870643616e-01,-1.750157947960644389e+00
6.296394169330596924e-01,-1.511089045781268680e+00
5.894208103418350220e-01,-8.599670068148030921e-01
8.986037611961364968e-01,-1.635833966342210122e+00
9.002104163169860618e-01,-1.334612907641756552e+00
8.958466708660125510e-01,-1.273189822678006955e+00
9.026929378509521706e-01,-1.502350298783093896e+00
9.015778422355652522e-01,-1.189978480568748553e+00
8.909705579280853271e-01,-1.237086596136563799e+00
9.030507802963256836e-01,-1.035936998705578205e+00
8.898932874202728494e-01,-9.894983144508353590e-01
8.941099822521210161e-01,-4.625832166991696859e-01
8.940151453018189143e-01,-9.681001063752932012e-01
8.913761198520661067e-01,-7.049450655515632214e-01
9.163938403129577859e-01,-3.219224964498579311e-02
9.177484035491944026e-01,6.905887131290024961e-01
9.135518431663512962e-01,8.786522859773953087e-01
9.016289830207825373e-01,2.399837292227369190e-01
8.795449614524841753e-01,4.338300650949928894e-01
8.679682910442352295e-01,-1.906502928928084373e-01
8.755792677402496338e-01,6.866447796140553450e-01
8.822506666183471680e-01,2.234529889939107505e-01
8.882898449897765891e-01,1.050330052816911497e+00
8.960594952106476496e-01,-5.137839450721641832e-01
8.601963639259339045e-01,7.563502747620054478e-01
9.055906772613525613e-01,1.257716690297078443e+00
9.029400110244750755e-01,9.854542003058197608e-01
8.952478885650635432e-01,4.476351431719067797e-01
8.942260921001434770e-01,-1.266549064052324702e-01
8.951522707939147949e-01,-3.760818303463642209e-02
8.964460968971252885e-01,-2.047233307484659370e-01
8.974488496780396174e-01,-4.165064934872715341e-01
8.977462947368621826e-01,-4.398892143057353543e-01
8.988749623298645242e-01,-5.753308046087641792e-01
8.988337337970734309e-01,-6.319583270752295867e-01
8.989968359470367210e-01,-9.473439905997578236e-01
8.978762269020080788e-01,-1.209572688289006548e+00
8.994081079959869163e-01,-1.048783526043577830e+00
9.011083602905273215e-01,-9.685313512183717499e-01
9.008149027824402522e-01,-6.878184846407240371e-01
8.859456837177276389e-01,-1.043576380322200681e+00
8.877054512500762717e-01,-1.147436729196902538e+00
8.892127275466918945e-01,-1.114560067957712342e+00
8.825431704521179421e-01,-8.037726017265578449e-01
9.046824574470520020e-01,-6.817338689520724415e-03
8.954167723655700462e-01,-1.032487788975005039e-01
8.924075782299042414e-01,2.024345310450570423e-01
9.027992129325866921e-01,8.341222767923452963e-01
8.957426071166992854e-01,1.142223965870101665e-01
9.052070260047913042e-01,5.013199766635647592e-01
9.091001749038696289e-01,7.620015858189375102e-01
8.948949813842773660e-01,3.016526780505603966e-01
9.128417015075683816e-01,1.006513854027786259e+00
9.012586951255798784e-01,5.170466503026474037e-01
8.976529121398926225e-01,4.221102421516107484e-01
9.116099357604980913e-01,7.839626779580033400e-01
8.987601935863495095e-01,3.046064149827025780e-01
9.078442096710205300e-01,7.797138957220264288e-01
9.137545585632323997e-01,7.905322802483087941e-01
8.942230939865112305e-01,4.635198587769284728e-02
9.057974219322204590e-01,3.307601133035018570e-01
9.041024208068847434e-01,-4.058738644470238910e-02
8.988340914249420832e-01,2.763487361769545458e-02
9.114222168922424538e-01,4.103466018859180942e-01
9.104892015457153320e-01,3.881218567989344059e-01
9.166046380996704102e-01,8.656104532241410965e-01
9.260532498359680398e-01,1.340632546361014477e+00
9.202941894531250222e-01,7.278731348376803467e-01
9.015721917152405007e-01,1.312826897538417192e+00
8.862457513809204324e-01,1.702145304292746353e+00
8.804561257362366611e-01,1.038308002701697319e+00
8.697685301303863525e-01,2.663014616219285813e-01
8.580945312976837602e-01,1.548471213824330839e+00
8.572240233421326572e-01,6.497592078905092272e-01
8.919771790504456010e-01,-1.679307865707476033e+00
9.023005008697509988e-01,-2.215191096012145699e+00
9.026453971862793413e-01,-8.591850361397286306e-01
9.040656805038452815e-01,2.655157458765708967e-01
8.581171095371247226e-01,-3.141592653589793116e+00
6.138121485710144043e-01,-1.979357091916402522e+00
6.146434992551803589e-01,-2.095937197500027160e+00
6.084475070238113403e-01,-2.157676553649169549e+00
6.131552979350090027e-01,-2.128080761231335494e+00
5.825795680284500122e-01,-1.902629777241484410e+00
5.915521159768104553e-01,-1.782639504284986076e+00
6.023133844137191772e-01,-1.850764392520028112e+00
5.871590375900268555e-01,-1.916113528288123646e+00
6.436437219381332397e-01,-1.761580131443291286e+00
6.400600224733352661e-01,-1.573001517804239136e+00
5.920061692595481873e-01,-1.517149880273638507e+00
5.973815843462944031e-01,-1.533196382914882694e+00
5.905008465051651001e-01,-1.651415331254315166e+00
5.647355020046234131e-01,-1.601540076881204477e+00
5.559813752770423889e-01,-1.536513578917982681e+00
5.318603143095970154e-01,-1.491109095821869568e+00
5.202443376183509827e-01,-1.559442397218156140e+00
6.583198755979537964e-01,8.541761918898322925e-01
6.649287045001983643e-01,8.778805206188420307e-01
6.666499227285385132e-01,6.388535164132562727e-01
6.925651580095291138e-01,5.348505739875322185e-01
7.323519736528396606e-01,6.537702249768995166e-01
7.643130421638488770e-01,7.960853768370710348e-01
7.502963542938232422e-01,1.083061592582638344e+00
7.003093659877777100e-01,1.209286096785605835e+00
6.618037074804306030e-01,8.466073112212857410e-01
7.023486047983169556e-01,1.215949700340012374e+00
7.049313038587570190e-01,1.337373679827571049e+00
6.883284747600555420e-01,1.455650114995846067e+00
6.738930493593215942e-01,1.233635607497606479e+00
6.600177139043807983e-01,1.027155183399149685e+00
6.532388329505920410e-01,9.582659263193633592e-01
6.474520564079284668e-01,9.142306409186868876e-01
6.510241329669952393e-01,8.734692959593428618e-01
6.544224023818969727e-01,7.258955036614036516e-01
6.505614072084426880e-01,8.058757395706908078e-01
6.645395159721374512e-01,5.657735256868781093e-01
6.787131577730178833e-01,5.063082230269055906e-01
6.965902149677276611e-01,4.924377934735542084e-01
7.150564640760421753e-01,4.925789358098420223e-01
7.227094769477844238e-01,5.505375966949941358e-01
7.245660573244094849e-01,8.252505797991265268e-01
7.215294837951660156e-01,8.630576260657862875e-01
7.246620357036590576e-01,8.374309527605512393e-01
7.094266414642333984e-01,1.004120192356455554e+00
6.417062282562255859e-01,1.124428515406731055e+00
6.004952713847160339e-01,9.768854794984900280e-01
5.869645774364471436e-01,8.074012003236830104e-01
6.228948906064033508e-01,6.301796527577332441e-01
6.320786625146865845e-01,6.479874619530368030e-01
8.678413569927215798e-01,2.175320328766081168e+00
8.869848608970641868e-01,6.264532610128457080e-01
8.849209010601043479e-01,8.892572014975508310e-01
8.850113749504089355e-01,1.060200185547557794e+00
8.775133192539215088e-01,1.374647521712699216e+00
8.873997092247009055e-01,7.803310833046523953e-01
8.910084247589111772e-01,7.643729643220851244e-01
8.979541659355163574e-01,3.124216276491083022e-01
8.686329841613770197e-01,9.530335013735760086e-01
8.921296179294586626e-01,5.810753679157412144e-01
8.995606005191802979e-01,6.842925009693510141e-01
8.995696902275085449e-01,1.164821719957263468e+00
9.187639951705932617e-01,1.574169137091697479e+00
9.194699525833129883e-01,1.283922070587782294e+00
8.942592799663543479e-01,7.380095420654422256e-01
8.828853547573090044e-01,8.901309263945575978e-01
8.535740017890930398e-01,-1.966098232340254270e-01
8.684187710285187212e-01,7.083598206355334881e-01
8.795547127723694070e-01,1.402262920964925108e-01
8.855047821998596191e-01,9.608097653090394985e-01
8.984037458896637629e-01,-3.869468409976670742e-01
8.606549620628357600e-01,5.725448468252971601e-01
9.009020686149596946e-01,1.023195895096042918e+00
9.012073397636414240e-01,9.696698525843805427e-01
8.945940673351288064e-01,9.525286658994369660e-02
6.051640138030052185e-01,2.229662609345906432e+00
6.290053427219390869e-01,3.141592653589793116e+00
6.984468847513198853e-01,8.346808540250432173e-01
6.724041104316711426e-01,5.274638441748713547e-01
6.321327537298202515e-01,7.381469393314468164e-01
6.366875916719436646e-01,8.718174390843023147e-01
6.595764011144638062e-01,9.616468821440298242e-01
6.529782563447952271e-01,1.033132877331238930e+00
6.380102336406707764e-01,8.670902241196816185e-01
6.153803020715713501e-01,4.747517458758245823e-01
6.162616088986396790e-01,3.896790102091958197e-01
6.289439648389816284e-01,4.824050310658720697e-01
6.519199460744857788e-01,7.594417366538022129e-01
6.750018745660781860e-01,9.364333837177585274e-01
6.751898974180221558e-01,1.021225519993439246e+00
6.527435183525085449e-01,1.105817388635740528e+00
6.501352488994598389e-01,8.089892973771566353e-01
6.637881845235824585e-01,3.802103958262577077e-01
6.611618101596832275e-01,3.960746539848591929e-01
6.623797565698623657e-01,6.805020217092465629e-01
6.702451109886169434e-01,8.035604434950305297e-01
6.667424589395523071e-01,5.770271341934143372e-01
6.956747323274612427e-01,1.931975024457390777e-01
7.222886830568313599e-01,3.136903638342047884e-02
7.641713768243789673e-01,9.215071252248940858e-01
7.373259067535400391e-01,9.867160081108941050e-01
7.297006994485855103e-01,6.566524778800162387e-01
7.202274054288864136e-01,7.649905264117391468e-01
7.108462452888488770e-01,8.991271469746831002e-01
7.041969597339630127e-01,9.599287375249812015e-01
6.800393313169479370e-01,9.499782730367667405e-01
6.394976079463958740e-01,8.620737024757048061e-01
5.918583571910858154e-01,6.666134753784018763e-01
6.046634018421173096e-01,7.029907006244195955e-01
6.388681381940841675e-01,6.666408612048457805e-01
8.653611242771148682e-01,2.393146349659899030e+00
8.925122141838074397e-01,9.310117390959264938e-01
8.880250334739685503e-01,9.421735465671527976e-01
8.824484229087830034e-01,1.247310638008945816e+00
8.702333092689514826e-01,1.636285621818331038e+00
8.869921565055847168e-01,3.266749906388883851e-01
8.881387412548065186e-01,5.522514344832170075e-01
8.824768722057342307e-01,1.315527093212405241e+00
8.677693843841552956e-01,1.332375415401223506e+00
8.913608908653259943e-01,3.885510418533577592e-03
8.939687788486481157e-01,2.584851254344378013e-01
8.807615339756011963e-01,9.123964927476251319e-01
8.771257698535919189e-01,1.297457503604325879e+00
8.982055068016052690e-01,7.409846258981969136e-01
9.015888452529907671e-01,5.013431960993188774e-01
8.931166648864746760e-01,7.946664633336282257e-01
8.999667644500732866e-01,1.269303563245417266e+00
9.080982446670532449e-01,9.964515991916265136e-01
9.010919451713562678e-01,7.557300911231532581e-01
8.980176687240600808e-01,1.379473419279275248e+00
9.030619978904724787e-01,1.201891174631700920e+00
8.902646243572235329e-01,9.931982566368500187e-01
8.824894011020660844e-01,1.006625457122217071e+00
8.756414294242859109e-01,1.082697946258166510e+00
8.739109456539154719e-01,1.187848284591821013e+00
7.070221751928329468e-01,2.743176909357700755e-01
7.133700251579284668e-01,4.521894763295923880e-01
7.200494408607482910e-01,7.498655451269868877e-01
7.497115880250930786e-01,8.687370251498403029e-01
7.376512587070465088e-01,8.060757263237992021e-01
7.064778655767440796e-01,9.720655740443673309e-01
6.781499385833740234e-01,1.021274112280360136e+00
6.668181419372558594e-01,1.152750515794586317e+00
6.643522530794143677e-01,9.990463711371502242e-01
6.515858322381973267e-01,9.767882949246482482e-01
6.578871011734008789e-01,1.088432866009164890e+00
6.771274358034133911e-01,1.087835433672281304e+00
6.645193547010421753e-01,9.998131742775786535e-01
6.391381025314331055e-01,1.053435465095511780e+00
6.258061826229095459e-01,9.524885000206535501e-01
6.226792186498641968e-01,8.587034201013445944e-01
6.169834360480308533e-01,7.977136397693294079e-01
6.504013240337371826e-01,5.357097867371920508e-01
6.955534517765045166e-01,4.333844017313248642e-01
7.389826178550720215e-01,6.927953085397016153e-01
7.342095822095870972e-01,7.150029667435195968e-01
6.876442432403564453e-01,9.894745332545391570e-01
6.479219347238540649e-01,1.207528067168044394e+00
6.323941349983215332e-01,9.477149398112816314e-01
6.379918158054351807e-01,8.463101398943355669e-01
6.656459271907806396e-01,7.547621308951528718e-01
6.280253082513809204e-01,8.098996303361785110e-01
5.936311408877372742e-01,9.476837621011764412e-01
5.731472223997116089e-01,1.043991708616576641e+00
5.720145031809806824e-01,8.382710656517682324e-01
5.825394019484519958e-01,6.870032764668883019e-01
5.773932039737701416e-01,7.175242884981192226e-01
5.573872327804565430e-01,7.062182958210003747e-01
5.490574985742568970e-01,6.309201935928032690e-01
5.618260204792022705e-01,7.741758730411527623e-01
6.052848249673843384e-01,8.748293182325870276e-01
6.166435331106185913e-01,-1.782080552545259655e+00
6.068632826209068298e-01,-1.941552854452455179e+00
5.830780342221260071e-01,-2.125979215042072212e+00
5.664148107171058655e-01,-2.090278583556043568e+00
5.558568313717842102e-01,-2.040873803637225148e+00
5.599715635180473328e-01,-1.962809311617788932e+00
5.480202883481979370e-01,-2.089822995756125845e+00
6.061142981052398682e-01,-2.052983020263274394e+00
6.186560168862342834e-01,-1.958592362479216753e+00
6.577855348587036133e-01,-1.717798761807797225e+00
6.395291686058044434e-01,-1.416385955508858041e+00
5.790829956531524658e-01,-1.780232828494422215e+00
6.378864943981170654e-01,-1.446111327358481802e+00
5.504090860486030579e-01,-1.473572429715049870e+00
5.653224363923072815e-01,-1.556542963805116475e+00
5.745157524943351746e-01,-1.812600909189191256e+00
7.187471389770507812e-01,-1.270777622908775717e+00
8.967516303062439409e-01,-1.607140361355531732e+00
9.065330505371094194e-01,-1.632194132534236397e+00
9.004417657852172852e-01,-1.714939962407327378e+00
9.012640237808228205e-01,-1.644095778639854455e+00
9.164962530136108176e-01,-1.017693263329342290e+00
8.992509901523589866e-01,-1.238052824269558094e+00
9.039398431777954102e-01,-1.158059433800902038e+00
9.056572198867798296e-01,-9.299897094157167921e-01
8.911618471145630327e-01,-1.537995315975421384e+00
9.088369607925415039e-01,-9.647447106553075358e-01
9.007541537284851074e-01,-9.468324139991106669e-01
8.915406346321106401e-01,-1.039413921956244824e+00
9.009587645530701128e-01,-9.319371459628373877e-01
8.892878293991088867e-01,-8.836403450872221121e-01
9.040064573287963645e-01,-5.362993076131026271e-01
8.857218682765960471e-01,-1.046028465089944959e+00
8.819982767105102317e-01,-5.373471782782646144e-01
8.967904984951019509e-01,-2.506809607253668304e-01
8.817711353302002397e-01,-5.084296180886678229e-01
8.948601186275482178e-01,2.722014453456469418e-01
8.959801495075225830e-01,-2.521548331352114758e-01
8.931931078433991145e-01,-4.023465700010504520e-01
9.109102964401245561e-01,1.204560660729367960e-01
8.912456512451172319e-01,-4.717474036814843785e-01
8.980692267417907937e-01,1.918487153833448033e-02
9.058711171150207742e-01,2.974495856720351661e-01
8.945561349391937256e-01,7.699864501691244811e-04
9.047216773033142090e-01,1.653205100342525213e-01
8.979080080986022727e-01,-1.368038596184422140e-01
8.909606516361237016e-01,-3.032089420066297336e-01
9.106908917427063432e-01,3.971047823795559317e-01
8.958141922950745295e-01,-3.467339615812572440e-01
8.943708598613738792e-01,-1.611132980784155677e-01
9.101094841957092507e-01,1.440166777298395040e-01
8.961780250072479692e-01,-4.715230739715372543e-01
9.082973241806030495e-01,2.351994019363017330e-01
9.120721936225891779e-01,2.669542273722420589e-01
9.089054346084595171e-01,2.191978401384524489e-01
9.177527308464050737e-01,6.964298992492792273e-01
9.213129043579101340e-01,3.063216571722819914e-01
9.031362891197204368e-01,3.875848137203652399e-02
8.922009468078613281e-01,1.388281075570655609e+00
8.904599308967590110e-01,9.978694828007412809e-01
8.835078537464141624e-01,1.210444166143842537e-01
8.704446554183959961e-01,7.404996392965581542e-01
8.557924509048462358e-01,1.427656744525317656e+00
8.908902645111084206e-01,-1.389467701089800000e+00
8.961342275142669678e-01,-2.717171890327132466e+00
9.024116754531860130e-01,-1.028607896161895852e+00
9.035086989402770774e-01,-2.183432150998898535e-02
8.671454071998596635e-01,-3.141592653589793116e+00
6.067627891898155212e-01,-1.810489438563678721e+00
6.232272833585739136e-01,-1.896119627941920793e+00
6.211931183934211731e-01,-2.028444102621715039e+00
6.320111155509948730e-01,-2.041153747640873650e+00
6.087626665830612183e-01,-1.904034553104609229e+00
5.966989845037460327e-01,-1.750345856862090210e+00
5.959892719984054565e-01,-1.767075647576453745e+00
5.834297388792037964e-01,-1.838081618380149163e+00
6.360350102186203003e-01,-1.736066840140871870e+00
6.288107037544250488e-01,-1.572185186109318789e+00
5.912299379706382751e-01,-1.517474390613653856e+00
5.889724120497703552e-01,-1.526477914080831333e+00
5.853706076741218567e-01,-1.697975636666495536e+00
5.676822885870933533e-01,-1.604977302386872084e+00
5.616389811038970947e-01,-1.464219491190475786e+00
5.311126261949539185e-01,-1.487863992421715853e+00
5.114597901701927185e-01,-1.540850370305608452e+00
6.543169468641281128e-01,7.245885677594201546e-01
6.455792933702468872e-01,8.022178357986020636e-01
6.482214927673339844e-01,7.665411259490051421e-01
6.661385148763656616e-01,5.716232786554265033e-01
7.163021266460418701e-01,3.663812556727756853e-01
7.471728324890136719e-01,5.317240956885900260e-01
7.626054584980010986e-01,9.836735130130467297e-01
7.281580716371536255e-01,1.324674801885475262e+00
6.851020455360412598e-01,1.335349656593164624e+00
6.907054036855697632e-01,1.447885741658531344e+00
6.941012591123580933e-01,1.409994993071048253e+00
6.868431121110916138e-01,1.332946725872883764e+00
6.755838692188262939e-01,1.104364114112451833e+00
6.741002500057220459e-01,9.674408803787413191e-01
6.816578656435012817e-01,8.329641138073511364e-01
6.688983738422393799e-01,8.975719129129418050e-01
6.595332175493240356e-01,9.485994317853512214e-01
6.454442441463470459e-01,7.788710676548542544e-01
6.387769877910614014e-01,6.729560327828045807e-01
6.530057489871978760e-01,5.645811889355520918e-01
6.689040958881378174e-01,6.503868816699274191e-01
6.918817758560180664e-01,5.362464084953564303e-01
7.077349275350570679e-01,4.923838644614799698e-01
7.138643562793731689e-01,5.481339637740347825e-01
7.132347971200942993e-01,7.053479883006272821e-01
7.052572369575500488e-01,7.462237919704932665e-01
7.042071521282196045e-01,8.237057383074204431e-01
7.211629152297973633e-01,9.308371251939853153e-01
7.003796845674514771e-01,9.531864874946336386e-01
6.292834430932998657e-01,1.108405700335026278e+00
5.973603278398513794e-01,9.390101793259244545e-01
6.187439486384391785e-01,6.597918766714343519e-01
6.301853358745574951e-01,6.036764925661586290e-01
0.000000000000000000e+00,-3.000000000000000000e+00
0.000000000000000000e+00,-3.000000000000000000e+00
0.000000000000000000e+00,-8.999999999999999112e-01
1.000000000000000000e+00,0.000000000000000000e+00
1.000000000000000000e+00,0.000000000000000000e+00
1.000000000000000000e+00,0.000000000000000000e+00
1.000000000000000000e+00,0.000000000000000000e+00
1.000000000000000000e+00,0.000000000000000000e+00
1.000000000000000000e+00,0.000000000000000000e+00
1.000000000000000000e+00,0.000000000000000000e+00
1.000000000000000000e+00,0.000000000000000000e+00
1.000000000000000000e+00,0.000000000000000000e+00
1.000000000000000000e+00,0.000000000000000000e+00
1.000000000000000000e+00,0.000000000000000000e+00
1.000000000000000000e+00,0.000000000000000000e+00
