0.000000000000000000e+00,-1.500000000000000000e+00
0.000000000000000000e+00,-1.500000000000000000e+00
0.000000000000000000e+00,-1.500000000000000000e+00
0.000000000000000000e+00,-1.500000000000000000e+00
0.000000000000000000e+00,-1.500000000000000000e+00
0.000000000000000000e+00,-1.500000000000000000e+00
0.000000000000000000e+00,-1.500000000000000000e+00
0.000000000000000000e+00,-1.500000000000000000e+00
0.000000000000000000e+00,-1.500000000000000000e+00
0.000000000000000000e+00,-1.500000000000000000e+00
0.000000000000000000e+00,-1.500000000000000000e+00
0.000000000000000000e+00,-1.500000000000000000e+00
0.000000000000000000e+00,-1.500000000000000000e+00
0.000000000000000000e+00,-1.500000000000000000e+00
0.000000000000000000e+00,-1.500000000000000000e+00
2.663714993624431981e-01,-5.255120829285568007e+00
2.888492049270037776e-01,-4.032704986952174053e+00
3.049975197939585048e-01,-3.065907529301937107e+00
3.161761100886572584e-01,-2.301048697650848407e+00
3.234883789452436820e-01,-1.693058592006065233e+00
3.278080347207598111e-01,-1.206548263700960133e+00
3.298260707487604693e-01,-8.136855349460132558e-01
3.300925733027511022e-01,-4.925837557390478350e-01
3.634844504848038782e-01,-1.495432668126303877e-01
3.565863652158686170e-01,8.715014565565995519e-02
3.445578798072149729e-01,2.916814272466483615e-01
3.335205213587430495e-01,4.681726269538348806e-01
3.234669419357741882e-01,6.224037110170350662e-01
3.144228847873246080e-01,7.582293325677477158e-01
3.329763722586830954e-01,9.917635412070113787e-01
3.255668027486314231e-01,1.098939449151586256e+00
3.195984894197965165e-01,1.189741454540877097e+00
3.150741450262501409e-01,1.263169315475645593e+00
3.119410965516488110e-01,1.317936743671354272e+00
3.100877102167579058e-01,1.353129491427233599e+00
3.093509059640169312e-01,1.368474189690506604e+00
3.095323866832340176e-01,1.364471769807268142e+00
3.104202250023053167e-01,1.342389139771360096e+00
3.118109003254633804e-01,1.304133609533649540e+00
3.135269120040455881e-01,1.252055603233048764e+00
3.154268004434221395e-01,1.188731362104540334e+00
3.174070466697204718e-01,1.116768600147798551e+00
3.193976825283668108e-01,1.038659672216158292e+00
3.213545965627562229e-01,9.566876273900235539e-01
3.232513372011484032e-01,8.728772262997227527e-01
3.250722282899508042e-01,7.889776799160507226e-01
3.268075054409152469e-01,7.064646121119640965e-01
3.284503848872156739e-01,6.265523818328903038e-01
3.299955990743383971e-01,5.502114049242942118e-01
3.314388633709030585e-01,4.781878706249265698e-01
3.327768330731162849e-01,4.110247040131246865e-01
3.340072518409044622e-01,3.490832221894474285e-01
3.351291194210005986e-01,2.925650979617089309e-01
3.361427973278607872e-01,2.415342451098235199e-01
3.370500270048401581e-01,1.959382177550266779e-01
3.378538645521264594e-01,1.556287336021060508e-01
3.385585490730570468e-01,1.203809795461147220e-01
3.391693255462143730e-01,8.991141601898053337e-02
3.396922419712101737e-01,6.389388059849004931e-02
3.401339368895224813e-01,4.197390086490006972e-02
3.405014307493161030e-01,2.378115311835986984e-02
3.408019306216328870e-01,8.940089915126703604e-03
3.409248585088092698e-01,-2.921197728449164213e-03
3.407434582547307911e-01,-1.216039012393669780e-02
3.406072993173122621e-01,-1.911590251456707010e-02
3.405097621687107612e-01,-2.411743109028791424e-02
3.404447653135026508e-01,-2.746960125802763025e-02
3.404067909319146712e-01,-2.945004261477958754e-02
8.939124763011933039e-01,-6.748129790692138918e-01
8.937377929687500000e-01,-8.171406301014547680e-01
8.958581626415252908e-01,-8.651436302133745926e-01
8.967270910739898460e-01,-1.138396691294466745e+00
8.970015764236450861e-01,-1.179898811155772886e+00
8.955130398273468684e-01,-1.241970729546039154e+00
9.004452109336853471e-01,-1.009511782789267009e+00
8.993927597999572532e-01,-1.158444239772472573e+00
8.979707181453705500e-01,-9.679789533516403033e-01
8.967069387435913086e-01,-8.472348913739469189e-01
8.983382582664489746e-01,-7.956768832959610904e-01
8.995267391204834206e-01,-1.289032968002888468e+00
8.975599467754363792e-01,-1.112483239232316734e+00
8.934988796710968684e-01,-1.075629500606175792e+00
8.970223069190979004e-01,-1.001925019410119688e+00
8.938962578773498313e-01,-8.223359788514410518e-01
8.917656540870666504e-01,-7.186059584225850116e-01
8.942922770977020930e-01,-8.294896248523682125e-01
8.917291879653931330e-01,-7.800378443014994723e-01
8.922465801239013450e-01,-7.220720209694309055e-01
8.996503412723541038e-01,-8.951457627569068265e-01
8.928699970245361772e-01,-1.146435671910276843e+00
9.016820430755615456e-01,-6.444633040034268845e-01
8.952414810657501887e-01,-9.915496766983071808e-01
8.833869934082031472e-01,-8.231514679055478290e-01
8.956620573997498003e-01,-2.110083076972686378e-01
8.865611910820007102e-01,-5.483412066008162000e-01
8.994178712368011697e-01,8.332856280911382640e-02
8.959146738052368164e-01,-6.628044112070163862e-02
8.911465823650360774e-01,2.207531678269525344e-02
9.059382319450378640e-01,6.570748281811731317e-01
8.933917939662933128e-01,2.603924897295311069e-01
9.020708799362182617e-01,9.436067849644285133e-01
9.074181556701660378e-01,6.558666685079019842e-01
8.947745144367218462e-01,5.154003174062737891e-01
9.110969066619872825e-01,1.227595839025577895e+00
9.069887876510620561e-01,8.185686254003337048e-01
8.989910900592804621e-01,1.223790847618126953e+00
9.060392379760742188e-01,1.416610285218805387e+00
9.030427217483520952e-01,6.343549848027865146e-01
8.982029914855956809e-01,9.079713177013220005e-01
9.079898715019226740e-01,1.132508879049167305e+00
9.002139925956725852e-01,9.680347548988557094e-01
8.963189721107482910e-01,1.018884570186340710e+00
9.013953089714050737e-01,7.948679481148497317e-01
8.884141087532043679e-01,9.646147567164895520e-01
8.968703150749206543e-01,9.764446847261902818e-01
9.040164470672608088e-01,5.477498600031425191e-01
8.981405079364777055e-01,7.832102933381657195e-02
9.035899519920349565e-01,3.024301546412955233e-01
9.083720684051513894e-01,1.664204371763471357e-01
9.003620147705078125e-01,2.756648863432946683e-01
9.056504130363464133e-01,3.997349452392531255e-01
9.020182490348815918e-01,1.913558641341110977e-01
8.969570398330688477e-01,1.378410568332979480e-01
9.065976500511169212e-01,1.338270905040603864e-01
8.990591108798980935e-01,-1.569948442882842521e-01
9.012827515602112038e-01,2.854597431612542202e-01
9.067166686058044656e-01,8.862446669619661321e-02
9.017873883247375932e-01,-9.350803834512966262e-02
9.123358368873596413e-01,3.920699098911928360e-01
9.238512039184569868e-01,5.230028100806096703e-01
9.239765524864196333e-01,1.192975660316172970e+00
9.325188636779785378e-01,1.335550111480058533e+00
9.025829553604126643e-01,7.137351200126138551e-01
8.966203629970550537e-01,9.298357870270885783e-01
8.679762601852417658e-01,5.979600172863035468e-01
8.784407138824463779e-01,4.326960578133234314e-01
8.796778917312622070e-01,4.420156652123794494e-01
8.849960625171661155e-01,6.028278596400480360e-01
9.058193564414978027e-01,1.387608460947844513e-01
8.787154734134674516e-01,5.801248690779350348e-01
8.828666090965271440e-01,1.254640489566685169e+00
9.147618055343628152e-01,1.483120860908393013e+00
8.974094688892364502e-01,1.933890627907106641e-01
8.965655624866485374e-01,2.172474075351060741e-01
8.957278251647949885e-01,-1.134557807000953211e-01
8.961729764938354270e-01,-9.525548813914186397e-02
8.948857545852660911e-01,-9.321386307440571173e-02
8.966095030307770219e-01,-3.411019376362820488e-01
8.988095939159393977e-01,-5.309270042922484834e-01
8.993626296520232932e-01,-5.609362524693177754e-01
9.002368330955505815e-01,-5.073171449611253436e-01
8.999445796012878196e-01,-5.809789323559559904e-01
8.981448829174042414e-01,-8.035383475803610231e-01
8.993751108646392822e-01,-8.194198798756424651e-01
8.988938450813294123e-01,-7.001113033373935757e-01
8.931845724582672119e-01,-8.469835971579624534e-01
8.907127320766449197e-01,-7.312257217549538169e-01
8.957826256752013938e-01,-6.206431589759171530e-01
8.874228477478027788e-01,-7.743927126105338843e-01
8.879657626152038796e-01,-6.258697790627660851e-01
8.990037679672241433e-01,-4.360992031794164170e-01
8.864113926887512429e-01,-7.576082438700395549e-01
8.942014276981353760e-01,-3.279411989015450501e-01
9.015190124511719416e-01,-3.487445025626452200e-01
8.889548063278198686e-01,-7.145588482213431902e-01
8.987121641635894553e-01,9.787479029501877648e-02
8.906415641307831033e-01,9.900280546423534389e-02
8.902064263820648193e-01,-5.680046981213084933e-01
9.045716643333435725e-01,-1.529930494374660555e-01
8.953832626342773660e-01,-3.548751826157916511e-01
8.939911067485809548e-01,-3.481241316702785582e-01
9.016267299652099831e-01,-2.386077904007906092e-01
8.922120273113250954e-01,-6.338059574993102352e-01
9.001605510711669922e-01,-3.205978650907876926e-01
8.972245633602142778e-01,-5.375104633426004419e-01
8.803140878677369052e-01,-1.229501705292557867e+00
8.983639717102051003e-01,-4.089289055303173548e-01
9.000586509704590066e-01,-2.867165887482032716e-01
8.952330470085144709e-01,-3.220827854579670912e-01
9.144501805305481623e-01,1.448256129109504187e-02
9.238625288009643111e-01,6.635410665316694434e-01
9.259296536445618120e-01,8.520787652778807342e-01
8.977030217647552490e-01,5.267325255753734226e-01
8.897471129894256592e-01,4.329488500574205645e-01
8.509406983852386697e-01,3.388532101849004441e-01
8.757613658905030185e-01,1.863427130533894527e-01
8.716941416263580544e-01,3.859909118079509760e-01
8.844385445117950439e-01,5.293413415344581097e-01
9.117548346519470659e-01,1.104035484195127204e-01
8.844274938106536643e-01,4.701235412068087705e-01
8.796994924545288308e-01,1.283954278192215526e+00
9.232101678848266824e-01,2.013529547473484449e+00
8.994823276996612993e-01,4.201905191245836058e-01
8.965887725353240967e-01,2.363195524579242424e-01
6.649658977985382080e-01,1.087679264241483423e+00
6.226066648960113525e-01,1.463007211939893359e+00
6.719352602958679199e-01,-7.937025758695614996e-02
6.927711069583892822e-01,5.868469893555121608e-01
7.110910415649414062e-01,9.248403314034532308e-01
7.637649327516555786e-01,9.722796048110362577e-01
8.066427707672119141e-01,1.548687491633169433e+00
7.194964140653610229e-01,1.926871429929336799e+00
6.862007677555084229e-01,1.712267386626675769e+00
7.049010843038558960e-01,1.486391056279441791e+00
7.073644697666168213e-01,1.371664666859107484e+00
6.754945516586303711e-01,1.288420180877845045e+00
6.460188180208206177e-01,8.696760078965262153e-01
6.595145314931869507e-01,8.367149889492133674e-01
6.860736310482025146e-01,9.190463331687417359e-01
6.763425767421722412e-01,8.296486030858782890e-01
6.451914012432098389e-01,8.203191648773295874e-01
6.278281658887863159e-01,8.667624368431687820e-01
6.387482881546020508e-01,6.424448515610663435e-01
6.418143212795257568e-01,4.171526117378330234e-01
6.620138138532638550e-01,5.635012042927138864e-01
6.865177601575851440e-01,2.517930593458810318e-01
7.199931144714355469e-01,5.107700061352238308e-01
7.465968281030654907e-01,8.974531005582160326e-01
7.000539302825927734e-01,5.369009999674330125e-01
7.263664007186889648e-01,8.690209951040430703e-01
7.321099936962127686e-01,8.556510941940045356e-01
7.127984464168548584e-01,8.213994304004388347e-01
6.663149148225784302e-01,9.998140169183926673e-01
6.249246075749397278e-01,1.236426433872441333e+00
5.800697132945060730e-01,9.257397100318978111e-01
5.840294137597084045e-01,2.985773199609804696e-01
6.552208065986633301e-01,4.909539030007028515e-01
6.949944794178009033e-01,7.499944691714768297e-01
8.651008248329162820e-01,2.199107517175100668e+00
8.866903841495513694e-01,4.465075025097187122e-01
8.826081216335296409e-01,6.430577791262455101e-01
8.774138271808624712e-01,1.450565713952991942e+00
8.767796039581299272e-01,1.045496290602741851e+00
8.783058702945709673e-01,4.723784480241568495e-01
8.816653728485107644e-01,7.881777545614343516e-01
8.853119909763336182e-01,1.041225412452095433e+00
8.764675617218018466e-01,9.470646083566514051e-01
8.808322250843048096e-01,5.788668999699009277e-01
8.899132013320922852e-01,5.700405183271057830e-01
8.821914196014404297e-01,7.202567854032979611e-01
8.816982030868530940e-01,8.678383955354522783e-01
9.069160938262940119e-01,4.677746331253587186e-01
8.975627899169922319e-01,-4.422216440779402902e-02
8.896693229675293191e-01,8.705003914925546482e-02
8.994710326194763628e-01,3.511849776125122169e-01
8.919319093227386919e-01,1.222742976952964078e-01
8.962558507919311523e-01,5.902271961661225141e-01
9.001819849014282005e-01,8.210459893924881847e-01
8.979352772235870139e-01,7.579085985067290920e-02
9.049854874610900879e-01,2.546943652940623082e-01
9.075026631355286311e-01,3.458827071059484837e-01
8.889967262744903342e-01,-6.121579532358945031e-02
9.038366079330444336e-01,3.903190895339259114e-01
8.957388162612914817e-01,1.520004185589769463e-01
8.876619279384613259e-01,-1.544981931841729050e-01
9.026418805122375932e-01,2.182758038347967222e-01
8.931854367256164551e-01,-9.004366107991090828e-02
8.836346209049225076e-01,-4.086298616682260132e-01
9.039024949073791726e-01,2.064046800519845348e-01
8.858383536338806374e-01,-5.497060974654277565e-01
8.850607931613921897e-01,-4.924505267125161012e-01
9.005683064460754395e-01,-6.303290342486445041e-02
8.803600549697876421e-01,-9.109958364618115922e-01
8.948956608772278276e-01,-2.737942237369743737e-01
8.956967949867248313e-01,-2.911222894290350638e-01
8.798906981945038286e-01,-4.762272567539178603e-01
9.032828211784362793e-01,4.429032468694327207e-01
8.960042536258697732e-01,-2.520585848289402797e-01
8.827205836772918923e-01,-1.356833345897916487e-01
8.998870015144347922e-01,2.962298162808867374e-01
8.966420650482177512e-01,2.607542635188631053e-02
8.935858607292175293e-01,7.007513358487438282e-02
8.998872041702270508e-01,6.350051290039022689e-01
8.958363652229309748e-01,-8.542898547729205205e-02
8.984259128570556419e-01,-2.594485447647199017e-01
9.068759322166443093e-01,1.720069585173846782e-01
8.838561832904815452e-01,-4.158595325958964750e-01
8.978387415409088135e-01,1.787589457304683549e-01
8.919969439506530984e-01,-2.417515896497914873e-01
8.811438918113708718e-01,-6.309417277469298035e-01
9.006102561950684038e-01,-9.520343166220923692e-02
8.928833544254303201e-01,-4.114869757870684985e-01
8.824933767318725586e-01,-5.849979545300758588e-01
9.028908610343933105e-01,1.354494549506228829e-01
8.876259028911590576e-01,-6.194336885280469218e-01
8.867552280426025391e-01,-4.542302119401360194e-01
9.022270083427429421e-01,8.050964840715701953e-02
8.840577125549317072e-01,-5.564622042558227122e-01
8.979901254177093950e-01,-5.036201988313360189e-02
9.015479326248169167e-01,-1.293434923613423493e-02
8.941373348236084651e-01,1.681397989432373841e-01
9.087684631347656694e-01,6.615984985759166825e-01
8.956521213054656760e-01,3.587826016954802633e-01
8.897819757461548074e-01,4.322867216313999172e-01
8.806106984615326150e-01,-2.883250964347192635e-01
8.860146880149841753e-01,5.086659320235202841e-01
8.890000939369201438e-01,2.099482655536872855e-01
8.885964691638946755e-01,1.049718108332681865e+00
9.050211071968078391e-01,-3.408564482792364458e-01
8.703609347343445046e-01,4.077302957862674049e-01
9.021046280860901545e-01,9.475855476330066196e-01
8.988282382488250732e-01,6.895434640130386761e-01
8.944978058338165505e-01,-8.135041668567355444e-02
8.928603708744049516e-01,-1.671258211641357683e-01
8.929406166076659934e-01,-2.076918607082256507e-01
8.937880575656891313e-01,-1.753275250837393884e-01
8.939047813415527122e-01,-7.716417712342105162e-02
8.952923238277435969e-01,-1.670215209567564862e-01
8.955616354942321777e-01,-3.801207013929817080e-01
8.965975105762481467e-01,-4.980527773487422039e-01
8.964432656764984575e-01,-9.408723218973511493e-01
8.962822675704956721e-01,-9.538838195813137411e-01
8.950673222541809526e-01,-6.613893364006155906e-01
8.952660381793976496e-01,-4.484294725789150782e-01
8.973057925701141135e-01,-2.256206356736671914e-01
8.913497865200042947e-01,-5.609066664140827108e-01
8.957976639270782693e-01,-6.915511961917140127e-01
8.897410452365875910e-01,-1.314795493732636267e+00
8.805513918399811013e-01,-6.322618650216607072e-01
8.992595493793488215e-01,-1.695743481151117393e-01
8.963994026184082253e-01,-7.335600240622985879e-02
8.899498820304870828e-01,-1.117500884397379934e-01
9.009885907173157404e-01,4.444653156844400321e-01
8.985250055789947288e-01,-2.939623634780903494e-01
8.989916265010834406e-01,-3.441567914660632610e-01
9.085971474647521751e-01,1.546021188845241312e-01
8.865253150463104914e-01,-5.479270018275248511e-01
9.031563162803649680e-01,1.155047086518830035e-01
0.000000000000000000e+00,-3.000000000000000000e+00
0.000000000000000000e+00,-3.000000000000000000e+00
0.000000000000000000e+00,-3.000000000000000000e+00
0.000000000000000000e+00,-3.000000000000000000e+00
0.000000000000000000e+00,-3.000000000000000000e+00
0.000000000000000000e+00,-2.100000000000000089e+00
1.000000000000000000e+00,0.000000000000000000e+00
1.000000000000000000e+00,0.000000000000000000e+00
1.000000000000000000e+00,0.000000000000000000e+00
1.000000000000000000e+00,0.000000000000000000e+00
1.000000000000000000e+00,0.000000000000000000e+00
