0.000000000000000000e+00,-1.500000000000000000e+00
0.000000000000000000e+00,-1.500000000000000000e+00
0.000000000000000000e+00,-1.500000000000000000e+00
0.000000000000000000e+00,-1.500000000000000000e+00
0.000000000000000000e+00,-1.500000000000000000e+00
0.000000000000000000e+00,-1.500000000000000000e+00
0.000000000000000000e+00,-1.500000000000000000e+00
0.000000000000000000e+00,-1.500000000000000000e+00
0.000000000000000000e+00,-1.500000000000000000e+00
0.000000000000000000e+00,-1.500000000000000000e+00
0.000000000000000000e+00,-1.500000000000000000e+00
0.000000000000000000e+00,-1.500000000000000000e+00
0.000000000000000000e+00,-1.500000000000000000e+00
0.000000000000000000e+00,-1.500000000000000000e+00
0.000000000000000000e+00,-1.500000000000000000e+00
0.000000000000000000e+00,-1.500000000000000000e+00
0.000000000000000000e+00,-1.500000000000000000e+00
0.000000000000000000e+00,-1.500000000000000000e+00
0.000000000000000000e+00,-1.500000000000000000e+00
0.000000000000000000e+00,-1.500000000000000000e+00
0.000000000000000000e+00,-1.500000000000000000e+00
0.000000000000000000e+00,-1.500000000000000000e+00
0.000000000000000000e+00,-1.500000000000000000e+00
0.000000000000000000e+00,-1.500000000000000000e+00
0.000000000000000000e+00,-1.500000000000000000e+00
0.000000000000000000e+00,-1.500000000000000000e+00
0.000000000000000000e+00,-1.500000000000000000e+00
0.000000000000000000e+00,-1.500000000000000000e+00
0.000000000000000000e+00,-1.500000000000000000e+00
0.000000000000000000e+00,-1.500000000000000000e+00
0.000000000000000000e+00,-1.500000000000000000e+00
0.000000000000000000e+00,-1.500000000000000000e+00
0.000000000000000000e+00,-1.500000000000000000e+00
0.000000000000000000e+00,-1.500000000000000000e+00
0.000000000000000000e+00,-1.500000000000000000e+00
0.000000000000000000e+00,-1.500000000000000000e+00
0.000000000000000000e+00,-1.500000000000000000e+00
1.284623343211500346e-01,-1.000000000000000000e+01
1.730335245333029237e-01,-8.760279127954484935e+00
2.122124777556424757e-01,-6.901961973124127070e+00
2.432765206999432939e-01,-5.419839758976364053e+00
2.678398775802771081e-01,-4.212724898002921492e+00
2.870987889389826631e-01,-3.217393077811299129e+00
3.020757033223611665e-01,-2.391175352281809108e+00
3.136817517871342553e-01,-1.702761487042205646e+00
3.227160806728195941e-01,-1.127986353438606537e+00
3.298542951238427334e-01,-6.479005823808366982e-01
3.126450935030145595e-01,1.214914735860051609e+00
3.014240225884368130e-01,1.902577350246707821e+00
3.060195755757189051e-01,1.704109574655729542e+00
3.101552672936224164e-01,1.518240595766103374e+00
3.132435112858371618e-01,1.380507571200124906e+00
3.167971408610696371e-01,1.208549788596895658e+00
3.200086372357143216e-01,1.049814583918734501e+00
3.229194442982106783e-01,9.039163715114588715e-01
8.866980075836181641e-01,1.261775971976740074e+00
8.899672746658325861e-01,5.520458301246846666e-01
8.824701368808746116e-01,8.542239415359391685e-01
8.960332870483398438e-01,8.582663703993276272e-01
8.901572227478027344e-01,1.097434797821471797e+00
9.048586964607239214e-01,1.756245091571751793e+00
9.342689037322997603e-01,1.345328115481744469e+00
9.100237131118774636e-01,9.765225821880747503e-01
9.107773303985595703e-01,1.297388219804092024e+00
8.720681846141815630e-01,7.376766053172900683e-01
8.616016745567321999e-01,5.179847904085197463e-01
8.637201070785522905e-01,5.372381967330315256e-01
8.845947444438934104e-01,6.954737828060486571e-01
9.107604503631592241e-01,2.837864457588437084e-01
8.893558323383331521e-01,-5.031913882839411656e-02
8.703993499279022439e-01,1.639887630416446918e+00
9.076892018318176714e-01,1.969683013615068035e+00
8.984262943267822266e-01,7.062382383202567837e-01
8.965570271015167458e-01,2.943003560711243694e-01
6.500000000000000222e-01,3.141592653589793116e+00
6.500000000000000222e-01,3.141592653589793116e+00
6.500000000000000222e-01,3.141592653589793116e+00
6.500000000000000222e-01,3.141592653589793116e+00
6.500000000000000222e-01,3.141592653589793116e+00
6.500000000000000222e-01,3.141592653589793116e+00
6.500000000000000222e-01,3.141592653589793116e+00
6.500000000000000222e-01,3.141592653589793116e+00
6.500000000000000222e-01,3.141592653589793116e+00
6.500000000000000222e-01,3.141592653589793116e+00
6.500000000000000222e-01,3.141592653589793116e+00
6.500000000000000222e-01,3.141592653589793116e+00
6.500000000000000222e-01,3.141592653589793116e+00
6.500000000000000222e-01,3.141592653589793116e+00
6.500000000000000222e-01,3.141592653589793116e+00
6.500000000000000222e-01,3.141592653589793116e+00
6.500000000000000222e-01,3.141592653589793116e+00
6.500000000000000222e-01,3.141592653589793116e+00
6.500000000000000222e-01,3.141592653589793116e+00
6.500000000000000222e-01,3.141592653589793116e+00
6.500000000000000222e-01,3.141592653589793116e+00
6.500000000000000222e-01,3.141592653589793116e+00
6.500000000000000222e-01,3.141592653589793116e+00
8.088629364967346858e-01,-3.141592653589793116e+00
8.635541200637817383e-01,-3.141592653589793116e+00
9.061027050018310991e-01,-1.769841943740935619e+00
9.071203231811523215e-01,-1.210942260491471911e+00
8.976550281047821489e-01,-1.642411995040651718e+00
9.019395351409912331e-01,-5.662388974829095645e-01
8.947565317153930442e-01,-9.738680763715383826e-01
8.810275375843048540e-01,-1.132238110467712389e+00
9.033321499824523704e-01,-3.690622578615641025e-01
8.889390289783477561e-01,-1.033178754442204639e+00
9.034574031829833984e-01,-2.148616105113689834e-01
9.057178258895873801e-01,-9.305207603818343998e-02
8.991001188755035622e-01,-3.587831634560227911e-01
9.076618432998657671e-01,-3.071856448865517564e-02
9.041958332061768022e-01,-4.294434642726039364e-01
8.955554187297821711e-01,2.757570150722532532e-02
8.811502873897553156e-01,-1.670614059552697483e-01
8.908811330795288752e-01,-3.109958793923990328e-01
8.821489334106445979e-01,-3.144192481380199133e-01
8.775937676429749201e-01,4.454349143806890510e-02
8.927877604961395042e-01,-4.036998511477847273e-01
9.040601372718811701e-01,-1.012375076274076413e+00
9.021818876266479714e-01,-1.309982516658538820e-01
9.068975329399109331e-01,-4.687094026679763381e-01
9.255137681961059792e-01,1.212878461827759935e-02
6.139514446258544922e-01,-1.722081343303077938e+00
6.265315860509872437e-01,-1.861017458687102888e+00
5.908782333135604858e-01,-2.089793596954404808e+00
5.719934925436973572e-01,-2.121429890915890404e+00
5.551128089427947998e-01,-2.004780688785545717e+00
5.596077218651771545e-01,-1.939799131665719045e+00
5.649780184030532837e-01,-2.044101679714077413e+00
5.849391967058181763e-01,-1.947459953809711264e+00
6.377822905778884888e-01,-1.837618914946693716e+00
6.172021925449371338e-01,-1.781691346116106800e+00
6.414406001567840576e-01,-1.785385389816426027e+00
6.272875219583511353e-01,-1.758565256238780350e+00
5.697009414434432983e-01,-1.840054708658707572e+00
5.984809547662734985e-01,-1.514016941728458576e+00
5.606549456715583801e-01,-1.507689645485458696e+00
5.621387213468551636e-01,-1.302065625333949539e+00
4.925525635480880737e-01,-1.421569320033938988e+00
5.584857314825057983e-01,-1.475784080970630630e+00
6.991664767265319824e-01,3.202139485734094571e-01
7.050684541463851929e-01,6.630762096828015650e-01
6.925099939107894897e-01,8.675045225197299814e-01
6.886528432369232178e-01,9.440219260052904460e-01
6.836519986391067505e-01,1.157628001704309462e+00
6.769641339778900146e-01,1.237147453528661512e+00
6.677187383174896240e-01,1.148600228907049825e+00
6.735021173954010010e-01,1.047409740637044173e+00
6.756481528282165527e-01,9.936534699297396855e-01
6.818299293518066406e-01,1.272803237798052045e+00
6.649717986583709717e-01,1.389661508476941254e+00
6.610225141048431396e-01,1.250278044447620918e+00
6.602182090282440186e-01,1.132579941757786202e+00
6.682204455137252808e-01,1.026529101274602063e+00
6.473201811313629150e-01,1.049211868457187169e+00
6.404852420091629028e-01,8.002912780183089048e-01
6.425293087959289551e-01,6.668808733966025137e-01
6.447576433420181274e-01,5.701952833565475665e-01
6.480338275432586670e-01,7.711180699685238338e-01
6.579959094524383545e-01,6.849727929862439169e-01
6.737887114286422729e-01,6.586245382642470503e-01
6.884181499481201172e-01,5.722299800412602444e-01
7.059072703123092651e-01,3.240052704743274781e-01
7.103398889303207397e-01,6.491691252540561230e-01
7.112607806921005249e-01,7.036740823242961795e-01
7.035252004861831665e-01,5.795502816697775117e-01
7.167100459337234497e-01,7.091984354986369254e-01
7.102376073598861694e-01,8.467696600180505406e-01
6.933568120002746582e-01,1.007010731227573341e+00
6.397593468427658081e-01,1.008022461964505290e+00
5.933916866779327393e-01,8.963464322896119718e-01
5.912854820489883423e-01,8.431187782527422847e-01
6.246030107140541077e-01,7.475728599131596930e-01
6.375839859247207642e-01,7.640227534372532325e-01
8.655260205268859863e-01,2.146086310137576447e+00
8.855745196342468262e-01,7.859846414037541251e-01
8.852153480052947776e-01,9.352526566843097910e-01
8.891625106334686279e-01,7.024845543756823574e-01
8.800755918025970903e-01,1.375621989000316070e+00
8.903705358505249468e-01,1.046600337322147745e+00
8.967354595661163330e-01,1.158222906118751894e+00
9.040909886360168901e-01,1.446181360172773545e-01
8.953702807426452415e-01,8.564601230018720202e-02
8.948326945304870828e-01,4.645748450756284065e-01
8.944117963314056619e-01,7.412040870167762030e-01
8.968782246112824152e-01,1.235564974080611833e+00
9.190045237541198953e-01,1.268717834253167531e+00
9.260229945182800737e-01,1.045829976364950120e+00
9.027110219001770464e-01,6.278086019482356228e-01
8.921268343925475852e-01,8.797222525572268026e-01
8.748280405998229980e-01,5.505931173619385000e-01
8.833116769790649858e-01,5.789260720803710569e-01
8.931757152080536111e-01,2.893220341440336796e-01
8.923833966255187988e-01,6.911901714164403465e-01
9.002033710479736550e-01,2.445770579247432686e-01
8.696953773498535822e-01,1.117976508323309304e+00
8.952184319496154785e-01,1.213372436598061377e+00
9.015114426612854670e-01,1.048021216987488735e+00
8.975961089134216753e-01,3.133189464888967990e-01
2.500000000000000000e-01,-3.141592653589793116e+00
2.500000000000000000e-01,-3.141592653589793116e+00
2.500000000000000000e-01,-3.141592653589793116e+00
4.967866092920303345e-01,-2.297306630556620544e+00
6.649027317762374878e-01,-1.976833476306254278e+00
6.624001413583755493e-01,-2.014626572186109854e+00
7.351036071777343750e-01,-1.529621713329831767e+00
7.263145446777343750e-01,-1.401651912748264728e+00
7.136417329311370850e-01,-1.388948259841558341e+00
6.444886177778244019e-01,-1.616394242771122647e+00
6.423700749874114990e-01,-1.535274147907848885e+00
5.896288603544235229e-01,-1.828770624642743536e+00
5.971198678016662598e-01,-1.646926958146987863e+00
6.509083062410354614e-01,-1.577463956299857140e+00
7.109888046979904175e-01,-9.405622300779250544e-01
8.862078607082367609e-01,-2.526194652798624762e+00
9.055695533752441406e-01,-1.519805696864774180e+00
9.015326738357544167e-01,-1.106367913967330363e+00
8.929110884666443537e-01,-2.515229274263737658e+00
9.101826310157775657e-01,-1.170981611558616908e+00
9.011959671974182351e-01,-1.160633607859869798e+00
9.013199567794799583e-01,-1.645752784986534101e+00
9.017740011215210627e-01,-7.355831110291357611e-01
8.956592857837677446e-01,-1.389721429601467939e+00
9.046715497970581055e-01,-1.548280964253957892e+00
9.006733655929565208e-01,-9.033734949149763160e-01
8.935757458209991899e-01,-1.369150507551423424e+00
9.054193139076233132e-01,-8.185161944163730219e-01
8.920138537883758323e-01,-7.396004479216280458e-01
8.954133510589600276e-01,-1.127264095371447006e+00
8.975550353527069758e-01,-9.956713137981791917e-01
8.867551863193512407e-01,-6.023591640941403647e-01
9.011607408523559792e-01,-5.442822994281826254e-02
9.026164054870605691e-01,-3.756835421217732396e-01
8.962883949279785156e-01,-1.270646170941844844e-01
9.038231015205383523e-01,4.670570776591502771e-01
8.991293489933014360e-01,3.104786851863274855e-01
8.859347879886627641e-01,6.887367758740969848e-01
8.799922764301300049e-01,6.937102292098198397e-01
8.709525704383850320e-01,9.806279282322156732e-01
7.470868676900863647e-01,-3.760673181990159541e-02
7.302597612142562866e-01,6.651871653611500790e-01
7.225011587142944336e-01,1.067784514631020976e+00
7.250058501958847046e-01,1.151195281732845022e+00
7.029355615377426147e-01,1.155667176530927431e+00
6.876128613948822021e-01,1.227276197276930603e+00
6.854431778192520142e-01,1.327543993855980542e+00
6.898170113563537598e-01,1.363494140649609498e+00
6.760535687208175659e-01,1.296555035292898062e+00
6.733785122632980347e-01,1.241957247293020483e+00
6.725512742996215820e-01,1.197052637452920454e+00
6.611056178808212280e-01,1.209805444407090480e+00
6.642471104860305786e-01,1.016806149806074977e+00
6.522950977087020874e-01,9.128329806891000153e-01
6.545281261205673218e-01,8.329972576793549521e-01
6.601871848106384277e-01,6.966074155806896151e-01
6.597643792629241943e-01,6.933360030617987668e-01
6.556704789400100708e-01,6.619355549013801188e-01
6.509318202733993530e-01,7.893630693059798809e-01
6.595346927642822266e-01,6.344615320523359081e-01
6.787727922201156616e-01,6.598745959113085924e-01
6.932251602411270142e-01,4.802766608107078561e-01
7.086451351642608643e-01,4.226737347890550112e-01
7.078495919704437256e-01,6.144969836944751407e-01
6.994639784097671509e-01,7.033491038504950943e-01
7.049411833286285400e-01,5.730479033910507169e-01
7.130013108253479004e-01,6.800787351405190861e-01
7.109470069408416748e-01,7.562618911033283098e-01
7.003067284822463989e-01,8.334958201607691741e-01
6.688982844352722168e-01,1.084163766766902626e+00
6.142167374491691589e-01,9.646478069617367979e-01
5.941458120942115784e-01,8.574866467664228331e-01
6.189481541514396667e-01,7.508077579967920023e-01
6.400218904018402100e-01,6.614858655871578286e-01
8.736975193023681641e-01,1.605167083823459073e+00
8.790984392166137917e-01,1.060551098633067291e+00
8.809210181236267756e-01,9.043985206514131292e-01
8.790328502655029297e-01,1.101577220061414231e+00
8.811111807823182041e-01,1.141268598440927207e+00
8.876731574535370317e-01,8.998950736361965852e-01
8.895418882369995339e-01,7.899147181586543276e-01
8.883978486061095969e-01,7.427073582283418851e-01
8.818675339221954124e-01,8.222796155436831178e-01
8.874344229698181152e-01,4.914386087220701249e-01
8.841095745563507524e-01,7.520969984416887577e-01
8.889076054096222146e-01,1.261717174373298000e+00
9.049092292785644309e-01,9.266401185546699892e-01
9.114158034324646440e-01,8.626694495309612520e-01
9.016712307929992676e-01,6.985263895936597578e-01
8.897461235523224099e-01,7.477411071956199251e-01
8.955430626869201882e-01,7.494702061452458430e-01
8.948690056800842063e-01,7.924804658094855014e-01
8.814485132694244163e-01,9.762259726216671041e-01
8.795886278152466042e-01,1.070678892199178556e+00
8.855359673500061701e-01,6.324030541713265841e-01
8.852300286293030007e-01,-1.930360899165450839e-01
9.032179474830627219e-01,-1.429115074893489989e-01
9.074293017387390359e-01,1.895732106794394412e-01
9.127051115036011186e-01,4.997586568626140036e-01
6.170690432190895081e-01,-1.806121375839190302e+00
6.062924861907958984e-01,-1.949573765104150480e+00
5.828156918287277222e-01,-2.143623364666011888e+00
5.671170130372047424e-01,-2.219140928012788727e+00
5.935553461313247681e-01,-2.048122293543067407e+00
5.556475296616554260e-01,-1.920694404631439145e+00
5.692073926329612732e-01,-1.944480001385588519e+00
5.819542780518531799e-01,-2.029264460267189207e+00
6.011071726679801941e-01,-1.879782788726992893e+00
6.376548409461975098e-01,-1.780842619563239193e+00
6.318941712379455566e-01,-1.836776180506278777e+00
5.963204354047775269e-01,-1.849980549309812039e+00
6.089759021997451782e-01,-1.654929798834567922e+00
5.862202197313308716e-01,-1.630685056463732074e+00
5.707077533006668091e-01,-1.644716617666006186e+00
5.476683825254440308e-01,-1.632694942057820287e+00
7.408374994993209839e-01,-1.346661735009493377e-01
7.328489869832992554e-01,6.238917265660837153e-02
7.031711935997009277e-01,4.480693840712119957e-01
7.302178740501403809e-01,6.091518321331719221e-01
7.396973371505737305e-01,7.929524382918913261e-01
7.089071869850158691e-01,9.011256101044082811e-01
7.074731439352035522e-01,1.077334443852477008e+00
7.040699124336242676e-01,1.101798553715135132e+00
6.783839166164398193e-01,1.265278455332087493e+00
6.469455212354660034e-01,1.082304058491159626e+00
6.573468148708343506e-01,8.243259219462726328e-01
6.917544603347778320e-01,9.628841597387509665e-01
6.905977129936218262e-01,1.155972493385742705e+00
6.768299341201782227e-01,1.123254716753305793e+00
6.317710578441619873e-01,8.694706844182649164e-01
5.773661583662033081e-01,6.778947505916534944e-01
6.251711249351501465e-01,6.920102481816434725e-01
6.797800958156585693e-01,6.460694710210157510e-01
7.244799137115478516e-01,6.813936761302321621e-01
7.263009995222091675e-01,6.276397929052328628e-01
6.845296621322631836e-01,7.096569725414023644e-01
6.595240533351898193e-01,9.139744781113350314e-01
6.327096074819564819e-01,8.498562533184794709e-01
6.450721323490142822e-01,7.943908261608050303e-01
6.344218850135803223e-01,7.342345580336333555e-01
6.328962445259094238e-01,8.097701445311464852e-01
6.004042103886604309e-01,8.113801502457755888e-01
5.757696181535720825e-01,7.965485484043117737e-01
5.628336369991302490e-01,6.995867126175125961e-01
5.882370620965957642e-01,4.916284369720358427e-01
5.902007073163986206e-01,6.015364657797390713e-01
5.696269348263740540e-01,6.709363631926024141e-01
5.347121059894561768e-01,5.824356242558774710e-01
5.376168042421340942e-01,5.540323090295045105e-01
5.562274456024169922e-01,7.807376574972422212e-01
6.331965178251266479e-01,-1.594633043758407753e+00
6.277031302452087402e-01,-1.701072903417230719e+00
6.100446730852127075e-01,-1.859761642994481434e+00
5.981193259358406067e-01,-2.143229664152519476e+00
5.968362689018249512e-01,-1.977082336226554604e+00
6.031851470470428467e-01,-1.798671962912669287e+00
5.988989993929862976e-01,-1.732397326650906066e+00
5.785558745265007019e-01,-1.839562606423531310e+00
6.419833004474639893e-01,-1.700949877858436654e+00
6.304602175951004028e-01,-1.405353352962392499e+00
5.817596167325973511e-01,-1.658587608979899874e+00
6.158331930637359619e-01,-1.424101549305738068e+00
5.398442447185516357e-01,-1.523846440446534833e+00
5.756742209196090698e-01,-1.477045233388405210e+00
5.350221917033195496e-01,-1.890058699822793731e+00
6.786568760871887207e-01,-1.464526025193132908e+00
8.711588382720947266e-01,-3.141592653589793116e+00
9.169925689697265847e-01,-1.060503910747502498e+00
9.092589139938355158e-01,-1.150707860835522345e+00
8.961262166500091331e-01,-2.084161573009429613e+00
9.045817613601684348e-01,-5.582587144705413174e-01
8.978176772594451682e-01,-7.831563643260901486e-01
9.037702083587646484e-01,-1.182350521416489109e+00
8.994784951210021973e-01,-7.570992888185901215e-01
8.912994146347046343e-01,-1.439093252901796571e+00
9.075718998908997026e-01,-1.017040872086057313e+00
8.972523868083953635e-01,-9.289877158615205133e-01
8.913684666156769243e-01,-1.115577978060611208e+00
8.977597594261169656e-01,-9.837642373406505492e-01
8.905382096767425759e-01,-8.672345029523311766e-01
9.040079832077027033e-01,-5.627307028953807411e-01
8.826226234436035378e-01,-1.212602450147892030e+00
8.827442049980164240e-01,-5.100345679584146197e-01
8.969102680683136430e-01,-3.366123473811128974e-01
8.815975487232208252e-01,-5.730152276528324151e-01
8.952509999275207742e-01,2.876461151924250004e-01
8.953683555126190630e-01,-2.819073567443863837e-01
8.915644586086273193e-01,-4.856356223186795162e-01
9.104163408279418723e-01,6.743186297918679628e-02
8.895213723182678889e-01,-5.897980111116991608e-01
8.954943060874939187e-01,-2.260359639680435961e-01
0.000000000000000000e+00,3.000000000000000000e+00
0.000000000000000000e+00,3.000000000000000000e+00
0.000000000000000000e+00,3.000000000000000000e+00
0.000000000000000000e+00,3.000000000000000000e+00
0.000000000000000000e+00,3.000000000000000000e+00
0.000000000000000000e+00,3.000000000000000000e+00
0.000000000000000000e+00,3.000000000000000000e+00
0.000000000000000000e+00,1.500000000000000000e+00
1.000000000000000000e+00,0.000000000000000000e+00
1.000000000000000000e+00,0.000000000000000000e+00
1.000000000000000000e+00,0.000000000000000000e+00
1.000000000000000000e+00,0.000000000000000000e+00
1.000000000000000000e+00,0.000000000000000000e+00
1.000000000000000000e+00,0.000000000000000000e+00
1.000000000000000000e+00,0.000000000000000000e+00
1.000000000000000000e+00,0.000000000000000000e+00
1.000000000000000000e+00,0.000000000000000000e+00
1.000000000000000000e+00,0.000000000000000000e+00
1.000000000000000000e+00,0.000000000000000000e+00
1.000000000000000000e+00,0.000000000000000000e+00
1.000000000000000000e+00,0.000000000000000000e+00
1.000000000000000000e+00,0.000000000000000000e+00
