0.000000000000000000e+00,1.500000000000000000e+00
2.981512269246436309e-01,-2.881587158444001151e+00
3.086300997909999788e-01,-2.147750099424131864e+00
3.154613032663534655e-01,-1.559380407883661501e+00
3.194728973591831056e-01,-1.085583333092408731e+00
3.213347669637441895e-01,-7.001375256929848190e-01
3.555442034036019883e-01,-3.002549750780112991e-01
3.533079048986521586e-01,-2.382311855645768278e-02
3.418221968379672182e-01,2.145976760055297583e-01
3.305687278206374535e-01,4.177376176266320851e-01
3.204811808907790383e-01,5.920038718648105158e-01
3.382065973218782995e-01,8.550562838412292255e-01
3.298551912856976243e-01,9.874646386146080923e-01
3.230069551848860909e-01,1.099631910009662983e+00
3.176655557137118557e-01,1.191699183529780770e+00
3.137880049989416054e-01,1.263125741606807129e+00
3.112763683590786812e-01,1.313414262161880286e+00
3.099802591998917500e-01,1.342462577208547447e+00
3.097087817267576981e-01,1.350786065627346044e+00
3.102495557868580889e-01,1.339593422155323621e+00
3.105186253012895414e-01,1.362017511674292747e+00
3.138936329071694287e-01,1.216448808345056865e+00
3.174010244471974773e-01,1.058843448116141062e+00
3.210802647271771559e-01,8.851888402118374133e-01
3.240922992482820342e-01,7.440687838045513258e-01
3.267461897196434206e-01,6.181648557733352423e-01
3.287020599477638028e-01,5.282110507196292604e-01
3.299140340605410948e-01,4.774676822545339538e-01
3.307910438679776965e-01,4.440446809690009045e-01
3.320684555820729855e-01,3.856123851494634436e-01
3.329225491417859284e-01,3.498098478508381848e-01
8.686200439929963046e-01,2.572614986208980881e+00
8.917434632778168391e-01,2.361064579588258994e-01
8.797913789749145508e-01,7.608934195222203378e-01
8.725574851036071999e-01,1.498473027519183098e+00
8.889771163463592307e-01,1.124594047513236106e+00
8.865279912948608176e-01,5.717014569975824578e-01
8.753561437129975253e-01,1.217216002229426053e+00
8.877854883670807107e-01,1.017553197700761025e+00
8.880506336688995805e-01,6.369739124516353712e-01
8.761311411857605203e-01,1.032055982371383962e+00
8.915439188480377419e-01,1.395497451498821206e+00
8.914108335971832053e-01,7.603428941906305027e-01
8.872949957847595659e-01,8.487213097692394292e-01
9.026550650596618652e-01,9.752870835017386497e-01
9.015639066696167214e-01,9.614441802149666927e-01
8.940172076225281206e-01,1.095465265359682583e+00
8.965303301811218262e-01,9.732516378029689719e-01
8.964050471782684104e-01,5.541734045524138175e-01
9.012517809867859331e-01,1.095116973823370365e+00
9.077115535736084428e-01,9.072766071638396213e-01
9.072808504104614702e-01,7.853262580480162569e-01
9.118407487869263361e-01,4.984759702907126666e-01
9.082493662834167925e-01,3.250724750648252837e-01
8.991364955902100276e-01,5.634244771652925365e-01
8.916195631027221680e-01,6.988896614111035355e-01
8.841474771499634455e-01,1.025384139662355309e+00
8.154880404472351074e-01,4.071475160368660529e-01
8.106122612953186035e-01,6.864666547087239223e-01
8.015952110290527344e-01,9.770944544202775361e-01
8.095319569110870361e-01,1.243719209234379175e+00
8.035132884979248047e-01,1.440776100233428281e+00
7.754496037960052490e-01,1.384350343428455421e+00
7.572922110557556152e-01,1.449358116040262878e+00
7.508403360843658447e-01,1.555981390516191887e+00
7.490595430135726929e-01,1.478982558245761858e+00
7.520485222339630127e-01,1.132368158033286942e+00
7.708253860473632812e-01,9.791783051524531878e-01
7.683119475841522217e-01,1.174615359627380951e+00
7.576334178447723389e-01,1.265827014501778702e+00
7.599782943725585938e-01,1.331795116760884579e+00
7.784241139888763428e-01,1.310949306552073423e+00
7.809359431266784668e-01,1.487554462362832286e+00
7.929423451423645020e-01,1.211842949894514909e+00
8.407304584980010986e-01,6.509944256965747300e-01
8.094791173934936523e-01,1.000325219012011768e+00
7.763538956642150879e-01,1.227533483605367515e+00
7.531710863113403320e-01,1.187567029813573871e+00
7.775144577026367188e-01,1.033951643321842973e+00
7.642272114753723145e-01,9.702277744297793660e-01
7.713283002376556396e-01,9.369757635214832625e-01
7.425940483808517456e-01,9.892419643899694748e-01
7.143708020448684692e-01,1.202908991107842773e+00
7.005522996187210083e-01,9.854938980508189950e-01
7.082457840442657471e-01,5.355409776941892908e-01
7.036549150943756104e-01,6.217036692532844633e-01
6.771326661109924316e-01,5.178977643378201989e-01
6.928080469369888306e-01,5.109590385577544858e-01
7.219389528036117554e-01,7.477203220555495022e-01
6.762996971607209140e-01,-1.821328140096245995e+00
6.672675549983978494e-01,-1.793954766011055524e+00
6.637229621410369873e-01,-1.763596102776589181e+00
6.432213723659515603e-01,-1.903743093009840681e+00
5.822567462921142134e-01,-2.393594634572764779e+00
5.953967809677124245e-01,-2.509809034043262166e+00
6.257937014102935569e-01,-1.878154993928520033e+00
6.314042389392853227e-01,-2.017386220850839518e+00
7.226877689361572710e-01,-1.901750996499596225e+00
7.121750116348266602e-01,-1.709776540381503063e+00
6.929072737693786621e-01,-1.608518828099918974e+00
6.828117430210114414e-01,-1.718545528822212454e+00
7.053447484970092329e-01,-1.784897313531803809e+00
7.253026723861695224e-01,-1.808996185415119973e+00
6.716693639755249023e-01,-1.870176683451292954e+00
5.751270055770874023e-01,-2.053502367884759039e+00
7.859734594821929932e-01,1.788901636305062492e-01
7.833753824234008789e-01,3.760113762116648051e-01
8.045879006385803223e-01,4.459691018431697351e-01
8.094687461853027344e-01,5.478419887321024362e-01
8.287943899631500244e-01,8.439664749112818498e-01
8.123540580272674561e-01,1.310755218284660906e+00
7.844661176204681396e-01,1.451958505591210979e+00
7.699150443077087402e-01,1.469301177057375174e+00
7.655043303966522217e-01,1.380521945331736777e+00
7.719771862030029297e-01,1.256422300380542811e+00
7.754427194595336914e-01,1.138686559734364945e+00
7.569398283958435059e-01,1.213755463661247092e+00
7.514409422874450684e-01,1.100106250081038795e+00
7.609368860721588135e-01,1.168822204033483025e+00
7.576928138732910156e-01,1.411262324854789973e+00
7.966052591800689697e-01,1.167670033160941312e+00
8.505466282367706299e-01,6.365498768688513387e-01
8.050342202186584473e-01,9.172902697130789207e-01
7.720329761505126953e-01,1.280506940996783971e+00
7.542273998260498047e-01,1.125824209474419746e+00
7.708414196968078613e-01,1.076677184017823752e+00
7.711795568466186523e-01,1.139755309166354369e+00
7.440913617610931396e-01,7.943941967240597535e-01
7.205024808645248413e-01,1.021572407128394921e+00
7.107082456350326538e-01,1.196731310422645578e+00
7.223947793245315552e-01,7.722307771629588480e-01
7.310481518507003784e-01,7.250742097483584558e-01
7.173406779766082764e-01,6.393630332252482340e-01
7.049513757228851318e-01,6.901057395026413133e-01
7.327224850654602273e-01,-1.566687048426958384e+00
7.332302808761597124e-01,-1.624404948106296986e+00
7.369000792503357378e-01,-1.651638911950205735e+00
6.997823655605316384e-01,-1.563638561216658118e+00
6.886013448238372803e-01,-1.583896489017807330e+00
6.671573162078857644e-01,-1.728088436036887998e+00
6.609122395515442117e-01,-1.821859003808850463e+00
6.997078895568847878e-01,-1.963459455818904686e+00
7.098392724990845171e-01,-1.834659279528856102e+00
7.232186317443847212e-01,-1.677336086203516485e+00
7.052124261856078657e-01,-1.670777157363517729e+00
6.902016222476958784e-01,-1.690271933467764054e+00
7.293136835098266157e-01,-1.712582440664226713e+00
6.911297023296356645e-01,-1.809898840980061596e+00
6.834427952766418679e-01,-1.833097772474390874e+00
8.218203783035278320e-01,-5.804579930796011089e-01
7.903642058372497559e-01,3.403784836843783967e-01
8.010835945606231689e-01,4.391192746689447368e-01
8.035211563110351562e-01,6.058092164655271006e-01
8.287810683250427246e-01,7.919848057575409328e-01
8.214139640331268311e-01,1.135132862542898469e+00
7.846103608608245850e-01,1.227901998521207183e+00
7.844852507114410400e-01,1.312879515775892347e+00
7.955816984176635742e-01,1.339749926922086054e+00
7.934334278106689453e-01,1.378692291245013912e+00
7.728427052497863770e-01,1.340211974968242181e+00
7.594387531280517578e-01,1.098797628897428158e+00
7.560791671276092529e-01,1.002575350864749471e+00
7.447640448808670044e-01,9.270654649120526614e-01
7.694541811943054199e-01,1.003806729973774736e+00
8.208453953266143799e-01,8.259154234011027995e-01
8.463771343231201172e-01,6.422382641215844679e-01
7.910268306732177734e-01,1.018257739047736088e+00
7.568263113498687744e-01,1.331644284055240046e+00
7.535150647163391113e-01,9.767284674268785771e-01
7.315035015344619751e-01,1.370753772139543081e+00
7.628562152385711670e-01,8.837823768777020028e-01
7.370852828025817871e-01,8.318877806080386961e-01
7.189467400312423706e-01,1.085125219935286545e+00
7.208754271268844604e-01,1.107054947110732712e+00
7.235352545976638794e-01,7.072149994634218118e-01
7.135356068611145020e-01,7.210066421006962045e-01
6.961811035871505737e-01,6.538221878270751297e-01
7.006880491971969604e-01,7.502530194611338743e-01
7.251611590385437234e-01,-1.486315967620269296e+00
7.144016742706298384e-01,-1.590088400970079752e+00
7.167862296104431374e-01,-1.574328115325208000e+00
6.708776116371155673e-01,-1.584036367392874567e+00
6.405079960823059082e-01,-1.889953837854871699e+00
6.480870962142943892e-01,-1.891098518586847410e+00
6.436001002788543923e-01,-1.977425010157442209e+00
6.970602989196776900e-01,-1.973667581142584559e+00
7.264359235763550027e-01,-1.708352009272635863e+00
7.200420379638672319e-01,-1.593295585533618608e+00
7.119742751121520552e-01,-1.636446753467253545e+00
6.856979787349701816e-01,-1.697535497281494887e+00
7.215617060661316806e-01,-1.715155491202109639e+00
6.748093903064728005e-01,-1.900248474302087320e+00
6.746204555034638339e-01,-1.943902417921204551e+00
8.001997768878936768e-01,-1.067687236430421294e-01
7.866307795047760010e-01,3.953777900319639382e-01
8.002353608608245850e-01,4.620421944834225414e-01
8.060508370399475098e-01,5.604438225404919649e-01
8.339998126029968262e-01,8.673489148494746281e-01
8.365405797958374023e-01,1.196506325325399356e+00
8.091223537921905518e-01,1.577177739303484927e+00
7.828415334224700928e-01,1.668762964938604210e+00
7.980782687664031982e-01,1.486259604312511140e+00
7.933403849601745605e-01,1.575961808609376291e+00
7.755577862262725830e-01,1.508761203720160093e+00
7.613023221492767334e-01,1.204575453756986825e+00
7.585885822772979736e-01,1.081658314747626637e+00
7.647545933723449707e-01,1.091411320405174301e+00
7.648636102676391602e-01,1.007173360904609183e+00
7.635356485843658447e-01,1.062698615560052851e+00
7.633751630783081055e-01,9.899031565484195383e-01
7.794415950775146484e-01,8.126078779112750894e-01
7.979680001735687256e-01,6.095876178739687568e-01
8.068094253540039062e-01,4.637543001766397666e-01
8.181211054325103760e-01,7.813616330197556969e-01
8.171293139457702637e-01,9.296400134780489211e-01
8.122876286506652832e-01,9.122883538432056127e-01
8.132472634315490723e-01,1.035481036398631982e+00
7.885808944702148438e-01,1.184701208406323314e+00
7.477352768182754517e-01,1.182654995630490813e+00
7.216115295886993408e-01,9.831176509563039900e-01
7.375161498785018921e-01,7.225419336631806466e-01
8.589368641376495805e-01,2.323321761276951669e+00
8.883727431297302468e-01,1.126995386578647285e+00
8.905438244342803733e-01,8.253876493714815687e-01
8.875817120075225608e-01,1.221552419110023990e+00
8.817646086215973344e-01,1.502055561751827639e+00
8.909566938877105935e-01,7.099773164907281497e-01
8.970793485641479492e-01,6.158307436623600140e-01
8.952501177787780540e-01,3.743216473133883504e-01
8.773227930068969727e-01,8.482381957027418373e-01
8.868303596973419189e-01,5.907458884003071731e-01
8.905377388000488281e-01,5.729204773746743307e-01
8.867004752159118874e-01,1.396302267102622174e+00
9.039476990699768510e-01,1.238389131580964531e+00
9.161834239959717463e-01,9.736276428593750865e-01
9.088922381401062234e-01,8.166567670209010643e-01
8.910997211933135986e-01,1.010835665134280248e+00
8.868753135204315852e-01,1.561530648407914335e+00
8.831892132759094904e-01,1.491632656647421840e+00
8.654076814651490146e-01,7.262110726461186161e-01
8.452372491359710915e-01,1.349293395897304570e+00
8.629677176475525346e-01,9.276067211946923408e-01
8.958436369895935725e-01,-1.409464878372500563e+00
8.904728949069976585e-01,-1.945761751689919272e+00
8.966028809547424983e-01,-6.473833353030222781e-01
8.973007202148437500e-01,2.972275030042581534e-02
6.868627548217773882e-01,-1.626107644310428313e+00
6.710494339466095415e-01,-1.742407899517161685e+00
6.445688247680664285e-01,-1.901913251669604010e+00
6.089865684509276900e-01,-2.000075756989108555e+00
6.128066062927246538e-01,-2.090315940632115677e+00
5.604373335838317427e-01,-2.616254792187780343e+00
5.838479399681091309e-01,-2.705722274204663158e+00
6.313799023628234863e-01,-2.139237606484436505e+00
6.105675339698791726e-01,-2.210382238515357312e+00
7.451431512832642490e-01,-1.708601243699964467e+00
7.317461967468261719e-01,-1.659223147406911902e+00
7.474954128265380859e-01,-1.598784266913514829e+00
7.167957067489624245e-01,-1.557594579540561464e+00
6.656307280063629150e-01,-1.615138146198229929e+00
6.898654520511626753e-01,-1.452120667134461751e+00
6.124584197998046431e-01,-1.630044836698866240e+00
6.912542641162873203e-01,-1.623179467482967153e+00
8.293764770030975786e-01,-3.141592653589793116e+00
8.716209888458252841e-01,-3.141592653589793116e+00
8.917837858200073908e-01,-2.725462914172983808e+00
9.079360842704773393e-01,-8.224189321582078271e-01
9.141060829162598322e-01,-9.207772110267522514e-01
8.922166407108307329e-01,-9.626246263681443871e-01
9.041421055793762429e-01,-1.022025935139657005e+00
8.923393011093140315e-01,-8.332979868230734333e-01
9.015045404434204324e-01,-3.470032321345994930e-01
8.901977956295014094e-01,-7.309240563436643079e-01
8.992501497268676758e-01,-1.489053052236544161e-01
9.207565665245056596e-01,5.375187024972216676e-02
9.216299772262572798e-01,9.232545750189062872e-01
9.192972898483275923e-01,1.094872420733895346e+00
9.049629092216492365e-01,7.695512730022837644e-01
8.841662168502807395e-01,9.929424683365262183e-01
8.673049390316009966e-01,1.267417920357964967e-01
8.739735841751099521e-01,8.273339623975171087e-01
8.813879311084747981e-01,3.035783931900399857e-01
8.891005992889404741e-01,1.017412757565151260e+00
8.939510941505431907e-01,-4.124254903999693411e-01
8.566734552383423740e-01,1.075396182727549110e+00
9.044026851654053401e-01,1.368400744480782194e+00
9.029406309127807617e-01,9.972818812733503790e-01
8.970833718776702881e-01,2.273486111022084977e-01
7.079381942749023438e-01,2.962900557363875365e+00
7.721638679504394531e-01,2.573588985362812664e+00
7.434643507003784180e-01,7.984273565384976123e-01
7.389685064554214478e-01,7.883451592030810140e-01
7.316358536481857300e-01,9.719498513726247957e-01
7.438281029462814331e-01,9.605927384861439045e-01
7.586758732795715332e-01,8.838598998325584155e-01
7.676838636398315430e-01,7.874763965241999841e-01
7.749032378196716309e-01,7.260275173888768308e-01
7.715159952640533447e-01,9.112929141620043083e-01
7.541779875755310059e-01,1.127029466718221684e+00
7.480028867721557617e-01,1.039418696920855645e+00
7.482621371746063232e-01,1.187468721718647036e+00
7.557293772697448730e-01,1.309619900228392364e+00
7.880524396896362305e-01,1.038554990086856034e+00
7.972038090229034424e-01,9.134489511238839121e-01
7.632502317428588867e-01,1.005492573361633113e+00
7.626309990882873535e-01,1.124376271676284400e+00
7.575568556785583496e-01,4.780294782008178700e-01
7.959057688713073730e-01,-1.996281626285467681e-02
8.457458317279815674e-01,6.557320332312306377e-01
8.425445258617401123e-01,1.299578430532302598e+00
7.985313832759857178e-01,9.150213188821694210e-01
8.132055103778839111e-01,8.344289044217596540e-01
8.139105737209320068e-01,9.395615472983278593e-01
8.136841654777526855e-01,1.044039739142955447e+00
7.889527976512908936e-01,1.084058717545466788e+00
7.578333318233489990e-01,1.202876689876652527e+00
7.325752526521682739e-01,1.028799175626596174e+00
8.562441110610962136e-01,3.141592653589793116e+00
8.903335571289062722e-01,2.014708121091520532e+00
8.928561568260192649e-01,1.372224835746675531e+00
8.904395520687103938e-01,7.723327367014114486e-01
8.909645020961761697e-01,1.074430703608611815e+00
8.826578378677368830e-01,1.770895057504493941e+00
8.923703432083129883e-01,9.787351697112267601e-01
9.041047096252441406e-01,1.272945644095559992e-01
9.018550992012024370e-01,-5.574892897809125003e-02
8.834321439266205056e-01,8.945864365101519056e-01
8.988372385501861572e-01,6.928941783951705347e-01
9.056744456291199175e-01,8.194034015663973491e-01
9.087527394294738770e-01,1.439766054778123916e+00
9.340437889099121316e-01,1.572685340245603136e+00
8.980273962020873801e-01,9.288242435436711020e-01
8.908090889453887939e-01,8.067068642932286870e-01
8.592271924018860529e-01,6.435191717851016513e-01
8.712614059448242632e-01,1.461187856796448692e-01
8.681383907794952837e-01,6.620070857437836409e-01
8.788597226142883523e-01,6.429192115257773565e-01
9.083115339279175249e-01,1.748700647486800541e-01
8.828160762786865234e-01,1.222147510777982227e-01
8.735437512397766779e-01,1.134512491650531807e+00
9.220653057098389116e-01,1.856171805874784475e+00
8.977383971214294434e-01,5.104512070273901081e-01
8.952540397644043191e-01,4.875665805565549960e-01
8.977637827396393044e-01,-1.303041028889135866e-01
8.978187680244446023e-01,-1.904104211411872249e-01
9.003247380256652610e-01,-2.821713841993327421e-01
9.014321565628051758e-01,-3.665603636590564207e-01
9.009803652763367365e-01,-4.282308105149930100e-01
8.992026984691620095e-01,-6.660525106633983228e-01
8.991907775402069314e-01,-7.544981502535854645e-01
8.980517089366912842e-01,-1.341230634085197382e+00
8.970998883247375266e-01,-1.026090647171228554e+00
8.967685937881469949e-01,-1.001192109155751186e+00
9.034966230392456055e-01,-7.836947181792601747e-01
8.982192635536193626e-01,-6.695410436319417791e-01
8.860583066940307395e-01,-9.436824353841433144e-01
8.847182273864746538e-01,-1.136707102836325589e+00
8.843848109245300293e-01,-8.960136827949742866e-01
8.801870703697205478e-01,-8.131077511672883951e-01
8.971862792968750000e-01,-5.975609800476582301e-01
8.888776183128357378e-01,-5.388141223080862297e-01
8.813027024269104448e-01,-4.403992928782698435e-01
8.977794885635376199e-01,-3.939836408057670880e-01
8.931961238384247270e-01,-8.211718237539944454e-01
8.868634402751922607e-01,-6.131249303829475750e-01
8.943644583225250910e-01,-4.606065686038420814e-01
8.787408053874969927e-01,-7.907768333377838132e-01
8.950251698493957297e-01,-1.698758262728867763e-01
8.858863353729248269e-01,-6.389559908988728942e-01
8.787996649742126909e-01,-7.493196543198723525e-01
8.965463697910308616e-01,-2.953036603999197318e-01
8.895085692405700906e-01,-6.244142574973077231e-01
8.877306878566741943e-01,-3.250647976707452536e-01
9.005723476409912553e-01,-6.230561077592033925e-02
8.865785479545593706e-01,-6.355582758846902713e-01
8.942072272300720659e-01,-2.345818398466459342e-02
8.977781355381012629e-01,-1.012423574934251391e-02
8.820796072483062522e-01,-2.579763576365028399e-01
9.045641779899596946e-01,4.656788917950342999e-01
8.978638648986816406e-01,1.993291187664563147e-01
8.971410334110260232e-01,7.803232186570578932e-01
9.054126858711243342e-01,9.097412379170322083e-01
8.966078460216522217e-01,6.882577813849106718e-01
8.906037330627442072e-01,7.898180953453550757e-01
8.873415589332580566e-01,1.022516539346707276e-02
8.877900123596191850e-01,1.026430137792376129e+00
8.888986706733703613e-01,4.985984340889642041e-01
8.970328688621521662e-01,9.369098502845032428e-01
8.987059533596039040e-01,-2.744335072342694026e-01
8.678391695022583674e-01,8.310475740900646890e-01
9.074424147605896218e-01,1.136138226660349027e+00
9.008308410644531028e-01,4.702467540191168638e-01
8.950394749641418235e-01,2.285728745776971493e-02
8.913000285625457542e-01,-2.389023401785426159e-01
8.914743363857269287e-01,-1.834648137944765445e-01
8.895726203918457031e-01,-4.289809480926631835e-02
8.912621498107909934e-01,-2.875444365342434416e-01
8.927274584770202859e-01,-4.975483163816321053e-01
8.916981935501099299e-01,-5.459709516187536416e-01
8.914364457130432573e-01,-5.438806406403395854e-01
8.892467260360717995e-01,-8.676904652592773992e-01
8.922126770019531694e-01,-7.083133817640252516e-01
8.907136559486389382e-01,-8.340595468651064159e-01
8.925720274448395442e-01,-7.093378457399190928e-01
8.925484955310821755e-01,-5.103070218214975640e-01
8.861840903759002908e-01,-6.526841077814728997e-01
8.925255417823791948e-01,-8.655198225232947351e-01
8.825487852096557395e-01,-9.554883949440324820e-01
8.814647436141967995e-01,-5.517705674588895270e-01
9.006278038024903010e-01,-1.040161437984714610e-01
8.929154038429260032e-01,-8.398507362971052714e-02
8.920762121677399126e-01,5.077154331857158809e-02
9.016109108924865723e-01,6.453153074927917565e-01
8.977064430713653786e-01,-2.046379431460150222e-01
9.074036717414856179e-01,8.273946325361025700e-02
9.040663242340087891e-01,2.244705245897811174e-01
8.882666289806365745e-01,-3.815041303554935759e-01
9.094666957855225276e-01,3.892472504189532501e-01
8.951176166534423606e-01,9.776917931304041076e-02
8.919673025608062522e-01,-4.485245973640994421e-02
9.044945955276489924e-01,1.909203124602072421e-01
8.911464810371398926e-01,-3.527097829782048777e-01
8.950225353240967019e-01,-6.143956327299449072e-02
9.047220349311828613e-01,2.281234661437454569e-01
8.909932136535644309e-01,-5.088765922269344877e-01
9.027300119400024636e-01,1.018187238099659275e-01
9.027807116508483887e-01,-1.441234122329015932e-02
8.895643174648285578e-01,-3.186822616410722731e-01
9.179330587387085627e-01,4.380380260648859547e-01
9.212599277496338335e-01,4.472595126225296092e-01
9.234734535217284934e-01,1.048875093011995219e+00
9.125714659690856712e-01,9.629882726926162206e-01
8.972031295299530695e-01,5.855593405654859751e-01
8.749497175216675027e-01,4.776765989534097478e-01
8.707929670810700129e-01,-1.438842894953382689e-01
8.690004885196686013e-01,7.239546678006569813e-01
8.824008047580719216e-01,2.838448688552572818e-01
8.932026624679565430e-01,1.003870583422098228e+00
8.937223672866821955e-01,-4.842141808927955537e-01
8.609468042850494385e-01,9.302016803937300793e-01
9.064452290534973367e-01,1.373476438235228692e+00
9.036104798316956233e-01,1.088053771269775538e+00
8.983118534088134766e-01,4.939807624301186806e-01
4.000000000000000222e-01,-3.141592653589793116e+00
4.000000000000000222e-01,-3.141592653589793116e+00
5.851262807846069336e-01,-2.881420093112626812e+00
6.668723046779632124e-01,-2.766446154546590819e+00
6.389516353607177512e-01,-1.827264544628465659e+00
6.773179173469543457e-01,-1.920110922681359744e+00
7.548885464668273482e-01,-1.917046425295600098e+00
7.665732502937316895e-01,-1.857543063358877422e+00
7.817111015319824219e-01,-1.495800919872316559e+00
7.270966768264770508e-01,-1.241892644830639991e+00
7.351492047309875488e-01,-1.625406099019679695e+00
6.763005554676055908e-01,-1.108121355873795455e+00
6.928221583366394043e-01,-1.653647299516180613e+00
6.886155605316162109e-01,-1.345740634973408456e+00
6.561308085918426958e-01,-1.496625958855644756e+00
8.276051044464112216e-01,-3.141592653589793116e+00
8.130228042602539729e-01,-3.141592653589793116e+00
9.098768472671509011e-01,-2.654470612875821089e+00
9.134556055068969727e-01,-1.210664563529993076e+00
9.186442852020263450e-01,-1.682636484174938607e+00
8.997817635536193848e-01,-1.134173750043441675e+00
9.014076232910156472e-01,-8.925172851788363282e-01
8.944005131721496360e-01,-1.328019149648126618e+00
8.951822876930236594e-01,-7.928604031896884230e-01
9.050576210021973322e-01,-1.053417114251125497e+00
8.879527986049652322e-01,-1.037025877890338066e+00
9.076313138008117454e-01,-1.485959624182848771e-01
9.103517889976501243e-01,-4.252592844990070731e-01
8.973859548568725586e-01,-1.901666170657687616e-01
9.111246347427368608e-01,-2.831194487414547822e-01
9.013857126235962358e-01,-4.816660350722941075e-01
8.858825445175171343e-01,8.084408318342224398e-01
8.806101560592651811e-01,1.252733125271591419e+00
8.827929377555847612e-01,3.434821170545943048e-01
8.792904555797577126e-01,-1.306220593559337395e-01
8.707940816879272683e-01,9.010212162702719851e-01
8.885032653808594416e-01,-3.737310497297712253e-01
8.939975321292877863e-01,-1.946181199561606734e+00
9.006848454475403498e-01,-1.446384155728593024e+00
9.000300884246826838e-01,-3.320060981866301830e-02
8.924814045429230180e-01,-1.662081853180624957e+00
0.000000000000000000e+00,3.000000000000000000e+00
0.000000000000000000e+00,3.000000000000000000e+00
0.000000000000000000e+00,3.000000000000000000e+00
0.000000000000000000e+00,3.000000000000000000e+00
0.000000000000000000e+00,3.000000000000000000e+00
0.000000000000000000e+00,3.000000000000000000e+00
0.000000000000000000e+00,3.000000000000000000e+00
0.000000000000000000e+00,3.000000000000000000e+00
0.000000000000000000e+00,3.000000000000000000e+00
0.000000000000000000e+00,2.999999999999999889e-01
1.000000000000000000e+00,0.000000000000000000e+00
1.000000000000000000e+00,0.000000000000000000e+00
1.000000000000000000e+00,0.000000000000000000e+00
1.000000000000000000e+00,0.000000000000000000e+00
1.000000000000000000e+00,0.000000000000000000e+00
1.000000000000000000e+00,0.000000000000000000e+00
1.000000000000000000e+00,0.000000000000000000e+00
1.000000000000000000e+00,0.000000000000000000e+00
1.000000000000000000e+00,0.000000000000000000e+00
1.000000000000000000e+00,0.000000000000000000e+00
1.000000000000000000e+00,0.000000000000000000e+00
1.000000000000000000e+00,0.000000000000000000e+00
