0.000000000000000000e+00,-1.500000000000000000e+00
0.000000000000000000e+00,-1.500000000000000000e+00
0.000000000000000000e+00,-1.500000000000000000e+00
1.356707902862265003e-01,-1.000000000000000000e+01
1.817723103414781438e-01,-8.952910712460534270e+00
2.204753954948466266e-01,-6.756294362249818164e+00
2.507153293163514318e-01,-5.213354658698253985e+00
2.733010106803459571e-01,-4.012956665095862796e+00
2.898957078351632743e-01,-3.077230138293035377e+00
3.018240236540027377e-01,-2.346434944488503760e+00
3.541138584206443563e-01,-1.788691535760612794e+00
3.583547902399173979e-01,-1.321124755732954181e+00
3.602533753733652144e-01,-9.495077579799120482e-01
3.603284795989851186e-01,-6.515410787840469897e-01
3.589854740677263512e-01,-4.097164379576792581e-01
3.565446204228062133e-01,-2.103240679722875595e-01
3.532635184838775477e-01,-4.261162007178386640e-02
3.452684785869871709e-01,1.018648411904067852e-01
3.359186628392096807e-01,2.278621086514877325e-01
3.582849813736061484e-01,4.161322703850112159e-01
3.477412084381649171e-01,5.284458512112445439e-01
3.376709586782667971e-01,6.335853272602552932e-01
3.281448311387423211e-01,7.333460791507806498e-01
3.192557923982776158e-01,8.284246957335694717e-01
3.111097767687224791e-01,9.186879164129188036e-01
3.303540213443316165e-01,1.117176124253091318e+00
3.234784931557512233e-01,1.197631425203999456e+00
3.179339573110903094e-01,1.267759488870340068e+00
3.137509820332757826e-01,1.325083434855532705e+00
3.108965391366551034e-01,1.367188118399238705e+00
3.092723108651843078e-01,1.392309399671144865e+00
3.087240524836295519e-01,1.399545573553390376e+00
3.090595202315291612e-01,1.388940951083878161e+00
3.100714374129283080e-01,1.361434408624034864e+00
3.115604510901896496e-01,1.318697508568778431e+00
3.133531619467416207e-01,1.262908420118933783e+00
3.153121505868601848e-01,1.196513647882860187e+00
3.173376636246090232e-01,1.122019549594888588e+00
3.193629855748991719e-01,1.041836692648585805e+00
3.213466063681352236e-01,9.581805841961669179e-01
3.232640177429437767e-01,8.730193555997429744e-01
3.251009205449774120e-01,7.880542021741082648e-01
3.268484967509452388e-01,7.047196206241302940e-01
3.285006150256383761e-01,6.241942914063519643e-01
3.300524760759140919e-01,5.474173577913918898e-01
3.315001568706563706e-01,4.751073656278460566e-01
3.328406164717105375e-01,4.077826586755178284e-01
3.340718715340701972e-01,3.457826439478906000e-01
3.351931767657857497e-01,2.892894872691763042e-01
4.000000000000000222e-01,-3.141592653589793116e+00
4.308633208274841309e-01,-3.141592653589793116e+00
6.310579121112823708e-01,-3.014698624446995989e+00
6.662361741065978560e-01,-2.404884242567395969e+00
6.836857318878173384e-01,-1.783083763247298004e+00
7.252554655075074130e-01,-2.013588719583954578e+00
7.658088207244873047e-01,-1.987961578144934460e+00
8.017897963523865634e-01,-1.784064035393853276e+00
7.383334875106811745e-01,-1.504732537990061791e+00
7.436130762100219282e-01,-1.664210832009709984e+00
7.346955537796020508e-01,-1.272278647078171732e+00
7.075115084648132546e-01,-1.525740509742123718e+00
7.054722070693970615e-01,-1.412207018833657513e+00
7.108272552490234597e-01,-1.440800443190267455e+00
8.087145328521728738e-01,-3.141592653589793116e+00
8.008799672126770686e-01,-3.141592653589793116e+00
9.138945460319519709e-01,-1.557296471946040706e+00
9.105881810188293235e-01,-1.772367806393253531e+00
9.187190532684326172e-01,-1.476155404689182493e+00
8.978062510490417703e-01,-7.821601756308322884e-01
8.990306377410889338e-01,-1.107758271309865705e+00
9.015777230262757014e-01,-8.163391850609094114e-01
8.918235599994659424e-01,-1.304318846869670701e+00
9.052959561347961870e-01,-1.039000466197010031e+00
8.982152104377746360e-01,-8.792470031383237128e-01
8.884496450424194114e-01,-1.175394427872986203e+00
8.990906476974487305e-01,-9.046382051495198695e-01
8.896854043006897639e-01,-8.082887819807358376e-01
9.029054045677185059e-01,-4.625584992353020120e-01
8.871029853820801003e-01,-1.118657736607773678e+00
8.767846405506134477e-01,-6.463450145670819325e-01
8.998434722423553911e-01,-2.143097744051805087e-01
8.841496169567107932e-01,-5.272851106956188971e-01
8.952117800712585671e-01,1.130880147983122086e-01
8.950317800045013428e-01,-2.294318064470846075e-01
8.906849443912506770e-01,-5.846990979214985451e-01
9.089386701583862527e-01,-7.308542107828897016e-02
8.913131177425385188e-01,-5.450474172869848033e-01
8.867974638938903587e-01,-5.049189892054548601e-01
9.059897422790527122e-01,9.069174549237057903e-02
8.911874890327453613e-01,-2.831838639503212463e-01
8.989302992820740190e-01,-1.561134419971978993e-01
9.000172495841980425e-01,-1.930651142112376206e-01
8.877093791961669922e-01,-5.414180696758030820e-01
9.061600327491760032e-01,2.022761145720890497e-01
8.992982089519501177e-01,-2.690198208867888852e-01
8.856147050857544611e-01,-5.287035560652761923e-01
9.081618666648865190e-01,7.515232536743443603e-02
8.984064221382140891e-01,-5.888362770630446441e-01
8.949813067913056086e-01,-2.119784681540601845e-01
9.138178586959838645e-01,1.788791624865502250e-01
9.074491858482360840e-01,-1.776636999262271033e-01
9.054407238960265891e-01,2.000399331061553099e-01
9.164865970611572044e-01,1.470509336730647654e-01
9.011681556701660600e-01,-6.132927095316231814e-02
8.853193342685700129e-01,1.538319077301379956e+00
8.726064324378968173e-01,1.029686850910406015e+00
8.715707540512085405e-01,-1.875697853315894115e-01
8.719309926033020908e-01,5.094494007267069691e-02
8.701061844825744851e-01,1.044371271489751507e+00
8.956138074398041216e-01,-1.787147539011297859e-01
8.983482420444488525e-01,-1.639910288091658730e+00
8.994725525379181352e-01,-9.618602575233992091e-01
8.988847255706787776e-01,3.575643303324449462e-02
8.884197175502777100e-01,-3.141592653589793116e+00
6.655841469764709473e-01,-1.627858839174723515e+00
6.569007277488708718e-01,-1.746166826560132446e+00
6.151544690132141335e-01,-1.806942107991693192e+00
6.185518264770507590e-01,-1.892785672749304648e+00
6.045510530471801536e-01,-2.215050000489236837e+00
5.546833515167236550e-01,-2.625500996209291227e+00
6.265053808689117210e-01,-2.238969108998972057e+00
6.617128610610962802e-01,-1.859858640314809186e+00
7.143802881240844949e-01,-1.586133232244283597e+00
7.011990189552307351e-01,-1.390120466840113478e+00
7.452166438102723056e-01,-1.502843711792869241e+00
7.308685064315796343e-01,-1.584816746413078903e+00
6.890373826026916504e-01,-1.658910995798830168e+00
6.815015017986297829e-01,-1.572040813649912216e+00
7.168920159339904341e-01,-1.554352284943119944e+00
6.531299889087677224e-01,-1.516264358405241319e+00
8.000000000000000444e-01,-3.141592653589793116e+00
8.000000000000000444e-01,-3.141592653589793116e+00
9.032771825790405495e-01,-1.628046279942383823e+00
9.018074035644531028e-01,-1.084088865361244380e+00
9.089829683303832786e-01,-1.288741601534876935e+00
8.934879779815674272e-01,-9.501327571859374821e-01
8.921596825122833918e-01,-8.141889529579682261e-01
8.949323356151580589e-01,-1.249308258497857649e+00
8.997480988502503108e-01,-8.422361588138138622e-01
8.967304646968842219e-01,-1.051478853126198487e+00
8.863409042358398882e-01,-1.257788221139482410e+00
9.053833723068237527e-01,-2.608344080229159090e-01
8.934782981872558816e-01,-7.421251870528613459e-01
8.925824701786041482e-01,-3.340282488858954402e-01
9.051015973091125488e-01,1.057585377476017996e-01
8.932429790496826394e-01,-2.963764357824629769e-01
9.068637728691101296e-01,8.355131958954231663e-01
9.061980724334717241e-01,5.817539746510069776e-01
8.938455700874329279e-01,7.959708713131710134e-01
9.039979100227356623e-01,9.308510755807892778e-01
8.876790106296539307e-01,1.090940471443853532e+00
8.941830933094024880e-01,1.109547104130504280e+00
9.021797895431519221e-01,6.737254106590526703e-01
8.991901159286499468e-01,3.080803421771429740e-01
9.013470292091370073e-01,7.177899076079357066e-01
9.088830232620239702e-01,7.142103694315169449e-01
9.012220978736877885e-01,7.623086815821373818e-01
9.061448693275452326e-01,8.982775777810019235e-01
9.067316293716430886e-01,7.037309137658391833e-01
8.985523819923401101e-01,8.236615464780818741e-01
9.096331834793091042e-01,9.247937989051884244e-01
9.050426006317139338e-01,5.691476935716566210e-01
9.025087952613830566e-01,7.579939861091808950e-01
9.084433436393738459e-01,3.737756160661378502e-01
8.999008476734161599e-01,1.390001560858631358e-01
9.046305775642394797e-01,4.741993011957146287e-01
9.075458049774169922e-01,6.675760052544918999e-01
9.067799687385559304e-01,9.882618794969282305e-01
9.237320303916931596e-01,1.471245243041241046e+00
9.222946405410766824e-01,1.006828439931552133e+00
9.112235546112060769e-01,7.177603215527006419e-01
8.988901615142822488e-01,7.974340702727094055e-01
8.982392072677612971e-01,1.138422345025905003e+00
8.903943836688995583e-01,1.119165942645166112e+00
8.700024247169495517e-01,9.178290917000344606e-01
8.672457218170166460e-01,1.316524030921719657e+00
8.904474616050720437e-01,2.077933521128927374e-01
8.998891830444336604e-01,-7.355550230020138081e-01
9.024378538131714311e-01,-1.842293698927353063e-01
9.096057176589965598e-01,-7.616892469573421920e-02
9.205462336540222168e-01,-2.175548778053348897e-02
6.660016596317290816e-01,-1.541236674305292098e+00
6.248806774616241233e-01,-1.780050537198400784e+00
5.521399736404418723e-01,-2.351442651390613925e+00
5.293208658695220947e-01,-2.669800683571942113e+00
5.840164542198180708e-01,-2.218253533609249928e+00
5.720777630805968794e-01,-2.322611695951309230e+00
6.055001258850097878e-01,-2.068046910089036405e+00
6.660756886005401167e-01,-1.836500917840483860e+00
6.992757141590117964e-01,-1.711255375009472557e+00
6.925833523273468018e-01,-1.731782666990721031e+00
6.660186469554900679e-01,-1.455209601103817363e+00
6.863439083099365234e-01,-1.445943173702778584e+00
6.662217080593109131e-01,-1.896472319935815110e+00
6.542135655879974809e-01,-1.831257913071147492e+00
7.232903361320495161e-01,-1.699226022007206849e+00
6.503309428691863570e-01,-1.626880720443580897e+00
8.262109160423278809e-01,-3.210932910758401704e-01
8.056667149066925049e-01,1.163166398892210296e-01
8.114305734634399414e-01,5.659719675984944409e-01
8.302990496158599854e-01,1.046530023627585404e+00
8.168104588985443115e-01,1.274234884540457191e+00
7.897499799728393555e-01,1.371971949875821384e+00
7.932173013687133789e-01,1.306451289888767686e+00
7.884827852249145508e-01,1.447454871322480852e+00
7.792763411998748779e-01,1.502430443287148698e+00
7.811569869518280029e-01,1.374927372089590705e+00
7.754099369049072266e-01,1.394377488230713169e+00
7.797542214393615723e-01,1.086913303741868564e+00
7.717932760715484619e-01,9.219346249976898555e-01
7.566777169704437256e-01,8.388232762649856511e-01
7.652413547039031982e-01,7.874221866318547036e-01
7.774311602115631104e-01,9.685483912881589497e-01
7.988864481449127197e-01,9.323791578829792037e-01
7.866503000259399414e-01,8.988428961402092909e-01
7.836031019687652588e-01,1.049505950101154106e+00
7.676273286342620850e-01,9.362974376664885412e-01
7.648650407791137695e-01,8.451456102898604605e-01
7.596699595451354980e-01,7.666708926343086539e-01
7.445251494646072388e-01,9.541774330914951641e-01
7.287842482328414917e-01,1.071359558723099958e+00
7.276249825954437256e-01,8.004081242111360517e-01
7.344538718461990356e-01,5.775644581522572096e-01
7.380697280168533325e-01,6.219890436088433283e-01
7.187295407056808472e-01,5.200984612628234416e-01
7.242220640182495117e-01,6.296284252254653602e-01
7.070097565650940163e-01,-1.485315659347700379e+00
6.990717768669127974e-01,-1.595998777263833102e+00
6.850570023059845415e-01,-1.594236534442203368e+00
6.531799137592315674e-01,-1.762040587834576622e+00
6.220387697219849077e-01,-1.890916976304882757e+00
6.438156247138977495e-01,-1.931770637246700950e+00
6.758072793483733687e-01,-1.783116158105245264e+00
7.148572206497192383e-01,-1.711531761196352530e+00
7.305020093917846680e-01,-1.666794368744385135e+00
6.814417243003845215e-01,-1.473712120836603079e+00
6.852408945560455322e-01,-1.437718812107963595e+00
6.759082376956939697e-01,-1.865458363028594135e+00
6.662108540534973367e-01,-1.830641287249064053e+00
7.172031164169312412e-01,-1.789458621882891176e+00
6.513220548629761186e-01,-1.718795418636840378e+00
8.080274462699890137e-01,1.662237273597366727e-01
7.964214980602264404e-01,2.371704324262045027e-01
7.956458330154418945e-01,4.429346118330519388e-01
8.190133273601531982e-01,7.181686278402965584e-01
8.180480897426605225e-01,9.636321439010075984e-01
8.112527132034301758e-01,1.234745927209736305e+00
7.893043756484985352e-01,1.215284294977494017e+00
7.867576181888580322e-01,1.337024826530716748e+00
7.739025950431823730e-01,1.568597127898006427e+00
7.785861194133758545e-01,1.462580273927639674e+00
7.733066082000732422e-01,1.320066961036122866e+00
7.736467421054840088e-01,1.103570346465986063e+00
7.654836177825927734e-01,9.729742217217616229e-01
7.570302188396453857e-01,1.001769786246892391e+00
7.614492774009704590e-01,8.478378476894974369e-01
7.742058336734771729e-01,8.466247257981014407e-01
7.846623063087463379e-01,8.069517918897322062e-01
7.911361157894134521e-01,8.758404872089764481e-01
8.004632592201232910e-01,6.659515810192733198e-01
8.048654198646545410e-01,4.894736639713768156e-01
8.028213083744049072e-01,5.804714285192411616e-01
8.073088526725769043e-01,6.487420468016673603e-01
8.093320131301879883e-01,7.029842403781811910e-01
8.078436553478240967e-01,8.267833434391702596e-01
8.129357397556304932e-01,9.467164104470970898e-01
8.119064569473266602e-01,1.126918238130818928e+00
7.795342504978179932e-01,1.186893198042918929e+00
7.310682684183120728e-01,9.588993113309625116e-01
8.626778602600098100e-01,2.692144521893922615e+00
9.035321474075317383e-01,1.251603237567233684e+00
8.983936607837677002e-01,4.915224982964074840e-01
8.738212704658508967e-01,1.752874153810092039e+00
8.739282488822937012e-01,1.067665983156565801e+00
8.817889392375946045e-01,7.011857640015644044e-01
8.806883335113525613e-01,1.119101152929271592e+00
8.824602425098418967e-01,1.401885417880404994e+00
8.891285538673401323e-01,8.967641948796725160e-01
8.861784756183624934e-01,7.248875648081329892e-01
8.806274712085724321e-01,1.131254280504387921e+00
8.781211793422699641e-01,1.036775519941924628e+00
8.853550136089325395e-01,8.618972160386224601e-01
8.988131046295165794e-01,9.112647325081253413e-01
8.844023287296295388e-01,1.130328124623421360e+00
8.855823159217834917e-01,1.121754909731751404e+00
8.881509959697723167e-01,5.979188215131916451e-01
8.833844184875488947e-01,1.916138994766045656e-01
8.816811442375183105e-01,9.064811542357462670e-01
8.862196743488311990e-01,5.325415040912169218e-01
9.006630659103393999e-01,3.757032037407586067e-01
8.916051626205444558e-01,3.399842214103436788e-01
8.780468404293060303e-01,1.128035392596214770e+00
9.159964084625243919e-01,1.219221112858903666e+00
9.008335709571838601e-01,1.760872125906303154e-01
9.002205848693848322e-01,3.119246568225642058e-01
8.958880245685577615e-01,-7.390858752647533336e-02
8.957335531711578813e-01,-4.299752642527776558e-02
8.957300245761871116e-01,-9.598727487242530998e-02
8.960635900497436745e-01,-1.912064358298226630e-01
8.953274786472320557e-01,-1.904255886758328131e-01
8.947480082511901633e-01,-1.409472181259552315e-01
8.967411875724792258e-01,-2.188096636036274134e-01
8.945744216442108598e-01,-4.258159891965638266e-01
8.912638604640961137e-01,-5.154776531076161739e-01
8.895400464534759521e-01,-6.401107833206123310e-01
8.941249847412109375e-01,-4.953338563233393721e-01
8.939479649066924827e-01,-6.039526914995243523e-01
8.852456212043762207e-01,-9.211172634084419109e-01
8.924020648002625178e-01,-8.285923060125797157e-01
8.908995687961578369e-01,-8.020131677076403065e-01
8.784663021564483865e-01,-1.082089559590705186e+00
9.019264101982117365e-01,-4.439327666902084246e-01
8.899517476558685969e-01,-7.066853997120379205e-01
8.837916791439056619e-01,-7.954993669645507026e-01
9.014805436134338823e-01,-3.419009483811441541e-01
8.855738043785095215e-01,-8.648693038151504808e-01
8.962068080902100276e-01,-3.917362241289845670e-01
8.977170288562774658e-01,-3.180999032120777059e-01
8.829921185970306396e-01,-6.976146522332822286e-01
9.004662275314331277e-01,4.581718984129068417e-03
8.944585025310516357e-01,-3.981964703670279881e-01
8.901748478412628840e-01,-5.075944674155756786e-01
9.006554841995239036e-01,-2.512766141538658182e-01
8.930319249629974365e-01,-6.115763438209587122e-01
8.948117434978485329e-01,-4.385151480189306561e-01
9.016779422760009544e-01,-3.221054431331786816e-01
8.877920150756836160e-01,-7.562502813854514727e-01
8.979588091373443826e-01,-3.976081198255809745e-01
8.963305711746215598e-01,-3.628124845734204129e-01
8.805181980133056641e-01,-9.538557315541917880e-01
9.105428338050842729e-01,-2.745301300475686546e-01
9.221234798431396928e-01,4.009607067428544447e-01
9.244460582733153853e-01,7.335023499799429025e-01
9.000907421112060991e-01,4.506027368640959097e-01
8.955073297023773415e-01,3.154562580993616194e-01
8.569129228591919611e-01,3.482353602576813145e-01
8.735672712326050249e-01,-9.304421139058938195e-02
8.707457184791564941e-01,3.944884762799052424e-01
8.821039557456969993e-01,2.882640517891075227e-01
9.064742445945740412e-01,1.094736474682624916e-01
8.846474468708038774e-01,-1.927641978140046675e-01
8.706374585628510188e-01,9.947775527751590019e-01
9.202191591262817161e-01,1.638265265969883977e+00
8.971205472946167658e-01,4.494312788795973290e-01
8.948325157165527566e-01,3.898756732124279978e-01
8.969463229179382990e-01,-3.565630857923052233e-01
8.983102202415466087e-01,-4.301572746685291548e-01
8.984147727489472102e-01,-5.622127596752521939e-01
8.967885613441467507e-01,-6.236920206932459187e-01
8.995511472225189431e-01,-4.766792867370668318e-01
9.005905985832214355e-01,-4.723020485903854926e-01
9.001663088798522727e-01,-5.229614270539832965e-01
8.986545205116271973e-01,-7.994030409739565357e-01
8.975877583026886652e-01,-8.210841891093738631e-01
8.981179952621459739e-01,-8.410892310396684834e-01
8.982048511505127397e-01,-5.932959067559502309e-01
8.948738873004913330e-01,-8.279657557542465796e-01
8.855804741382599099e-01,-9.609599426273844891e-01
8.952391624450684038e-01,-7.484633439996817295e-01
8.953491151332855225e-01,-6.117055487457192520e-01
8.775605499744415505e-01,-1.214947987666087359e+00
9.042903304100037287e-01,-4.195495503456614372e-01
8.921328842639922874e-01,-8.233643751511321440e-01
8.857188642024994563e-01,-9.052855405479234285e-01
8.988642454147338645e-01,-2.540419740507768864e-01
8.857077181339264582e-01,-8.588006046751863742e-01
8.990610003471374290e-01,-2.980031070598512244e-01
9.011696577072143555e-01,-3.760046818985340877e-01
8.896886706352233887e-01,-7.788633902607742243e-01
9.053786396980285645e-01,-1.302975490159186123e-01
9.005468010902405451e-01,-2.469986203696818983e-01
8.979151010513305442e-01,-1.933062967374579166e-01
9.045248150825501154e-01,-6.019582543203538805e-02
8.945600867271423784e-01,-4.789454287652641362e-01
9.035431623458862749e-01,-9.572193664287986792e-02
9.044019103050232600e-01,-2.928989507712542739e-01
8.953297793865203635e-01,-3.069169360937524793e-01
9.043162345886230913e-01,-8.838534395863195670e-02
9.040750384330750178e-01,-3.937997578548753097e-01
8.998044431209564209e-01,-2.764923596223067825e-01
9.179512977600098322e-01,1.910251744281290520e-01
9.247591376304626909e-01,6.738460019221630404e-01
9.282569766044617143e-01,9.372195675969017259e-01
9.117780804634094682e-01,7.407925037926830214e-01
8.971821844577789751e-01,5.116960683894338224e-01
8.684443056583405207e-01,3.690216238489942846e-01
8.743593752384186679e-01,-1.484025295381719012e-01
8.744259119033813699e-01,2.822041535643080579e-01
8.883247256278992143e-01,1.630644796958189424e-01
8.997162103652954768e-01,4.338079691803233828e-01
8.922006547451019065e-01,-2.683318514758155082e-01
8.617078065872192383e-01,1.421126090965954880e+00
9.089043617248535600e-01,1.702905553560179364e+00
9.010097742080688255e-01,9.148461432196857146e-01
8.982274532318115234e-01,-1.333679448873739126e-01
7.552967369556427002e-01,1.939458798403758344e+00
7.490247935056686401e-01,2.232315242627301188e+00
7.790054678916931152e-01,1.177391018467570216e+00
7.923089563846588135e-01,8.053945916660922855e-01
8.125364780426025391e-01,8.740198212909326969e-01
8.386858999729156494e-01,5.875969396796678623e-01
8.517769277095794678e-01,1.375935451382996888e+00
8.108577430248260498e-01,1.742784466334109883e+00
8.047085106372833252e-01,1.681541612877726077e+00
8.063553273677825928e-01,1.465078703940135618e+00
7.946266531944274902e-01,1.584526971599937717e+00
7.697797119617462158e-01,1.330318810055355794e+00
7.625380456447601318e-01,1.056340047980190544e+00
7.684460878372192383e-01,1.023095901719488499e+00
7.697832584381103516e-01,1.006928995068648192e+00
7.655581533908843994e-01,1.018656027272325293e+00
7.548740208148956299e-01,1.037207607425817191e+00
7.634638547897338867e-01,7.302863645012394045e-01
7.783140242099761963e-01,6.769533803626619495e-01
8.087472021579742432e-01,2.715173146317135799e-01
8.365469872951507568e-01,7.458194648200731081e-01
8.131065964698791504e-01,1.090458012764655926e+00
8.027783036231994629e-01,6.650456017044557022e-01
8.277224302291870117e-01,1.062894108228821466e+00
8.201523721218109131e-01,9.738682636250524105e-01
8.020332157611846924e-01,1.060513647930238168e+00
7.748812437057495117e-01,1.218054897972800976e+00
7.389108538627624512e-01,1.136058924797108460e+00
7.306129932403564453e-01,8.804435530937180232e-01
7.649391293525695801e-01,5.734074301382117156e-01
8.566303789615631326e-01,2.627338327690093678e+00
8.933656692504883257e-01,1.908326778155866599e-01
8.859985947608948198e-01,6.195117732434458624e-01
8.814309716224670854e-01,1.361193731228323323e+00
8.755005240440368874e-01,1.258745461103798036e+00
8.819991350173950195e-01,2.923330706515043786e-01
8.853358209133148637e-01,6.386902781622993963e-01
8.874793648719787598e-01,1.223551163120020213e+00
8.770505964756012407e-01,9.356050677979332875e-01
8.855258464813232644e-01,4.993684205391333286e-01
8.944468200206756592e-01,5.459911749982815365e-01
8.842383563518524392e-01,7.379608561517638776e-01
8.879976272583007812e-01,8.439826723402554798e-01
9.108781337738037776e-01,4.098320292290447142e-01
8.986238896846771018e-01,-1.795463467574531791e-01
8.957160651683807595e-01,1.777399121064848764e-01
9.044258832931518777e-01,1.361823652049909406e-01
8.942213952541351318e-01,-3.897232488519142279e-02
9.006270051002502885e-01,4.055285689669365645e-01
9.050967097282409668e-01,5.510361591764083578e-01
9.024325847625732644e-01,-2.095885515530122589e-01
9.109379649162292480e-01,-6.698376531983507576e-02
9.103149771690368652e-01,9.212236234044768324e-02
8.934643447399139848e-01,-3.459151019638961877e-01
9.097493290901184082e-01,7.948200112152292718e-02
8.989178180694580300e-01,-1.413949412782788961e-01
8.934574306011200395e-01,-3.690470903269180702e-01
9.073659777641296387e-01,-3.444884174396145582e-02
8.942420363426208940e-01,-3.978931196741113396e-01
8.908741712570190652e-01,-5.329401668228341826e-01
9.066339731216430664e-01,1.181157716531355817e-02
8.860508978366852251e-01,-7.421470957140163804e-01
8.933376967906951904e-01,-3.513932035202431692e-01
9.007250547409058061e-01,-7.620412835639367444e-02
8.825591802597045898e-01,-7.155923003659161452e-01
9.024426937103271484e-01,-1.107155127740799827e-02
8.975676298141479492e-01,-4.368000930828657147e-01
8.883105695247650591e-01,-3.328906837874572311e-01
9.070627927780151589e-01,3.600630412252119328e-01
8.947971940040588823e-01,-1.475170076697747135e-01
8.905776381492614968e-01,2.061593779484529598e-01
8.950335741043090598e-01,6.586792162903787329e-02
8.942668139934539795e-01,3.640919878355814987e-01
9.043881297111511230e-01,3.794658758540125909e-01
9.022097587585449219e-01,6.268217759286853763e-01
9.081482887268066406e-01,2.818000604807808784e-01
9.070827960968017578e-01,9.300058132179334081e-02
9.024791240692139338e-01,1.406258910956803554e-01
8.936958253383636697e-01,2.437523934484433497e-01
8.861247122287750910e-01,4.673978790548964923e-01
7.905095815658569336e-01,6.461624423907892378e-01
7.990799546241760254e-01,6.742306674535978317e-01
8.098384439945220947e-01,8.340514013372408719e-01
8.221246004104614258e-01,1.029428628314398964e+00
8.231363296508789062e-01,1.295224505448132390e+00
7.904384732246398926e-01,1.398918198695244364e+00
7.570638358592987061e-01,1.374959954201051993e+00
7.435938417911529541e-01,1.298615853842834067e+00
7.507259845733642578e-01,1.448794108455654595e+00
7.629868388175964355e-01,1.256777052163092989e+00
7.696928679943084717e-01,9.358297720149084675e-01
7.593661546707153320e-01,1.079001468262163144e+00
7.493601590394973755e-01,1.176444171073289802e+00
7.438779473304748535e-01,1.456944130405353643e+00
7.383668273687362671e-01,1.610709506961915505e+00
7.475309967994689941e-01,1.972925401839265902e+00
8.051604032516479492e-01,9.874125911835180958e-01
8.440947532653808594e-01,6.016361782760220045e-01
8.129754662513732910e-01,9.713192751637373945e-01
7.786940634250640869e-01,1.175786911238636545e+00
7.529394626617431641e-01,1.205781834521873819e+00
7.755811214447021484e-01,9.283774566589180210e-01
7.613721191883087158e-01,8.889679884449526170e-01
7.662324309349060059e-01,9.098744687923470131e-01
7.470361143350601196e-01,9.718815974667185387e-01
7.211454808712005615e-01,1.187477709887326149e+00
7.010651826858520508e-01,1.060106371536970293e+00
7.097318768501281738e-01,5.457151633184298412e-01
7.052909433841705322e-01,6.288405560646954662e-01
6.761334836483001709e-01,5.324674453263718021e-01
6.885377317667007446e-01,5.054453588337195491e-01
7.189518362283706665e-01,7.398003410479794262e-01
6.815048992633819802e-01,-1.789418924137892164e+00
6.782341778278351274e-01,-1.743127514772025544e+00
6.765970110893249068e-01,-1.696161430994690189e+00
6.523263812065125400e-01,-1.815355408382281821e+00
5.877454757690430132e-01,-2.329314529116929489e+00
5.966756939888000488e-01,-2.497277467116056027e+00
6.257691502571105513e-01,-1.869673346005267911e+00
6.292909622192383035e-01,-2.018817773966487206e+00
7.250505089759826660e-01,-1.912256105896712022e+00
7.141720414161683017e-01,-1.709744800910855345e+00
6.960705995559692827e-01,-1.606712674329221935e+00
6.830775141716003418e-01,-1.713443432322270921e+00
7.042706847190857156e-01,-1.783354063694968072e+00
7.268141508102416992e-01,-1.810807582284213124e+00
6.738667011260985884e-01,-1.875872654471349099e+00
5.888905644416808638e-01,-2.029020188057985230e+00
0.000000000000000000e+00,-3.000000000000000000e+00
0.000000000000000000e+00,-3.000000000000000000e+00
0.000000000000000000e+00,-3.000000000000000000e+00
0.000000000000000000e+00,-3.000000000000000000e+00
0.000000000000000000e+00,-3.000000000000000000e+00
0.000000000000000000e+00,-3.000000000000000000e+00
0.000000000000000000e+00,-2.999999999999999889e-01
1.000000000000000000e+00,0.000000000000000000e+00
1.000000000000000000e+00,0.000000000000000000e+00
1.000000000000000000e+00,0.000000000000000000e+00
1.000000000000000000e+00,0.000000000000000000e+00
1.000000000000000000e+00,0.000000000000000000e+00
1.000000000000000000e+00,0.000000000000000000e+00
1.000000000000000000e+00,0.000000000000000000e+00
1.000000000000000000e+00,0.000000000000000000e+00
