0.000000000000000000e+00,1.500000000000000000e+00
0.000000000000000000e+00,1.500000000000000000e+00
0.000000000000000000e+00,1.500000000000000000e+00
0.000000000000000000e+00,1.500000000000000000e+00
0.000000000000000000e+00,1.500000000000000000e+00
0.000000000000000000e+00,1.500000000000000000e+00
0.000000000000000000e+00,1.500000000000000000e+00
0.000000000000000000e+00,1.500000000000000000e+00
0.000000000000000000e+00,1.500000000000000000e+00
0.000000000000000000e+00,1.500000000000000000e+00
0.000000000000000000e+00,1.500000000000000000e+00
0.000000000000000000e+00,1.500000000000000000e+00
0.000000000000000000e+00,1.500000000000000000e+00
0.000000000000000000e+00,1.500000000000000000e+00
0.000000000000000000e+00,1.500000000000000000e+00
0.000000000000000000e+00,1.500000000000000000e+00
0.000000000000000000e+00,1.500000000000000000e+00
0.000000000000000000e+00,1.500000000000000000e+00
0.000000000000000000e+00,1.500000000000000000e+00
0.000000000000000000e+00,1.500000000000000000e+00
0.000000000000000000e+00,1.500000000000000000e+00
0.000000000000000000e+00,1.500000000000000000e+00
0.000000000000000000e+00,1.500000000000000000e+00
0.000000000000000000e+00,1.500000000000000000e+00
0.000000000000000000e+00,1.500000000000000000e+00
0.000000000000000000e+00,1.500000000000000000e+00
0.000000000000000000e+00,1.500000000000000000e+00
0.000000000000000000e+00,1.500000000000000000e+00
0.000000000000000000e+00,-1.500000000000000000e+00
0.000000000000000000e+00,-1.500000000000000000e+00
0.000000000000000000e+00,-1.500000000000000000e+00
0.000000000000000000e+00,-1.500000000000000000e+00
0.000000000000000000e+00,-1.500000000000000000e+00
0.000000000000000000e+00,-1.500000000000000000e+00
0.000000000000000000e+00,-1.500000000000000000e+00
0.000000000000000000e+00,-1.500000000000000000e+00
0.000000000000000000e+00,-1.500000000000000000e+00
0.000000000000000000e+00,-1.500000000000000000e+00
0.000000000000000000e+00,-1.500000000000000000e+00
0.000000000000000000e+00,-1.500000000000000000e+00
0.000000000000000000e+00,-1.500000000000000000e+00
0.000000000000000000e+00,-1.500000000000000000e+00
0.000000000000000000e+00,-1.500000000000000000e+00
0.000000000000000000e+00,-1.500000000000000000e+00
0.000000000000000000e+00,-1.500000000000000000e+00
0.000000000000000000e+00,-1.500000000000000000e+00
0.000000000000000000e+00,-1.500000000000000000e+00
0.000000000000000000e+00,-1.500000000000000000e+00
0.000000000000000000e+00,-1.500000000000000000e+00
0.000000000000000000e+00,-1.500000000000000000e+00
0.000000000000000000e+00,-1.500000000000000000e+00
0.000000000000000000e+00,-1.500000000000000000e+00
0.000000000000000000e+00,-1.500000000000000000e+00
0.000000000000000000e+00,-1.500000000000000000e+00
0.000000000000000000e+00,-1.500000000000000000e+00
0.000000000000000000e+00,-1.500000000000000000e+00
0.000000000000000000e+00,-1.500000000000000000e+00
0.000000000000000000e+00,-1.500000000000000000e+00
0.000000000000000000e+00,-1.500000000000000000e+00
0.000000000000000000e+00,-1.500000000000000000e+00
0.000000000000000000e+00,-1.500000000000000000e+00
0.000000000000000000e+00,-1.500000000000000000e+00
0.000000000000000000e+00,-1.500000000000000000e+00
0.000000000000000000e+00,-1.500000000000000000e+00
0.000000000000000000e+00,-1.500000000000000000e+00
0.000000000000000000e+00,-1.500000000000000000e+00
0.000000000000000000e+00,-1.500000000000000000e+00
0.000000000000000000e+00,-1.500000000000000000e+00
0.000000000000000000e+00,-1.500000000000000000e+00
0.000000000000000000e+00,-1.500000000000000000e+00
0.000000000000000000e+00,-1.500000000000000000e+00
0.000000000000000000e+00,-1.500000000000000000e+00
0.000000000000000000e+00,-1.500000000000000000e+00
0.000000000000000000e+00,-1.500000000000000000e+00
0.000000000000000000e+00,-1.500000000000000000e+00
0.000000000000000000e+00,-1.500000000000000000e+00
0.000000000000000000e+00,-1.500000000000000000e+00
0.000000000000000000e+00,-1.500000000000000000e+00
0.000000000000000000e+00,-1.500000000000000000e+00
0.000000000000000000e+00,-1.500000000000000000e+00
0.000000000000000000e+00,-1.500000000000000000e+00
0.000000000000000000e+00,-1.500000000000000000e+00
0.000000000000000000e+00,-1.500000000000000000e+00
0.000000000000000000e+00,-1.500000000000000000e+00
0.000000000000000000e+00,-1.500000000000000000e+00
0.000000000000000000e+00,-1.500000000000000000e+00
0.000000000000000000e+00,-1.500000000000000000e+00
0.000000000000000000e+00,-1.500000000000000000e+00
0.000000000000000000e+00,-1.500000000000000000e+00
0.000000000000000000e+00,-1.500000000000000000e+00
0.000000000000000000e+00,-1.500000000000000000e+00
0.000000000000000000e+00,-1.500000000000000000e+00
0.000000000000000000e+00,-1.500000000000000000e+00
0.000000000000000000e+00,-1.500000000000000000e+00
0.000000000000000000e+00,-1.500000000000000000e+00
0.000000000000000000e+00,-1.500000000000000000e+00
0.000000000000000000e+00,-1.500000000000000000e+00
0.000000000000000000e+00,-1.500000000000000000e+00
0.000000000000000000e+00,-1.500000000000000000e+00
0.000000000000000000e+00,-1.500000000000000000e+00
0.000000000000000000e+00,-1.500000000000000000e+00
0.000000000000000000e+00,-1.500000000000000000e+00
0.000000000000000000e+00,-1.500000000000000000e+00
0.000000000000000000e+00,-1.500000000000000000e+00
0.000000000000000000e+00,-1.500000000000000000e+00
0.000000000000000000e+00,-1.500000000000000000e+00
0.000000000000000000e+00,-1.500000000000000000e+00
0.000000000000000000e+00,-1.500000000000000000e+00
0.000000000000000000e+00,-1.500000000000000000e+00
0.000000000000000000e+00,-1.500000000000000000e+00
-1.000000000000000000e+00,0.000000000000000000e+00
-1.000000000000000000e+00,0.000000000000000000e+00
-1.000000000000000000e+00,0.000000000000000000e+00
-1.000000000000000000e+00,0.000000000000000000e+00
-1.000000000000000000e+00,0.000000000000000000e+00
-1.000000000000000000e+00,0.000000000000000000e+00
-1.000000000000000000e+00,0.000000000000000000e+00
-1.000000000000000000e+00,0.000000000000000000e+00
-1.000000000000000000e+00,0.000000000000000000e+00
-1.000000000000000000e+00,0.000000000000000000e+00
0.000000000000000000e+00,-1.500000000000000000e+00
0.000000000000000000e+00,-1.500000000000000000e+00
0.000000000000000000e+00,-1.500000000000000000e+00
0.000000000000000000e+00,-1.500000000000000000e+00
0.000000000000000000e+00,-1.500000000000000000e+00
0.000000000000000000e+00,-1.500000000000000000e+00
0.000000000000000000e+00,-1.500000000000000000e+00
0.000000000000000000e+00,-1.500000000000000000e+00
0.000000000000000000e+00,-1.500000000000000000e+00
0.000000000000000000e+00,-1.500000000000000000e+00
0.000000000000000000e+00,-1.500000000000000000e+00
0.000000000000000000e+00,-1.500000000000000000e+00
0.000000000000000000e+00,-1.500000000000000000e+00
0.000000000000000000e+00,-1.500000000000000000e+00
0.000000000000000000e+00,-1.500000000000000000e+00
0.000000000000000000e+00,-1.500000000000000000e+00
0.000000000000000000e+00,-1.500000000000000000e+00
0.000000000000000000e+00,-1.500000000000000000e+00
0.000000000000000000e+00,-1.500000000000000000e+00
0.000000000000000000e+00,-1.500000000000000000e+00
0.000000000000000000e+00,-1.500000000000000000e+00
0.000000000000000000e+00,-1.500000000000000000e+00
0.000000000000000000e+00,-1.500000000000000000e+00
0.000000000000000000e+00,-1.500000000000000000e+00
0.000000000000000000e+00,-1.500000000000000000e+00
0.000000000000000000e+00,-1.500000000000000000e+00
0.000000000000000000e+00,-1.500000000000000000e+00
0.000000000000000000e+00,-1.500000000000000000e+00
0.000000000000000000e+00,-1.500000000000000000e+00
0.000000000000000000e+00,-1.500000000000000000e+00
0.000000000000000000e+00,-1.500000000000000000e+00
0.000000000000000000e+00,-1.500000000000000000e+00
0.000000000000000000e+00,-1.500000000000000000e+00
0.000000000000000000e+00,-1.500000000000000000e+00
0.000000000000000000e+00,-1.500000000000000000e+00
0.000000000000000000e+00,-1.500000000000000000e+00
0.000000000000000000e+00,-1.500000000000000000e+00
0.000000000000000000e+00,-1.500000000000000000e+00
0.000000000000000000e+00,-1.500000000000000000e+00
3.032218534926145459e-01,1.764322844369931698e+00
3.069214200360249056e-01,1.615669656127126874e+00
3.103942495689396286e-01,1.472198548744485969e+00
3.136231006205410510e-01,1.333691780395000137e+00
3.166114882096773275e-01,1.200241224716287913e+00
3.193732721974804067e-01,1.072294733245600096e+00
8.815518319606781006e-01,9.469612444168431509e-01
8.840504050254821555e-01,9.247649618640094715e-01
8.819901525974274126e-01,1.471310032757135566e+00
8.892667472362518755e-01,1.407721360902285390e+00
8.981595098972320335e-01,1.015498652143548952e+00
9.069031715393066628e-01,1.017498145167602175e+00
8.952712357044220193e-01,8.818973893775492456e-01
8.950278818607330100e-01,1.272777864946885273e+00
8.819996416568756104e-01,4.033032482048231060e-01
8.745619177818299006e-01,1.671907981335447602e-01
8.412151932716369629e-01,-1.545627956465533970e-01
8.686251640319824219e-01,1.684997001974264386e-01
8.756084263324738215e-01,-5.368638769582534387e-01
8.989836692810059260e-01,-1.666798581948453428e+00
8.891668498516083208e-01,-2.716078891565061326e+00
8.747854351997376154e-01,-2.841958942928756837e+00
7.470664739608765537e-01,-1.485087584567470254e+00
7.413100242614746316e-01,-1.587913264149757531e+00
7.473976016044616699e-01,-1.621357397163567748e+00
7.002689361572265181e-01,-1.485511526523497272e+00
7.350188851356507236e-01,-1.614412445204156388e+00
7.517142415046691450e-01,-1.513986793912680984e+00
7.294309496879578525e-01,-1.396510867517380738e+00
7.032229781150818315e-01,-1.453234451036603314e+00
7.127766847610473855e-01,-1.410533908684761251e+00
7.024025082588196689e-01,-1.624474044653017035e+00
7.227557539939880593e-01,-1.771487714876766484e+00
7.008579492568969282e-01,-1.788201027281885347e+00
9.295945763587951660e-01,-1.570796326794896558e+00
8.337715864181518555e-01,-1.348822546935983580e+00
8.197529017925262451e-01,-1.019559806358352194e-01
8.242316544055938721e-01,-8.667089759648799463e-01
8.047698140144348145e-01,6.230506305939162992e-01
8.343524932861328125e-01,1.143865991935648641e+00
8.219215869903564453e-01,1.485284949771380258e+00
7.888648211956024170e-01,1.571476431558275433e+00
8.013363778591156006e-01,1.495159014825823363e+00
7.972645163536071777e-01,1.507901429209957733e+00
7.780400216579437256e-01,1.543536147459007246e+00
7.652489840984344482e-01,1.195301348961868459e+00
7.612283527851104736e-01,1.066353148768887316e+00
7.661169171333312988e-01,1.037332599146509882e+00
7.637881934642791748e-01,1.022288370939733237e+00
7.603136301040649414e-01,1.018961063246869525e+00
7.615846395492553711e-01,9.573300332556606840e-01
7.753015458583831787e-01,7.720129545126281911e-01
7.943390011787414551e-01,6.183978489011687785e-01
8.068068027496337891e-01,5.173395147987718268e-01
8.179569542407989502e-01,6.452567439562426621e-01
8.197550177574157715e-01,9.686722594877670289e-01
8.118188083171844482e-01,8.806401692835716943e-01
8.131949901580810547e-01,1.015963228112145789e+00
7.987240254878997803e-01,1.143359003046097833e+00
7.582405805587768555e-01,1.201255168070903601e+00
7.237465679645538330e-01,1.035906570009529570e+00
7.309464067220687866e-01,7.928164922406208959e-01
8.586008906364441806e-01,2.349684060012509512e+00
8.869773089885711892e-01,1.248934874990649924e+00
8.906868934631347878e-01,8.777759395311912627e-01
8.880933642387390803e-01,1.167194221981495694e+00
8.805047512054443581e-01,1.537130766500608203e+00
8.944673001766204612e-01,5.957043614548984678e-01
8.929285168647765891e-01,8.029498097853995375e-01
8.955806553363799827e-01,6.253806728838160467e-01
8.796665549278259721e-01,8.280717412432534452e-01
8.835495829582215022e-01,5.329040268946036996e-01
8.902299106121063232e-01,4.491260556515390689e-01
8.849147915840148704e-01,1.195969469500341553e+00
8.929840266704559548e-01,1.182472236200684534e+00
9.127875447273254839e-01,1.077612515320984343e+00
9.120988726615906206e-01,6.856560810593634869e-01
9.001506805419922097e-01,8.390268208348623524e-01
8.859317898750305176e-01,1.412959590707011159e+00
8.821444392204285112e-01,1.532173416967101964e+00
8.728739619255065918e-01,8.702127700948265598e-01
8.552576720714569758e-01,7.656571489220995730e-01
8.425181746482849343e-01,2.103713835942518706e+00
8.890023171901703103e-01,-8.178772854261060488e-01
8.981505334377288818e-01,-1.549467028012559977e+00
8.933708906173706277e-01,-1.492096670855476592e+00
8.976690173149108887e-01,2.346983115324463576e-01
8.772933363914490190e-01,-2.364789239238141327e+00
6.728896975517273393e-01,-1.685370947242015527e+00
6.682731688022613969e-01,-1.814656484640731149e+00
5.957751512527466042e-01,-2.175009956066383587e+00
6.083243131637573464e-01,-2.121050515296230454e+00
5.964001059532165749e-01,-2.379487329324018408e+00
5.390320360660553201e-01,-2.928542533574274298e+00
6.132690191268921343e-01,-2.377932750649576654e+00
6.231963753700255904e-01,-2.130359730125251261e+00
6.959299802780152255e-01,-1.975351645622058339e+00
7.543689846992492898e-01,-1.566205619642088376e+00
7.456020951271057351e-01,-1.602995130312877547e+00
7.938326835632324441e-01,-1.598192826689084134e+00
6.563678264617920366e-01,-1.695120582336308468e+00
7.016856074333190918e-01,-1.362853546377715164e+00
6.282286107540130393e-01,-1.545442388233015718e+00
6.496219992637634055e-01,-1.653598239095474431e+00
8.193512976169586848e-01,-3.141592653589793116e+00
8.533864974975586826e-01,-3.141592653589793116e+00
8.917400360107422541e-01,-3.141592653589793116e+00
9.004531383514404741e-01,-1.028244437090938046e+00
9.205227136611938699e-01,-1.023557668885373140e+00
8.912511825561523215e-01,-1.165036499737989395e+00
9.029073119163513184e-01,-8.932653629678504181e-01
8.934012472629547785e-01,-9.012101550660456262e-01
8.954905867576599121e-01,-3.959997993925790105e-01
8.986671507358551247e-01,-6.397847749524840921e-01
8.925435423851013628e-01,-4.101177780916316351e-01
9.156940698623657893e-01,9.273842640198859399e-02
9.232957601547241433e-01,4.341086983240423081e-01
9.290194869041442649e-01,1.216864714636887612e+00
9.049335956573486550e-01,7.003202782591806397e-01
8.947475433349609819e-01,1.118308321550376405e+00
8.603669583797455278e-01,3.511640052189282102e-01
8.723461270332336648e-01,5.901047323678709766e-01
8.691910743713379128e-01,2.775793662719254762e-01
8.833566546440124734e-01,8.086969946415747401e-01
9.095676064491272639e-01,-1.874042532250839166e-01
8.688842475414276789e-01,5.381883210638096493e-01
8.852061331272125244e-01,1.236754033895440585e+00
9.070671439170837624e-01,1.220761834773298027e+00
8.965310573577881526e-01,2.318636678353014346e-01
8.958570957183837891e-01,2.066080373683472082e-01
7.147263884544372559e-01,2.694542771276349669e+00
7.613168954849243164e-01,3.141592653589793116e+00
7.417479902505874634e-01,8.693881056185266409e-01
7.391099184751510620e-01,8.520341989415136652e-01
7.313169389963150024e-01,1.065037786458767233e+00
7.468294799327850342e-01,1.071465450585349810e+00
7.639653086662292480e-01,8.497843479690470048e-01
7.748272120952606201e-01,7.838208802344164283e-01
7.822429239749908447e-01,7.607211462892058407e-01
7.718296349048614502e-01,1.106534475968163456e+00
7.522652447223663330e-01,1.287139085960813834e+00
7.461438328027725220e-01,1.173592955440142749e+00
7.516752779483795166e-01,1.263799901584389040e+00
7.762623131275177002e-01,1.257125062819133721e+00
7.967225909233093262e-01,9.112813980708844852e-01
7.756331562995910645e-01,9.441648940633409204e-01
7.611062526702880859e-01,1.164883139109903709e+00
7.530414760112762451e-01,9.079855489683974490e-01
7.837777435779571533e-01,1.467820376267507942e-01
8.207502365112304688e-01,4.065058450572656135e-02
8.637853264808654785e-01,1.139882267048945241e+00
8.055795729160308838e-01,1.247369529239144903e+00
8.060650825500488281e-01,7.603919546113369066e-01
8.151549696922302246e-01,1.014480461160379043e+00
8.141014873981475830e-01,9.836423353029415395e-01
7.910239398479461670e-01,1.078457403176811713e+00
7.636882364749908447e-01,1.199781389287815969e+00
7.361017465591430664e-01,1.101035963778774551e+00
7.294927984476089478e-01,8.964163714771458125e-01
8.693210363388061968e-01,2.763143938824622836e+00
8.906019866466522439e-01,1.388513269928196792e+00
8.899663925170898660e-01,1.025542930642351358e+00
8.910162150859832764e-01,8.208437555972101229e-01
8.801022231578827792e-01,1.718157352287387418e+00
8.919166862964630349e-01,9.759128847460152301e-01
8.942835271358490212e-01,8.993344366148425806e-01
9.022274136543274592e-01,2.101422601943427892e-01
8.854434490203857422e-01,4.769901275705494825e-01
8.891533493995666948e-01,9.901651242147098131e-01
8.972004830837250200e-01,7.624229062257663614e-01
8.983465433120727539e-01,1.331505435574500851e+00
9.200929760932922141e-01,1.451350306177264571e+00
9.250246524810791238e-01,1.411497515268557379e+00
8.947231888771057795e-01,7.660279108801093528e-01
8.865754306316375732e-01,9.566639725058427857e-01
8.594774246215820535e-01,1.868037312052170940e-01
8.747720062732696755e-01,7.361287677693577614e-01
8.829101383686065452e-01,4.346476139377548620e-01
8.860332489013672541e-01,1.022635632581716969e+00
9.034828543663024902e-01,-1.137982673774691200e-01
8.651229977607727273e-01,7.527508877130872911e-01
8.984752416610718440e-01,1.091629189868883465e+00
9.046992540359497514e-01,1.217832440797995019e+00
8.962199568748474565e-01,4.720065625450629021e-01
8.958709657192230891e-01,-4.885444184074216878e-03
8.971682190895080566e-01,-1.784338736299106998e-02
8.983165144920349787e-01,-2.407589587713023782e-01
9.005730628967285600e-01,-4.040717366268791189e-01
9.004558563232422097e-01,-4.019291819180184078e-01
8.998888492584228294e-01,-4.276169934956217666e-01
8.983419835567474365e-01,-5.506343131350504017e-01
8.990972042083740234e-01,-6.907501256581967120e-01
8.975196540355682151e-01,-1.367811644925278181e+00
8.971958518028259055e-01,-8.008499488777642838e-01
8.983786821365357111e-01,-1.024425776176955072e+00
9.020648002624511719e-01,-5.428003751172303382e-01
8.936165392398834895e-01,-6.994555415308534307e-01
8.826839327812194824e-01,-9.535581857202135581e-01
8.851427555084229182e-01,-1.047397475531867794e+00
8.753854513168335405e-01,-8.043834226897028650e-01
8.854170501232146995e-01,-7.024903592346207759e-01
8.958162784576416682e-01,-1.984885377414542518e-01
8.843679130077362061e-01,-7.155969817037695080e-01
8.903614401817322443e-01,-1.014786714282767122e-01
8.959458112716675027e-01,-3.506544884069362489e-01
8.840602517127991167e-01,-7.975089716783676508e-01
9.046578288078308550e-01,-2.933970451188829820e-01
8.874289989471435547e-01,-7.218224120350740236e-01
8.777553021907806841e-01,-6.043086604299161557e-01
9.002830266952515093e-01,7.015190752567423971e-02
8.871202588081360529e-01,-4.376459172062641123e-01
8.941972553730010986e-01,-3.182603794737008940e-01
8.950913608074188010e-01,-3.841159423708049303e-01
8.827574551105499268e-01,-6.946386321329565128e-01
9.002685785293579324e-01,1.410726779804329922e-01
8.948301136493682639e-01,-2.738376665522563869e-01
8.814132153987884744e-01,-4.600502384133138278e-01
9.034249901771546076e-01,3.169587802968707457e-01
8.901667237281799538e-01,-1.352659465067596045e-01
8.906238615512848122e-01,1.895417520890627650e-01
9.055249929428100808e-01,4.841844075840464612e-01
8.957176506519317627e-01,3.398479008520451927e-01
9.074883580207825373e-01,9.241646270976566768e-01
8.981158018112183061e-01,8.494605866430884333e-01
8.932773947715759721e-01,6.882124660344874911e-01
8.865941166877746582e-01,4.878474608277745261e-01
8.858394265174865945e-01,3.845719046777507089e-01
8.850981593132019043e-01,9.464983537298738980e-01
8.857051074504852517e-01,9.453976775737222837e-01
9.135946273803711160e-01,-1.003791187932101536e-02
8.889311313629150169e-01,1.707115387065227807e-02
8.782801091670990878e-01,9.044209910731098034e-01
9.102553367614746316e-01,1.000243482853086618e+00
8.953474938869476762e-01,-5.833939409279009780e-02
8.936060011386871560e-01,7.164469254044814051e-02
8.915245294570922630e-01,-2.486741648142620775e-01
8.916195511817932573e-01,-1.886333852919399590e-01
8.898434817790985552e-01,-1.246190861994351806e-01
8.923162519931793213e-01,-3.293375483565332829e-01
8.930288076400757502e-01,-4.843409515218728423e-01
8.913174569606781006e-01,-4.866475403091254925e-01
8.916712105274200439e-01,-5.859128752001940832e-01
8.902467548847198264e-01,-8.090868564580269151e-01
8.912714600563049760e-01,-7.667836660632030288e-01
8.922783493995666282e-01,-7.862878048431567457e-01
8.923444330692291704e-01,-5.422049089422453783e-01
8.892249584197998713e-01,-6.138687013411363580e-01
8.878237009048461914e-01,-6.917856375914253064e-01
8.904117166996002863e-01,-1.084164890287987681e+00
8.797944903373718928e-01,-7.304692175578031410e-01
8.938304305076599787e-01,-1.655047674921723555e-01
8.990613520145416260e-01,-3.670075250508375575e-02
8.899154543876648393e-01,-6.016923543302654664e-02
8.979792654514312522e-01,4.840106363229188524e-01
8.984714269638062190e-01,9.777891649577608035e-02
8.956129193305969460e-01,-2.166071877702400172e-01
9.113933920860290971e-01,2.606464054947132958e-01
8.939783573150634766e-01,-2.137128102020824372e-01
8.935857057571411355e-01,-1.714981907194497168e-01
9.081945061683655007e-01,3.877319949824822309e-01
8.935213387012481689e-01,1.493758733047023668e-02
9.006171941757202815e-01,1.299086234670370210e-01
8.986745655536652055e-01,-3.184208557353240820e-02
8.878831505775451882e-01,-4.705212676708550035e-01
9.049012660980224609e-01,2.057253243026622158e-01
8.968473613262176736e-01,-2.261664796674032196e-01
8.894883990287780762e-01,-4.477106063381079970e-01
9.083331346511841486e-01,1.744895656079350488e-01
8.952874243259429932e-01,-2.671757482794769878e-01
8.970965743064880371e-01,-6.028177479502838665e-02
9.245340704917908159e-01,5.127915014471891020e-01
9.203840970993042436e-01,4.656785172880062440e-01
9.283342003822326882e-01,1.151781759739150424e+00
8.975918292999267578e-01,7.500776565451361400e-01
8.915418922901153786e-01,7.723585776863637342e-01
8.547422409057617854e-01,2.397129606412815583e-01
8.719397068023682085e-01,1.158144259642810425e-01
8.667983174324036533e-01,3.831038371268449261e-01
8.783556342124939631e-01,6.963377705203193102e-01
9.121669054031372736e-01,-1.216835128581652548e-01
8.789492309093476230e-01,2.100845861119857716e-01
8.799654603004456455e-01,1.088121182534868225e+00
9.211037755012512207e-01,1.720930576831892544e+00
8.982897460460662620e-01,3.927751066254674406e-01
8.980386495590210183e-01,4.346648412610565337e-01
8.974377989768982378e-01,-2.045815798382570883e-01
8.978844106197357844e-01,-2.071102512932871953e-01
8.991160154342651145e-01,-3.382006316881009944e-01
8.999832868576049805e-01,-4.950567211224030650e-01
9.001371741294861284e-01,-5.743325561248506794e-01
8.998516321182251643e-01,-6.063896087326230422e-01
9.005364179611206055e-01,-6.921541525072649748e-01
9.000247955322265847e-01,-1.128603894265162833e+00
9.006522774696350542e-01,-1.113872285800253437e+00
8.994031071662903498e-01,-1.200974006919413251e+00
9.020583391189574973e-01,-7.453444494680625532e-01
8.965214610099793147e-01,-5.854958616241905389e-01
8.872110784053802712e-01,-6.923812910199242943e-01
8.908551454544068049e-01,-9.241893445615243508e-01
8.773223161697387695e-01,-7.939301825160054449e-01
8.799353718757629839e-01,-5.991561927346698013e-01
8.982640206813812256e-01,-1.783973591946521609e-01
8.885833561420440896e-01,-2.304723742251950647e-01
8.881758928298950639e-01,1.958731679093741462e-01
9.002531409263611062e-01,-4.586681202254005996e-02
8.898140728473663552e-01,-6.370113631544644939e-01
9.053505063056945801e-01,-1.774818767639914086e-01
8.920873224735260676e-01,-4.096213690256300666e-01
8.778213977813721369e-01,-7.304459981220490228e-01
9.060061693191528986e-01,3.599491910886110091e-01
8.907608866691589800e-01,-6.679314124243429518e-02
8.958349227905273438e-01,1.439279195641343101e-01
9.006524682044982910e-01,2.106242507397548813e-01
8.862386822700500932e-01,-2.785508375033161066e-01
9.029018521308899148e-01,5.226781124870800710e-01
8.990021586418152078e-01,2.893018107645057846e-01
8.849595308303833674e-01,-1.203000838956533869e-01
9.063864827156067339e-01,7.571648275485411972e-01
8.935547471046447754e-01,6.281681286953944010e-02
8.894834756851196511e-01,1.057723945076487482e-01
9.078964233398437722e-01,7.060659650872422866e-01
8.908021807670593040e-01,5.079064317701442732e-02
8.947718143463134766e-01,9.122298371200345812e-01
9.062006831169128196e-01,6.414215579196360650e-01
8.883856117725372759e-01,1.126723119969077480e-01
8.985249519348145197e-01,9.601775974452815277e-01
9.045379400253296120e-01,5.130824934081723576e-01
8.898523628711700884e-01,4.529314215660180665e-01
9.052508354187012163e-01,8.780467081126470674e-01
9.043680787086486594e-01,5.743510942227514349e-01
8.989638507366181086e-01,2.270737229434418580e-01
9.118824362754821555e-01,6.674629041319475320e-01
8.992734551429748535e-01,3.139361340715227655e-01
8.968499302864074707e-01,4.453581404398891941e-01
9.099761128425598589e-01,8.482539249979303975e-01
8.975546240806580034e-01,4.526621510126758174e-01
9.020558834075927956e-01,5.991685514666031942e-01
9.029745697975158913e-01,5.199378445610647326e-01
8.904797434806823730e-01,2.367015496267823593e-01
9.078697919845580833e-01,9.224284125144937008e-01
8.994545698165893333e-01,5.967675869082205153e-01
8.910475254058838335e-01,5.303169323431600191e-01
9.098539590835571511e-01,1.167053032831829817e+00
8.966078162193298340e-01,3.759780918995252463e-01
8.981977343559265359e-01,5.332066285734642364e-01
9.111828088760376421e-01,9.708476771883605139e-01
8.921775221824645996e-01,4.640404235462551874e-01
8.959128201007843240e-01,1.003006970214856075e+00
9.088809013366699885e-01,1.067515805838221254e+00
8.995583415031432883e-01,4.983677377595361335e-01
8.939876914024352805e-01,9.732669925911290321e-01
9.039348840713501421e-01,1.012310473811695921e+00
9.040687084197998047e-01,6.084402219660378641e-01
8.957307100296020286e-01,9.466114548524178218e-01
8.991369485855102983e-01,1.417739049402078955e+00
8.945463359355926292e-01,1.076782982253316590e+00
8.831800460815429910e-01,1.112169027835579804e+00
8.804225981235505039e-01,1.089493376286531756e+00
8.776064157485962136e-01,1.129943505905364631e+00
8.761940836906433328e-01,1.229207717275348166e+00
8.082028329372406006e-01,3.542729285009187379e-01
8.114649057388305664e-01,7.533752845560077738e-01
8.056389689445495605e-01,1.011001478121056785e+00
7.985092401504516602e-01,1.087013016238151053e+00
7.895307838916778564e-01,1.187581916467948417e+00
7.854844629764556885e-01,1.305713417416274336e+00
7.888847291469573975e-01,1.417775938344365105e+00
7.851042151451110840e-01,1.526632772737030130e+00
7.735288143157958984e-01,1.507508196830250835e+00
7.730579674243927002e-01,1.380877258874829039e+00
7.676444053649902344e-01,1.328270631117624667e+00
7.678326666355133057e-01,1.153347948131469458e+00
7.647339105606079102e-01,9.568573117591983035e-01
7.602029144763946533e-01,8.611057890610833709e-01
7.634290754795074463e-01,7.666692073526815143e-01
7.729088664054870605e-01,7.695590440231212526e-01
7.828690111637115479e-01,8.238175286553657273e-01
7.940900027751922607e-01,8.257497040410832767e-01
7.987184226512908936e-01,7.161898263295563005e-01
8.080621659755706787e-01,3.817122626364672922e-01
8.078013360500335693e-01,6.271988108794186445e-01
8.072996437549591064e-01,7.331926326675453076e-01
8.138467669486999512e-01,5.870789964595393151e-01
8.220702409744262695e-01,8.302772131328670646e-01
8.123891055583953857e-01,1.065999801387693235e+00
8.063835203647613525e-01,1.218427345212437896e+00
7.787147164344787598e-01,1.238800714805058156e+00
7.279839366674423218e-01,9.539136865168202917e-01
7.227589190006256104e-01,8.600044575176326589e-01
8.631055533885956255e-01,2.480686244002160201e+00
8.880253672599792703e-01,7.701572253740609497e-01
8.817372143268585871e-01,7.318927187723422989e-01
8.634441316127777766e-01,1.021645061491883943e+00
8.759582042694091797e-01,1.149531347006141679e+00
8.791876435279846191e-01,1.305658084002843999e+00
8.883878171443939653e-01,1.112495597964250571e+00
8.926738202571868896e-01,7.007655671158201649e-01
8.867457270622253196e-01,9.408212016879895501e-01
8.800606250762940119e-01,1.518043266789629975e+00
8.965225696563721147e-01,4.204916227753310309e-01
8.930439829826355425e-01,4.488343146764992575e-01
8.932905495166778564e-01,1.114951240548763600e+00
9.133411884307861550e-01,1.276719551419662757e+00
8.988800585269928201e-01,7.658867217304430319e-01
8.958351910114288330e-01,8.467248128014124298e-01
8.894867539405822976e-01,4.856393673889622953e-01
8.852713942527771218e-01,2.109459522770582574e-01
8.871070325374603716e-01,7.466718896298449870e-01
8.897122204303741233e-01,6.040723464950636945e-01
9.068890690803528276e-01,2.499752022305496979e-01
8.897994220256805198e-01,3.243215884730989984e-01
8.813090980052947776e-01,1.065095741421395736e+00
9.151128888130187766e-01,1.183374798138868478e+00
9.020424842834472434e-01,1.176191753336222057e-01
8.996346116065979670e-01,2.165208639002185187e-01
8.955327689647675227e-01,-2.002901038010547197e-01
8.952277719974518488e-01,-1.761248505469739101e-01
8.956006050109863725e-01,-2.284575264129822258e-01
8.957941234111785889e-01,-3.038148943784064748e-01
8.952603876590728982e-01,-3.321349286043631110e-01
8.955831289291381614e-01,-2.991389868766618498e-01
8.977721214294434038e-01,-3.323435290191221192e-01
8.958146035671233909e-01,-4.563338179180544962e-01
8.924340486526489702e-01,-5.616689754701718051e-01
8.918009936809540017e-01,-6.262060863741725214e-01
8.955374717712402122e-01,-4.532402026108450777e-01
8.942227959632873535e-01,-6.282037068630841326e-01
8.849193871021271418e-01,-9.102533762782218929e-01
8.952988922595978005e-01,-7.897364528131873840e-01
8.891936719417572466e-01,-8.248899295308809165e-01
8.784299552440644199e-01,-9.570205031967766729e-01
9.048465967178345171e-01,-3.239319139101608513e-01
8.881000936031341331e-01,-6.144961878670400779e-01
8.857068836688996027e-01,-4.688524643527842706e-01
8.989073455333710383e-01,-2.899600068667296249e-01
8.819362223148345947e-01,-7.925695984822191953e-01
8.949197411537170854e-01,-2.548709453579021122e-01
8.927541851997375932e-01,-2.311015460327263682e-01
8.770120859146118830e-01,-8.222618264598393623e-01
8.995724141597748469e-01,-2.141659637063160204e-01
8.897740006446838157e-01,-5.587646734657640835e-01
8.864773571491241233e-01,-6.128541618014922143e-01
8.968309938907623735e-01,-3.881664231353014749e-01
8.852128505706787776e-01,-7.355138272289014623e-01
8.927933335304260032e-01,-5.088936322967221315e-01
8.969949007034302424e-01,-3.298998706595144270e-01
8.816554307937621848e-01,-8.057001894011790455e-01
9.022219061851501909e-01,-1.599077599543425876e-01
8.946098208427429865e-01,-5.030372786417998121e-01
8.867571413516998069e-01,-6.932619442969536472e-01
9.065843820571899414e-01,-1.642630894398688923e-01
8.942496836185455100e-01,-4.795240421239759243e-01
8.967770338058471680e-01,-6.206068317941726420e-02
8.998861670494079368e-01,4.070352107417569698e-01
8.921782851219177690e-01,-4.826612874999813840e-01
9.050721406936645952e-01,-1.248353640082742189e-01
9.069315791130065918e-01,-2.120348314618181185e-01
8.961511671543122004e-01,-2.008430634283282501e-01
9.038752079010009544e-01,3.932211444961630775e-02
8.921927154064178689e-01,2.061417761181232322e-01
8.898101329803467241e-01,2.081611180146758500e-01
9.037592291831970659e-01,1.182427295357291186e-01
9.002596259117127131e-01,-3.028808738498454112e-01
8.998997628688812922e-01,-7.537740409143811604e-02
9.083285927772521973e-01,-2.288799703408939124e-02
0.000000000000000000e+00,3.000000000000000000e+00
0.000000000000000000e+00,3.000000000000000000e+00
0.000000000000000000e+00,3.000000000000000000e+00
0.000000000000000000e+00,3.000000000000000000e+00
0.000000000000000000e+00,3.000000000000000000e+00
0.000000000000000000e+00,3.000000000000000000e+00
0.000000000000000000e+00,3.000000000000000000e+00
0.000000000000000000e+00,1.199999999999999956e+00
1.000000000000000000e+00,0.000000000000000000e+00
1.000000000000000000e+00,0.000000000000000000e+00
1.000000000000000000e+00,0.000000000000000000e+00
1.000000000000000000e+00,0.000000000000000000e+00
1.000000000000000000e+00,0.000000000000000000e+00
1.000000000000000000e+00,0.000000000000000000e+00
1.000000000000000000e+00,0.000000000000000000e+00
1.000000000000000000e+00,0.000000000000000000e+00
1.000000000000000000e+00,0.000000000000000000e+00
1.000000000000000000e+00,0.000000000000000000e+00
1.000000000000000000e+00,0.000000000000000000e+00
1.000000000000000000e+00,0.000000000000000000e+00
1.000000000000000000e+00,0.000000000000000000e+00
1.000000000000000000e+00,0.000000000000000000e+00
